burnAlone/geresAspect_100.grass
north: 41:54:44.0712N
south: 41:53:06.836388N
east: 8:12:49.672656W
west: 8:14:59.8488W
rows: 100
cols: 100
[rows 33 to 65 of 100, columns 0 to 73 of 100]
0 187.9 190.61 190.22 189.91 195.92 200.81 201.17 200.46 212.1 221.27 215.99 215.8 231.26 247.32 233.21 219.91 207.92 207.84 227.76 259.92 269.54 264.65 255.47 233.3 223.8 214.69 195.38 174.31 168.87 205.32 255.87 291.39 321.14 323.46 275.43 240.13 243.35 261.53 258.44 243.3 227.34 194.81 178.5 167.64 155.48 152.97 181.42 204.4 224.04 255.04 283.08 300.92 309.29 314.51 322.59 317.69 310.07 314.17 299.82 285.75 311.65 328.19 342.23 354.81 358.67 359.17 12.11 31.72 30.47 24.01 14.61 9.44 10.45
0 190.62 203.54 210.98 215.53 218.54 210.86 205.03 203.13 210.43 215.3 212.59 226.91 241.66 237.25 217.46 209.59 212.41 221.33 246.38 268.23 263.62 240.93 206.33 187.78 191.51 193.4 192.83 195.59 209.83 257.92 283.91 300.1 314.88 328.41 295.41 224.89 229.68 257.27 256.7 233.7 207.12 182.62 167.12 161.83 161.24 161.81 167.16 178.92 192.86 262.45 300.7 311.61 317.24 323.03 331.75 326.92 319.36 321.77 305.33 289.52 299.83 318.88 338.97 355.9 5.23 13.98 34.53 46.31 27.07 12.04 8.53 10.72 12.25
0 202.97 221.38 230.22 233.19 226.54 218.58 220.01 221.93 223.07 223.34 221.74 241.57 247.34 233.15 226.61 225.51 228.69 235.85 255.5 263.96 258.42 241.69 211.73 191.33 181.75 190.5 210.61 224.21 243.86 269.42 285.93 298.08 304.07 323.65 312.3 208.98 212.18 248.61 234.34 189.08 177.38 169.12 165.35 165.11 155.67 141.14 136.26 142.54 139.62 1.11 331.75 322.65 327.62 336.07 339.31 333.63 331.55 337.87 331.11 316.51 303.93 310.77 327.64 344.77 2.27 21.23 39.69 28.13 8.81 7.07 10.02 10.62 9.02
0 226.1 228.71 229.69 235.46 228.91 228.66 231.64 233.08 236.08 237.33 236.19 246.1 247.15 229.97 226.65 232.1 235.71 243.72 259.22 261.64 258.78 233.57 214.15 213.66 216.34 227.73 238.57 242.02 255.19 271.18 280.39 284.39 282.95 299.1 305.9 197.74 214.08 227.21 170.63 155.9 159.04 161.41 170.28 175.34 160.72 136.26 126.1 130.6 108.01 354.18 337.86 320.72 322.44 341.67 348.86 342.88 329.4 333.84 336.88 335.19 320.25 310.79 317.31 324.79 338.41 357.47 5.5 350.15 351.99 5.71 10.22 6.8 0.99
0 237.67 227.65 225.39 233.31 234.48 235.17 230.5 230.67 236.91 238.39 238.47 241.7 240.51 227.83 226.48 234 235.91 243 261.65 262.69 250.11 231.57 226.46 228.87 235.74 247.96 252.18 247.76 255.02 272.45 279.1 274.15 262.05 254.51 231.3 192.8 188.32 175.15 159.67 155.39 157.53 157.6 157.09 166.13 164.27 148.3 129.07 119.6 37.14 348.93 340.37 325.69 318.4 341.25 354.04 351.39 335.27 328.15 331.37 330.29 315.88 301.63 300.03 297.96 297.94 294.22 306.75 324.89 329.86 335.5 348.66 350.14 344.79
0 241.95 229.7 225.01 227.18 231.97 227.06 215.67 218.11 229.61 232.43 234.09 235.48 234.93 232.36 230.81 229.22 227.45 237.11 263.95 274.19 256.79 245.61 235.66 232.6 241.39 253.77 256.52 247.39 246.45 259.74 269.68 260.63 231.24 214.05 198.09 172.55 154.66 145.4 147.63 152.67 154.86 150.38 150.99 170.77 180.93 183.06 173.01 140.16 351.81 339.24 330.34 312.84 298.83 311.33 330.59 335.62 328.51 319.72 324.91 331.49 323.06 306.42 297 290.02 285.01 288.06 295.21 307.3 317.82 319.52 329.69 338.08 333.82
0 248.38 231.18 224.02 224.54 226.54 221.92 212.96 217.91 224.37 225.3 231.66 231.31 229.57 229.21 227.19 222.24 226.78 248.11 270.62 281.58 268.39 250.72 238.88 235.62 241.5 256.91 258.2 243.89 236.21 232.96 232.67 206.99 161.66 152.35 147 141.71 143.32 141.01 138.83 143.86 152.71 163.07 198.8 198.46 195.99 203.8 221.22 263.82 320.56 329.94 322.14 306.96 292.24 291.21 307.26 318.37 319.74 313.9 320.51 340.9 345.79 333.69 314.49 300.56 285.5 290.09 296.82 298.82 306.68 315.88 327.31 340.38 338.51
0 256.86 226.37 222.95 227.74 228.86 224.93 216.64 220.34 219.47 223.27 232.96 224.55 219.79 220.5 220.71 220.03 234.38 262.29 276.38 280.84 268.53 247.52 237.84 236.19 239.7 251.34 250.1 233.37 221.65 216.41 210.75 179.08 150.23 141.35 134.69 129.31 138.42 145.56 145.27 144.12 139.91 121.89 187.43 197.29 196.97 209.66 236.02 282.66 317.96 325.97 320.11 311.36 298.76 289.69 296.69 307.34 314.04 310.84 308.47 330.03 353.21 354.48 341.22 325.29 303.04 294.29 300.21 299.74 295.36 304.19 325.84 346.05 344.45
0 263.33 226.06 221.01 225.36 222.74 209.34 198.62 203.43 211.13 224.05 229.47 216.25 213.22 215.63 217.28 222.78 243.61 270.6 282.01 280.49 257.76 229.51 216.34 212.57 216.96 221.19 214.92 200.99 192.07 188.67 182.98 178.79 181.64 173.57 160.3 149.36 149.53 155.91 159.26 155.75 135.73 84.69 60.16 188.98 205.96 213.99 238.65 308.23 327.16 327.54 321.58 319.21 310.18 295.13 289.43 297.57 307.11 304.98 297.74 301.6 342.15 3.51 3.82 352.24 339.97 324.36 318.02 308.76 296.48 300.27 325.67 350.1 351.46
0 266.26 234.46 217.28 211.83 201.76 193.76 195.9 199.38 197.83 202.82 207.98 211.15 214.2 213.41 215.77 230.63 253.13 270.69 279.98 273.74 222.78 189.8 173.53 161.67 158.11 162.96 159.22 151.8 153.94 156.4 161.31 174.74 197.45 198.5 197.84 191.67 182.72 173.61 166.54 162.59 146.01 83.96 48.57 46.12 205.24 209.6 256.34 313.77 332.63 339.18 339.66 338.87 328.9 307.29 287.66 290.51 303.97 305.26 296.93 285.97 314.55 359.42 10.11 9.12 10.62 357.4 339.07 320.3 307.37 305.55 321.39 345.26 356.03
0 264.47 230.58 210.63 198.57 191.29 198.42 211.73 208.53 194.57 187.04 197.93 220.62 221.53 220.51 227.74 245 260.91 262.71 255.45 218.68 168.64 159.66 154.11 146.13 135.32 130.33 128.31 129.61 135.77 138.49 138.24 131.96 150.55 179.9 191.04 191.8 190.19 185.17 177.33 171.11 159.12 100.83 46.37 38.74 156.75 209.28 277.21 315.65 338.94 351.46 354.52 350.28 342.82 324.37 296.61 287.48 296.29 300.96 296.35 276.56 286.56 336.43 358.83 11.54 15.72 0.93 353.2 342.07 328.16 321.07 328.89 346.88 2.93
0 247.18 208.61 195.17 190.74 194.4 206.91 212.24 204.62 196.01 192.29 219.47 252.34 238.3 236.09 238.77 243.73 247.28 233.61 205.5 175.41 158.71 155.35 152.14 145.64 136.23 127.5 121.24 120.99 126.84 125.07 113.99 105.24 107.9 123.59 146.7 168.04 179.44 182.82 181.5 176.51 166.51 126.41 56.33 46.75 70.41 138.46 307.82 317.08 335.65 346.2 348.63 350.64 350.12 342.91 321.44 297.29 290.12 289.8 287.37 269.16 271.54 308.54 332.75 349.43 357.35 359.63 3.21 2.42 346.21 336.99 346.4 0.69 17.57
0 208.15 186.56 183.59 184.37 186.75 191.62 193.96 193.19 192.61 197.53 258.56 282.34 252.83 238.1 224.86 207.6 178.12 144.45 143.33 154.77 156.24 155.1 149.72 142.34 137.43 132.91 126.69 119.13 121.18 119.1 106.66 101.43 101.94 104.12 109.19 134.85 158.49 167.56 173.14 172.13 164.2 137.02 77.43 53.03 50.33 28.89 344.99 327.37 331.95 341.12 349.48 359.33 5.35 9.37 0.97 336.13 302.78 290.67 285.59 269.2 269.71 291.29 310.42 320.76 334.66 352.78 5.06 11.42 7.71 1.92 3.06 10.62 25.84
0 198.53 188.7 187.51 188.33 187.45 186.12 193.38 201.61 208.41 220.66 259.01 293.15 217.7 173.54 162.48 159.77 154.33 135.66 125.7 141.9 150.03 149.45 142.1 136.42 134.65 134.47 133.35 123.01 121.22 121.57 109.96 105.59 105.39 99.35 88.28 108.33 138.92 148.96 160.42 165.47 167 155.01 92.07 41.08 24.96 12.24 3.32 355.26 347.95 351.97 1.31 10.9 16.68 19.61 15.49 10.61 356.87 324.86 302.04 275.26 273.7 285.59 301.69 312.08 320.48 337.42 353.5 4.78 11.89 15.26 9.99 9.72 20.62
0 213.75 208.48 205.16 204.16 207.55 221.33 234.09 230.07 223.9 224.57 232.36 191.04 137.14 134.77 136.87 143.65 152.23 149.35 135.49 139.67 144.55 145.71 141.79 138 141.08 144.87 140.76 127.04 122.85 124.84 118.36 116.48 114.64 100.32 79.04 96.81 127.53 137.43 150.92 158.49 168.64 173.1 121.78 7.12 4.6 6.79 9.86 6.04 2.5 6.61 13 14.92 13.78 12.36 12.07 17.41 24.04 15.8 358.33 314.66 291.27 295.46 307.05 315.12 318.99 324.94 328.05 333.18 338.68 336.05 337.07 347.48 7.58
0 228.54 224.99 219 217.17 225.38 241.77 249.26 237.12 220.42 214.94 209.69 175.98 148.38 141.09 142.55 143.31 146.94 148.78 141.69 139.12 140.83 146.33 149.47 149.54 157.67 164.2 156.9 137.24 126.97 124.43 126.3 134.91 133.7 111.7 82.03 92.47 119.37 132.01 143.67 149.04 161.73 183.52 266.79 340.29 355.19 0.53 1.38 2.15 5.59 8.83 8.81 6.67 6.78 7.42 6.37 10.97 24.91 31.83 30.24 23.67 1.68 343.98 344.15 344.75 342.67 339.52 330.65 322.51 322.86 319.91 318.94 324.56 353.49
0 226.88 222.27 217.04 219.49 228.63 236.05 236.26 220.26 203.8 200.4 191.85 174.31 161.93 157.62 158.88 149.66 140.25 141.71 144.35 143.93 143.19 149.75 159.61 164.33 162.29 165.87 166.17 156.57 142.37 125.34 126.71 145.09 149.52 133.51 96.47 93.19 117.72 130.67 135.86 137.82 161.02 209.66 275.84 324.05 340.34 341.07 338.88 346.69 349.69 345.73 343.21 346.35 353.47 359.12 2.18 7.68 21.2 32.59 34.55 39.09 44.96 43.17 29.69 16.05 7.93 3.58 2.08 357.53 352.26 349.65 349.93 345.45 341.92
0 206.13 200.55 200.34 205.17 206.87 201.63 190.6 172.9 165.77 162.53 161.24 161.96 157.31 150.99 153.7 149.93 143.21 146.16 153.24 156 154.08 154.54 160.12 167.54 166.09 164.09 164.59 165.37 157.47 129.91 118.98 133.44 142.53 141.15 115.23 99.93 122.55 133.08 130.92 120.98 107.45 237.41 278.5 326.96 339.83 341.22 334.29 329.38 327.6 324.77 324.94 329.84 337.23 346.1 355.85 10 25.45 34.16 36.69 43.13 47.91 43.32 23.18 7.32 0.37 4.04 15.53 27 27.69 27.76 26.44 14.33 338.83
0 169.1 173.18 173.25 172.84 168.78 160.99 150.24 145.67 144.9 142.18 144.42 148.66 144.53 136.16 139.86 144.43 148.34 154.83 160.35 164.35 165.15 161.64 154.49 155.28 163.14 166.65 164.94 163.86 161.32 138.97 118.87 123.67 132.39 134.49 119.7 108.21 126.13 136.04 132.51 106.02 55.21 53.41 332.62 341.73 354.88 359.47 348.01 331.26 326.85 329.23 331.96 336.94 342.18 348.01 354.84 7.67 26.95 38.95 37.07 33.43 27.96 17.01 359.72 347.09 335.56 332.73 351.01 11.15 17.4 16.62 5.34 340.25 326.27
0 168.41 166.78 161.23 156.31 151.48 145.76 138.57 137.11 140.02 143.64 146.57 145.5 139.87 131.59 130.64 136.19 148.47 155.57 156.18 159.3 164.83 167.18 159.5 149.47 153.09 160.03 158.4 153.81 159.25 156.22 136.69 127.46 137.47 139.24 124.65 117.8 131.15 142.58 145.66 158.75 85.79 49.88 10.74 351.2 1.01 3.48 357.56 351.76 354.45 4.6 8.69 8.3 8.45 9.41 12.3 23.68 40.87 41.69 27.09 12.47 3.73 356.23 345.49 334.4 321.63 303.7 299.27 316.17 323.79 332.79 329.29 315.29 311.9
0 198.21 183.25 172.35 162.35 153.55 147.24 140.96 134.76 132.77 142.3 151.47 151.27 145.76 136.41 129.19 132.58 147.18 153.11 151.62 150.01 154.43 162.64 163.22 154.96 150.31 152.08 150.12 144.08 152.54 176.31 181.19 169.9 167.99 173.68 173.33 165.75 172.83 214.86 264.35 258.43 215.4 7.74 7.35 3.16 2.99 6.31 11.31 22.54 38.17 38.08 29.79 26.74 26.62 25.94 32.07 50.55 56.35 38.74 15.06 359.92 347.72 334.91 331.85 328.05 317 294.14 283.64 295.95 304.82 312.34 314.16 308.6 305.01
0 202.81 189.99 179.87 172.83 167.75 161.68 154.62 146.91 139.02 143.4 153.3 158.07 158.82 155.74 152.13 151.71 154.26 157.53 156.83 150.76 147.45 154.07 162.14 162.77 158.38 159.79 165.89 168.88 168.93 191.51 208.97 212.5 208.07 215.45 224.86 225.83 243.63 267.72 269.36 252.67 227.64 264.47 354.43 8.84 12.12 16.17 24.84 38.42 48.17 36.89 24.82 24.43 27.06 28.37 34.82 44.9 38.54 17.83 2.63 350.44 336.88 324.07 325.67 328.5 319.4 297.65 284.63 289.55 303.92 311.71 313.97 311.47 305.93
0 190.95 180.01 170.62 172.48 177.18 175.66 175.8 180.11 173.93 160.3 156.82 160.74 168.76 179.41 189.28 178.71 172.42 171.04 170.02 167.1 164.86 169.21 175.64 176.32 175.38 184.21 203.62 216.94 221.11 223.32 220.16 217.22 219.99 236.03 240.46 239.33 253.93 272.37 265.15 240.82 222.84 241.13 328.24 357.86 16.16 23.96 28.25 32.79 29.37 13.84 6.4 8.29 12.83 12.9 9.29 356.07 337.48 335.79 338.25 339.47 336.87 329.89 333.72 338.5 329.61 309.78 295.17 293.1 299.83 307.62 316.19 315.35 305.07
0 187.67 178.38 171.67 172.64 178.05 179.6 185.04 187.33 177.24 166.8 162.64 162.87 167.11 175.46 184.66 190.9 193.87 193.38 193.55 197.92 203.94 206.71 200.11 195.82 200.22 207.86 214.67 227.28 233.86 235.71 233.71 221.85 226.37 248.79 251.28 240.66 243.34 262.03 256.04 225.95 209.36 222.98 312.72 329.17 340.83 354.71 4.38 6.9 0.28 352.13 350.08 354.73 0.07 354.43 345.05 332.59 321.59 322.73 326.53 334.65 339.99 337.01 338.06 341.36 336.24 321.95 310.09 307.02 300.35 297.73 308.87 310.89 299.56
0 194.58 185.28 182.86 178.12 177.32 180.84 179.86 170.95 167.88 170.03 176.92 180.41 179.12 181.29 187.79 203.31 210.16 212.02 214.65 218.38 223.87 224.83 216.29 212.15 216.97 218.72 217.75 235.07 238.04 232.08 231.32 223.85 234.3 255.14 257.98 237.18 230.66 250.58 255 227.85 214.21 236.33 295.78 303.73 304.41 315.11 331.96 345.54 344.64 340.47 340.62 345.32 351.99 350.07 343.44 333.59 326.73 331.26 335.55 341.18 345.42 344.12 340.55 340.75 343.23 338.86 326.31 320.91 311.56 301.14 301.54 297.99 296
0 187.66 184.69 183.46 183.14 186.01 188.85 184.43 177.02 179.13 188.19 200.98 207.49 215.58 223.05 220.75 224.04 214.65 213.56 217.1 218.8 220.34 221.11 217.38 214.14 220.87 226.01 227.23 242.27 241.52 225.95 223.35 228.46 251.1 262.88 260.26 242.07 237.26 252.52 258.67 243.7 239.65 253.36 279.35 291.6 293.22 299.74 315.06 334.23 340.16 338.89 335.86 335.97 345.65 351.35 351.18 346.22 340.63 341.75 344.84 350.21 354.86 356.02 355.55 357 0.14 358.24 349.99 340.99 331.77 320.85 309 292.84 291.52
0 177.08 179.65 177.54 186.24 193.81 189.9 186.78 190.25 196.11 206.74 220.27 222.66 229.17 233.77 232.39 221.44 194.85 190.47 197.69 201.61 205.32 210.85 209.64 209.16 217.83 223.42 224.78 237.69 244.52 237.64 240.45 251.39 266.3 268.67 260.33 249.52 243.24 249.51 256.19 248.68 243.32 246.9 269.51 286.82 290.59 295.13 308.93 328.2 340.42 346.44 348.38 348.42 351.83 359.14 5.34 7.85 3.31 355.27 350.98 355.35 1.67 3.54 7.02 13.2 15.61 13.85 16.89 15.83 4.14 355.96 349.95 323.47 295.3
0 179.04 182.88 183.3 185.13 182.01 179.76 181.92 188.48 196.76 216.2 227.12 227.08 232.5 233.97 231.91 216.86 195.77 181.93 182.3 187.72 198.34 209.84 211.17 210.51 213.34 218.55 225.43 239.08 251.23 254.27 258.85 263.16 267.72 267.29 257.03 247.13 240.29 242.69 248.14 240.29 223.15 219.24 257.58 289.82 295.91 304.42 323.53 338.99 351.78 6.65 17.53 8.3 0.2 4.39 10.8 14.25 11.14 2.83 355.8 352.68 356.5 3.76 11.24 19.76 20.57 12.71 11.78 14.01 17.33 26.77 23.53 8.39 341.97
0 191.35 191.43 196.89 195.05 179.84 179.81 181.91 187.69 206.98 228.54 226.52 225.86 232.29 228.66 221.62 209.86 198.81 189.52 186.43 191.87 199.52 204.67 209.84 216.03 217.56 225.54 237.95 247.79 256.96 262.27 269.32 267.58 264.2 261.3 249.09 239.75 236.76 239.35 238.33 224.96 206 196.32 190.79 352.4 327.4 323.03 347.75 8.26 22.88 33.06 28.71 15.76 8.3 4.75 3.73 4.61 1.54 355.14 349.22 343.45 345.72 0.05 11.48 13.62 8.27 3.29 2.78 12.9 26.09 32.21 25.84 23.83 31.31
0 191.82 187.71 190.92 193.61 194.07 197.74 200.66 210.77 229.14 233.64 224.8 222.49 223.38 213.44 205.56 201.27 198.82 201.89 202.44 198.77 202.94 206.74 216.09 223.73 223.54 238.09 253.82 257.35 259.56 261.94 274.25 273.35 263.39 257.86 246.09 238.26 236.14 236.25 228.82 215.29 198.89 186.04 163.33 18.54 359.73 339.04 4.59 28.84 25.7 13.44 4.02 4.07 2.31 357.46 352.86 344.7 336.1 331.1 332.02 334.75 338.64 345.13 350.15 347.53 343.78 349.46 1.61 19.72 27.67 24.4 23.85 31.13 48.68
0 179.24 184.36 186.97 187.9 193.52 201.41 209.21 224.04 236.5 238.16 228.95 226.26 221.83 207.31 201.79 205.94 211.91 222.54 226.21 218.79 216.13 214.61 222.72 237.9 244.03 253.94 260.27 262.61 262.09 260.34 269.47 275.13 268.34 257.04 244.29 234.62 228.54 225.88 216.52 205.59 196.48 194.77 213.78 332.74 357.65 29.36 44.04 25.3 3.82 350.82 346.01 358.05 3.67 2.57 356.98 347.36 338.24 332.23 329.91 333.48 335.44 328.56 326 332.37 338.2 342.51 344.82 344.51 355.07 7.24 21.25 42.69 66.11
0 178 182.02 186.16 187.51 190.03 194.61 205.51 228.22 244.27 244.72 231.98 226.26 225.18 221.93 221.49 219.13 220.5 227.81 231.28 230.17 232.51 235.4 241.45 258.3 263.81 258.58 259.37 266.34 264.57 259.17 262.65 268.43 268.58 247.77 228.94 218.92 213.65 211.13 202.47 196.37 198.53 208.96 226.35 275.59 9.94 88.9 59.66 28.9 4.21 2.37 13.41 24.48 22.49 16.57 7.37 2.62 0.43 358.31 357.84 355.17 346.96 338.99 332.91 337.57 350.64 357.97 354.07 342.05 337.65 354.32 28.34 65.33 79.57
0 180.48 176.95 181.24 190.39 201.78 203.54 212.08 238.15 248.5 239.4 223.29 219.44 228.98 231.37 229 225.05 224.9 225.85 225.59 228.4 235.28 242.62 250.05 262.35 267.81 258.35 260.22 268.58 262.09 255.3 255.87 252.8 241.52 211.43 197.12 190.92 189.72 192.13 191.45 190.48 195.54 207.08 219.64 237.8 239.96 195.36 15.67 12.26 12.76 22.06 32.42 22.77 18.64 17.23 12.5 9.36 5.03 2.09 7.18 10.65 7.73 6.21 4.63 5.52 7.81 8.11 10.65 7.66 1.05 17.59 56.65 82.39 86.83
