burnAlone/geresAspect_100.grass
north: 41:54:44.0712N
south: 41:53:06.836388N
east: 8:12:49.672656W
west: 8:14:59.8488W
rows: 100
cols: 100
[rows 66 to 98 of 100, columns 0 to 73 of 100]
0 186.26 191.47 195.12 200.38 207.48 210.53 222.18 241.57 239.54 219.94 208.41 214.91 232.51 235.07 233.1 230.72 229.82 228.33 226.16 226.14 228.48 236.29 250.64 259.79 260.03 251.28 257.47 265.9 253.53 247.36 240.66 217.06 194.69 183.07 180.41 177.3 173.94 175.62 181.89 184.02 184.89 192.99 210.83 222.87 223.2 210.89 338.4 18.2 30.91 34.97 28.6 12.45 8.63 17.21 14.65 8.19 3.61 5.11 10.32 12.85 17.16 20.51 22.46 25.32 22.47 19.21 21.36 22.53 31.7 69.86 81.63 91.52 91.41
0 194.2 201.83 203.47 208.67 217.34 220.97 232.79 234.98 215.77 198.39 198.76 212.82 226.58 227.77 227.07 219.44 217.8 222.98 225.73 223.74 222.9 233.05 251.95 249.96 232.16 222.78 246.28 257.78 239.55 223.81 203.38 192.24 193.01 186.49 172.65 171.21 174.33 171.9 169.73 174.21 181.25 189.35 197.45 197.46 194.06 177.53 114.81 53.66 43.01 27.05 18.47 14.4 14.56 11.17 3.58 359.11 359.13 3.41 7.62 9.55 14.78 19.32 19.98 17.23 9.06 7.35 18.59 35.08 55.87 81.1 85.22 94.57 88.93
0 196.16 193.22 195.41 205.76 219.97 230.45 241.48 232.49 218.96 216.62 215.73 221.76 223.65 219.01 209.23 201.14 208.37 219.54 222.37 220.12 224.5 243.06 256.13 245.73 233.03 236.54 253.95 254.84 235.33 208.04 183.3 170.58 165.43 162.3 160.1 157.1 157.93 159.24 159.16 162.05 170.77 176.9 173.1 168.05 159.7 153.07 131.14 54.72 28.3 12.26 12.3 17.37 18.47 6.57 2.78 3.03 3.86 6.25 8.07 4.88 0.46 358.9 356.34 348.12 338.66 336.62 349.91 35.54 67.4 75.02 75.85 90.56 70.71
0 198.46 195.84 199.68 212.53 227.82 239.18 241.71 229.93 223.88 226.1 223.8 220.49 221.1 220.5 213.79 210 217.24 224.42 224.91 223.19 229.71 246.44 252.02 240.65 237.19 245.62 252.02 245.88 228.82 201.17 184 172.22 158.93 151.98 151.61 149.53 146.72 149.22 154.09 155.3 157.06 160.69 159.17 156.7 149.36 137.59 118.58 21.13 3.24 6.34 13.67 18.31 14.44 4.71 3.94 6.72 10.23 13.95 8.06 350.25 333.21 326.32 330.85 330.85 330.06 337.43 8.86 67.39 86.63 70.39 67.45 68.98 42.32
0 215.63 219.31 225.85 235.63 238.51 237.08 229.38 215.68 212.31 213.18 211.17 211.05 215.28 215.61 212.87 215.68 224.5 232.13 232.28 229.68 235.17 246.47 250.65 243.88 239.7 243.14 241.67 232.93 220.68 200.78 189.38 183.83 175.6 165.06 157.68 154.79 150.44 146.53 148.27 149.21 147.17 147.35 147.87 152.92 152.17 136.49 81.53 18.8 15.41 21.64 19.35 14.63 9.09 1.5 359.38 8.13 18.81 19.47 8.53 353.79 340.21 330.32 335.4 343.38 357.75 52.95 89.04 91.83 94.02 79.59 64.16 50.62 25.4
0 227.95 228.96 233.05 235.27 228.76 221.82 212.16 197.91 189.69 189.92 199.95 210.52 216.24 219.23 221.74 226.01 231.09 237.01 237.01 235.38 241.08 247.39 250.8 242.86 233.46 233.31 231 223.98 209.99 193.65 187.46 187.77 187.6 183.28 177.91 172.32 164.09 155.66 153.01 152.98 150.12 147.95 154.26 164.25 166.18 152.4 78.87 46.26 49.8 35.45 17.37 7.09 4.53 7.17 10.21 19.16 26.18 23.15 16.54 9.09 7.42 14.1 20.95 31.01 58.14 85.27 100.08 96.71 92.6 74.22 42.97 15.39 355.44
0 207.25 196.01 185.41 185.57 197.28 203.78 200.41 195.65 196.16 200.61 211.3 221.65 224.95 226.45 226.09 224.4 222 224.19 227.84 231.02 232.65 231.53 227.1 211.89 204.69 203.99 194.61 179.23 168.26 165.27 169.11 179.89 187.99 187.6 185.67 184.82 187.43 188.87 181.66 176.13 178.57 181.9 187.82 193.38 196.91 192.66 140.37 59.28 49.48 23.05 8.89 3.93 2.5 7.86 15.91 21.77 21.17 19.29 18.11 18.01 26.48 45.43 49.12 50.44 62.98 81.92 103.46 101.77 91.87 57.68 19.33 358.19 347.12
0 144.84 141.86 135.26 129.08 142.67 171.49 183.25 191.53 203.26 210.05 217.39 222.78 216.94 213.03 209.16 203.02 199.29 198.43 200.13 207.8 201.25 191.2 178.85 171.32 171.45 167.47 152.99 138.84 138.81 146 150.28 156.44 165.95 170.12 170.64 175.45 186.23 190.57 190.26 198.53 208.78 210.61 204.58 198.95 198.23 199.77 212.73 296.34 348.55 358.14 6.2 15.12 20.36 19.45 22.25 24.33 20.08 17.59 19.15 25.28 37.41 54.44 53.59 50.15 56.61 74.26 97.45 95.18 80.04 29.01 10.61 9.41 18.9
0 132.3 128.89 122.5 112.93 111.69 131.44 154.91 163.01 168.01 176.87 182.47 176.45 170.07 170.77 175.33 177.8 175.94 170.41 159.31 148.97 160.5 161.59 155.25 151.36 149.78 148.72 142.7 133.39 135.44 142.69 144.74 145.45 151 156.76 158.41 156.87 156.93 161.11 168.67 188.59 210.47 214.49 211.05 197.69 189.07 197.41 230.3 280.19 309.1 350.6 14.55 27.74 33.74 35.9 39.32 32.16 23.1 20.13 23.09 33.18 47.57 62.59 62.87 56.01 59.31 74.41 84.72 74.59 54.09 23.84 20.18 33.94 54.73
0 142.61 134.71 122.91 111.87 107.17 114.59 132.65 142.8 144.13 145.99 144.95 147.24 149.65 147.82 150.92 160.14 162.27 154.87 136.77 122.19 134.56 146.97 146.81 141.14 138.88 142.45 142.72 137.06 140.82 144.92 146.04 148.16 149.92 154.62 156.73 152.41 152.62 155.1 150.42 147.94 201.51 211.42 207.95 205.1 204.64 211.23 232.87 282.03 12.51 37.13 32.95 32.04 29.23 37.37 49.51 43.76 34.99 29.62 31.6 43.41 57.43 69.35 68.2 59.19 61.23 71.5 71.99 59.09 46.74 43.2 46.42 55.4 62.52
0 152.97 147.21 135.81 124.3 114.49 114.03 125.48 139.28 145.09 140.73 131.41 131.42 137.48 137.23 133.35 137.22 145 144.6 131.16 118.32 127.21 139.39 142.51 140.67 140.14 142.46 143.07 139.62 142.68 144.38 147.08 152.9 152.87 154.02 157.61 160.35 172.22 178.89 177.77 252.03 269.02 228.77 216.05 217.33 219.22 224.17 229.36 231.03 219.78 45.42 30.35 23.56 25.17 41.72 59.95 54.29 44 37.93 41.96 51.97 59.8 67.39 62.74 52.64 52.11 54.14 45.17 33.53 31.7 44.79 59.03 60.41 58.51
0 151.26 146.34 140.18 137.65 130.78 125.52 133.05 144.96 151.89 150.14 139.07 128.51 127.38 129.31 125.47 122.43 129.55 137.86 132.15 119.66 125.13 135.28 142.48 145.74 146.11 143.37 136.74 134.25 138.2 139.12 141.35 150.51 156.24 161.95 172.79 190.47 207.49 210.41 226.65 275.72 281.52 242.93 225.41 222.35 222.54 229.01 230.15 237.94 242.89 221.86 11.69 16.13 30.05 47.5 65.37 54.26 39.51 40.4 49.52 53.57 53.22 57.38 51.24 39.31 30.56 24.89 23.1 26.18 32.09 46.88 64.73 61.29 59.69
0 153.74 147.78 143.64 146.49 148.69 140.56 142.32 151.18 156.06 158.14 154.29 143.41 134.2 132.52 128.94 119.22 120.44 132.09 133.79 124.14 125.24 136.18 147.79 150.25 148.12 143.83 134.73 130.77 132.45 135.23 137.76 147.31 166.52 188.75 209.71 227.1 235.19 232.23 240.5 265.09 273.63 238.87 218.5 217.19 224.29 226.45 220.18 228.81 222.59 213.19 336.96 15.24 34.42 40.32 47.34 25.68 19.65 36.2 47.66 44.72 41.73 43.04 33.84 23.02 17.84 20.36 32.23 43.87 50.8 60.93 73.21 68.56 64.27
0 167.13 161.69 154.96 149.88 153.78 148.51 142.76 150.3 158.98 162.21 159.29 150.58 141.87 140.02 138.73 125.25 121.83 130.77 133.04 128.61 126.2 132.84 146.92 154.8 158.78 159.91 152.7 141.4 132.85 134.96 146.74 169.12 198.54 219.75 230.83 236.21 241.41 235.56 237.45 251.85 251.39 213.08 197.57 201.93 208.4 198.75 194.11 208.43 218.55 234.24 268.69 358.83 29.34 29.41 24.35 6.34 5.22 19.77 29.16 28.08 28.8 28.54 21.57 19.76 25.47 37.32 49.68 57.23 61.41 66.96 75.34 71.43 64.39
0 186.42 193.44 187.53 174.77 168.54 170.1 165.99 162.3 163.4 160.78 152.75 142.64 136.61 139.52 145.2 137.78 134.44 137.12 133.45 131.69 133.12 135.6 147.83 168.15 191.02 199.75 194.54 179.87 162.54 156.38 198.63 233.65 228.8 239.19 243.05 235.84 232.05 223.31 228.74 236.83 214.13 186.8 179.23 182.99 181.45 175.73 178.43 196.82 224.86 236.43 224.08 233.23 22.8 18.95 12.97 6.25 3 355.75 355.27 7.61 15.4 19.74 23.02 34.03 46.31 52.99 55.28 62.47 70.86 74.19 78.59 72.01 63.44
0 209.59 221.37 222.2 223.55 221.11 214.96 201.96 184.92 169.19 160.65 152.01 144.47 138.61 136.02 143.85 150.87 152.01 150.32 144.02 140.85 150.05 153.84 159.42 191.33 213.59 211.88 204.85 200.45 206.47 233.44 264.81 253.83 239.16 253.38 254.18 237.51 227.62 222.68 228.35 220.49 194.52 183.76 180.73 178.47 174.75 175.78 182.15 193.43 235.3 222.3 205.02 219.72 336.13 358.88 4.24 9.49 5.43 354.3 341.46 345.27 0.99 16.22 29.25 46.74 60.3 58.59 55.91 66.39 80.28 84.18 81.05 69.21 59.52
0 235.87 236.34 234.84 235.43 232 225.66 207.2 192.07 181.61 175.86 171.41 169.95 168.13 158.25 159.96 174.67 174.75 170.17 161.1 149.28 160.49 171.99 176.95 188.65 188.27 186.49 187.41 194.66 217.15 247.39 268.16 257.99 250.22 260.04 258.91 241.13 228.95 225.59 226.69 215.87 197.92 190.94 182.89 170.56 168.26 175.86 192 214.85 273 244.23 233.8 247.88 274.06 326.76 355.77 3.36 357.96 351.25 342.73 340.91 357.92 22.33 38.96 50.55 64.89 59.7 55.63 70.04 85.62 89.18 77.97 62.38 53.34
0 236.73 237.44 231.46 222.54 215.84 210.47 197.64 191.27 191.92 192.2 193.53 195.27 194.04 200.11 210.37 193.25 180.92 172.01 161.08 144.87 147.1 164.49 164.84 147.65 148.52 159.53 168.28 175.74 210.94 252.17 265.34 262.24 261.47 260.77 257.33 241.39 223.72 217.01 215.32 212.36 201.39 195.96 189.46 180.65 184.17 203.72 222.25 256.63 280.25 259.77 253.16 253.09 258.14 282.62 329.04 345.6 344.74 344.26 347.82 359.77 18.21 40.99 50.86 54.45 69.65 65.23 61.26 77.39 89.18 87.67 67.66 50.8 44.84
0 222.3 220.82 212.47 202.82 202.85 201.55 194.49 191.97 192.71 191.27 191.61 194.31 196.53 203.23 203.19 182.95 173.87 166.38 158.09 144.8 135.86 140.89 140.09 137.31 138.53 160.04 174.48 178.21 223.22 281.03 272.62 265.3 266.71 260.44 251.9 233.91 213.13 204.7 202.57 202.25 196.26 195.01 196.01 201.7 227.77 239.5 244.15 272.97 280.82 263.56 258.31 253.54 248.27 255.98 294.05 327.97 341.72 350.62 5.66 37.57 44.27 58.05 62.81 67.99 79.22 74.08 72.93 82.93 87.06 76.02 49.28 35.04 33.73
0 208.07 204.21 198.63 199.07 206.1 202.93 196.15 193.31 185.73 178.79 177.66 180.87 191.05 198.99 192.96 178.7 176.45 174.34 165.96 152.15 142.59 145.99 146.17 151.6 155.96 178.94 195.13 212.26 263.26 299.86 286.86 266.21 262.27 255.77 242.93 221.1 203.37 195.79 193.72 193.3 190.31 189.11 191.92 208.71 247.79 250.31 252.26 273.26 278.92 266.69 258.7 253.14 246.6 254.91 279.82 310.39 335.86 353.66 21.42 62.61 52.1 59.55 79.99 94.44 90.77 78.69 74.86 76.52 72.13 50.22 30.03 22.25 21.19
0 197.03 197.17 194.32 193.66 195 190.67 187.66 185.76 178.66 173.35 172.17 175.35 188.42 200.58 200.09 189.75 187.02 188.09 183.78 177.56 198.9 212.61 209.37 209.9 219.41 222.47 216.09 232.24 263.63 293.74 291.48 269.55 254.8 243.78 233.73 208.72 193.15 189.83 193.7 199.36 196.08 191.78 196.18 214.15 255.83 266.54 262.38 270.61 275.21 268.89 261.97 256.36 248.12 254.9 271.74 288.36 310.23 323.14 305.36 322.16 29.28 62.39 104.66 114.98 100.94 76.34 60.6 53.69 40.26 22.78 15.02 12.16 16.08
0 178.8 185.62 187.29 183.52 176.64 173.94 173.92 173.14 175.58 180.22 186.47 195.69 205.06 205.43 198.08 191.49 191.55 198.71 206.81 223.66 261.69 242.13 226.22 226.23 241.89 244.72 239.4 247.63 266.73 288.71 288.04 272.01 247.29 232.69 228.28 202.68 190.28 195.34 204.98 209.99 204.14 200.77 211.99 234.03 267.1 286.13 275.81 269.4 270.11 269.32 269.08 265.04 248.83 250.22 268.63 273.7 289.73 301.3 273.53 263.94 267.76 144.52 135.2 129.55 102.16 43.87 24.34 27.37 24.77 18.44 12.36 11.66 25.54
0 164.04 171.87 177.14 176.88 171.94 170.55 171.96 172.08 177.37 189.16 201.32 213.28 221.45 212.17 198.1 192.42 196.73 222.08 234.57 242.55 259.51 234.96 217.6 225.57 249.82 256.57 258.32 261.67 272.33 284.86 281.47 265.82 235.34 221.99 217.57 196.35 190.76 199.31 199.97 196.85 195.06 199.94 219.47 250.21 274.8 291.6 284.16 271.14 268.06 266.47 267.62 267.67 244.27 243.12 261.74 263.04 276.57 288.74 275.3 261.09 235.61 197.53 178.95 185.17 297.98 324.95 353.5 14.46 19.06 21.08 24.15 27.94 41.99
0 158.07 162.76 165.63 166.81 166.31 167.26 172.69 177.48 183.48 194.66 207.05 218.96 224.86 218.01 212.71 209.62 220.72 260.48 253.45 242.65 244.92 231.92 228.44 243.58 258.09 268.86 273.84 273.83 275.83 278.59 272.93 250.64 220.95 210.38 202.34 190.1 189.01 186.42 174.36 164.15 166.15 193.35 235.07 265.56 285.55 297.03 289.8 274.11 267.65 259.92 255.87 259.48 238.05 235.46 247.08 247.37 266.47 283.2 280.67 255.67 226.9 208.82 209.73 246.19 280.36 296.81 314.34 352.78 15 22.56 35.19 40.43 47.76
0 154.6 157.38 157.14 153.66 155.59 159.71 168.72 177.79 187.43 196.39 203.09 208.74 213.32 217.08 219.37 219.63 239 272.5 255.43 233.31 237.37 240.26 240.43 251.39 261.8 273.8 280.56 281.33 274.41 262.31 245.78 216.64 201.24 194.83 187.6 186.64 189.8 180.61 170.21 163.46 160.15 199.14 263.94 281.7 295.73 301.06 293.31 274.24 262.72 251.69 244.02 242.06 224.4 224.58 237.01 236.48 252.28 278 290.37 254.88 232.45 223.82 227.88 251.09 264.4 280.99 304.34 14.39 24.68 27.05 40.38 38.91 37.83
0 155.2 154 153.48 150.26 152.04 156.64 163.78 171.54 182.35 189.2 187.74 184.69 187.67 200.78 208.24 217.84 240.77 258.78 237.78 218.72 234.11 245.1 240.29 247.87 264.69 278.08 282.31 280.54 253.09 209.18 185.11 172.07 176.87 181.91 181.67 186.48 192.09 186.96 183.62 188.29 209.6 277.08 295.09 298.02 299.29 301.25 300.05 276.72 255.47 248.31 234.75 217.74 204.18 217.13 232.61 223.34 239.52 261.75 279.14 281.44 259.43 239.34 235.54 243 240.67 238.57 242.1 142.28 15.45 15.28 23.25 21.43 17.92
0 153.28 151.82 154.81 161.12 165.93 167.24 170.15 173.89 181.47 191.77 196.91 196.98 192.99 184.86 188.53 211.88 235.15 251.82 237.56 222.9 242.41 251.6 240.99 248.25 265.7 276.89 271.79 249.28 195.04 181.84 182.67 183.36 181.22 180.49 179.6 177.83 180.52 185.16 192.26 212.04 252.27 280.84 295.49 302.57 299.23 296.47 302.67 285.63 257.39 247.06 228.69 211.87 208.57 226.33 229.77 217.35 231.65 246.84 260.87 300.63 292.38 247.87 234.01 231.48 224.22 224.85 244 262.58 318.24 343.03 339.56 342.05 354.36
0 151.26 159.06 172.89 186.21 191.13 189.15 184.78 184.22 189 197.52 207.22 214.54 213.21 205.04 207.59 231.82 245.02 267.91 246.16 233.51 256.17 261.68 253.47 256.04 261.95 262.14 237.95 204.18 184.32 183.34 186.84 185.01 178.81 175.84 173.65 166.22 162.8 172.15 187.9 228.49 274.82 284.44 294.98 306.39 300.62 294.08 299.01 286.04 253.26 233.71 220.4 214.82 219.65 231.78 231.54 219.45 222.24 245.2 274.38 298.82 306.32 259.12 227.14 219.67 220.49 230.64 248.6 266.08 297.83 329.8 329.64 324.33 330.68
0 166.33 187.45 200.74 197.06 190.93 188.59 186.36 185.9 183.78 177.92 184.74 203.36 209.93 216.54 237.38 255.97 263.25 275.16 257.62 245.71 259.76 262.75 257.82 255.6 251.1 234.57 199.26 170.87 153.66 150.58 150.19 146.87 146.96 155.11 162.9 162.97 161.61 171.44 188.49 255.5 300.69 295.85 297.23 300.5 294.64 297.19 296.1 269.99 230.1 217.08 219.27 218.38 219.47 222.31 222.48 210.87 212.49 256.39 290.2 300.38 305.5 276.5 221.77 218.02 226.26 234.11 244.19 256.89 286.73 324.41 333.68 329.31 324.74
0 205.06 221.95 210.28 195.46 186.49 186.42 192.01 196.71 196.03 193.98 203.97 208.29 208.76 218.54 243.1 262.16 267.09 274.34 268.38 258.36 257.87 252.93 242.6 230.38 208.5 180.23 165.51 153.18 137.79 131.97 138.1 141.5 142.25 147.08 154.55 160.03 169.3 198.14 224.16 279.89 304.13 301.21 300.34 294.31 286.33 288.76 288.02 250.37 222.55 227.64 232.06 219.81 210.77 209.11 209.74 206.18 214.48 258.43 304.1 313.41 310.52 287.56 220.84 225.52 233.46 237.83 243.18 249.91 271.86 310.87 328.86 319.92 307.68
0 192.02 188.16 188.63 190.61 198.12 206.58 207.16 207.42 205.93 210.06 224.28 218.95 213.88 221.78 254.02 268.41 265.66 273.47 274.35 260.94 243.72 223.91 204.1 180 157.31 148.6 153.45 156.45 150.84 144.41 142.99 142.07 141.26 143.16 148.11 153.55 166.59 226.3 261.04 285.05 293.25 297.19 301.23 297.93 290.63 283.02 271.88 236.52 223.05 234.83 237.15 218.04 209.24 210.18 209.51 206.97 212.4 235.13 320.55 357.6 15.09 352.06 237.83 247.02 241.51 242.02 243.96 246.29 262.57 295.47 318.94 306.63 277.48
0 175.15 142.82 157.03 179.83 198.84 207.18 207.04 208.07 205.27 207.55 211.67 209.65 226.6 246.08 269.08 275.09 268.92 271.3 267.06 244.25 215.46 192.53 175 160.45 149.69 143.07 143.3 144.08 143.31 144.39 140.72 134.56 131.74 131.79 133.36 129.94 114.51 49.7 327.01 307.64 301 303.33 304.5 302.65 296.79 280.27 251.29 230.89 230.83 237.78 233.88 215.19 208.71 209.04 206.06 202.55 200.21 211.17 276 68.93 33.41 351.58 289.44 271.83 253.94 243.97 239.1 239.93 261.07 297.24 316.99 301.62 259.1
0 0 0 0 0 0 0 0 0 0 0 0 0 0 0 0 0 0 0 0 0 0 0 0 0 0 0 0 0 0 0 0 0 0 0 0 0 0 0 0 0 0 0 0 0 0 0 0 0 0 0 0 0 0 0 0 0 0 0 0 0 0 0 0 0 0 0 0 0 0 0 0 0 0
