burnAlone/geresSlope_100.grass
north: 41:54:44.0712N
south: 41:53:06.836388N
east: 8:12:49.672656W
west: 8:14:59.8488W
rows: 100
cols: 100
[rows 0 to 34 of 100, columns 0 to 77 of 100]
0 0 0 0 0 0 0 0 0 0 0 0 0 0 0 0 0 0 0 0 0 0 0 0 0 0 0 0 0 0 0 0 0 0 0 0 0 0 0 0 0 0 0 0 0 0 0 0 0 0 0 0 0 0 0 0 0 0 0 0 0 0 0 0 0 0 0 0 0 0 0 0 0 0 0 0 0 0
0 0 0 0 0 0 0 0 0 0 0 0 0 0 0 0 0 0 0 0 0 0 0 0 0 0 0 0 0 0 0 0 0 0 0 0 0 0 0 0 0 0 0 0 0 0 0 0 0 0 0 0 0 0 0 0 0 0 0 0 0 0 0 0 0 0 0 0 0 0 0 0 0 0 0 0 0 0
0 33.5 47 78.46 80.87 42.02 12.4 7.38 23.17 30.46 42.02 55.27 46.73 40.9 40.6 35.22 34.57 34.09 32.49 24.67 28.88 36.78 38.22 42.67 38.95 39.09 47.66 61.95 59.02 38.51 27.5 23.91 23.98 33.11 33.23 24.74 10.27 14.77 32.58 49.82 54.29 54.62 54.93 53.04 48.58 52.55 56.64 56.77 64.57 63.52 51.99 47.04 44.69 48.65 52.04 51.3 49.54 44.06 36.76 28.31 24.29 31.11 49.35 61.02 53.21 39.29 41.37 51.32 41.46 31.02 32.01 40.41 34.65 12.24 1.96 14.73 24.74 22.71
0 27.95 49.2 78.3 79.44 43.74 11.57 12.05 30.94 38.08 46.57 52.76 43.4 39.41 42.33 40.72 36.03 35.9 35.83 27.9 31.89 44.05 47.99 44.11 36.65 36.89 41.95 50.09 51.3 41.57 33.21 30.13 31.59 29.94 24.76 21.63 9.67 8.97 21.25 39.57 50.75 54.65 57.17 55.26 51.22 56.81 62.89 56.55 55.66 59.87 52.02 46.46 53.61 54.3 49.75 45.64 40.15 34.05 29.11 29.71 29.62 31.67 48.93 56 42.29 36.37 41.22 46.47 37.92 29.7 31.96 43.03 35.58 15.52 5.67 17.33 25.72 19.34
0 32.06 44.95 66.76 80.1 51 13.53 15.35 37.46 44.65 45.72 47.63 42.02 36.08 35.72 39.98 42.7 36.09 28.07 24.67 33.01 43.8 45.59 40.3 34.23 33.68 35.81 37.55 39.58 40.77 37.94 35.88 36.74 28.53 23.38 23.53 12.05 5.67 18.23 32.66 47.1 54.73 54.03 50.92 47.86 52.41 63.54 63.4 55.63 53.62 52.55 47.12 54.61 55.82 50.11 48.68 47.25 48.41 42.17 40.77 39.31 41.1 47.75 44.53 33.96 33.2 41.08 41.27 33.28 27.54 35.31 44.59 32.48 16.08 9.72 15.83 25.62 26.56
0 36.99 42.92 60.75 78.42 54.9 15.21 17.05 36.78 50.37 52.57 49 39.7 31.33 30.6 40.16 46.43 36.82 29.51 30.66 35.56 40.39 42.23 40.1 35.93 31.92 28.52 27.61 30.09 35.73 39.51 40.64 38.58 31.14 27.03 26.96 20.6 11.65 16.1 25.93 40.6 53.04 48.76 42.69 41.68 49.27 61.13 67.74 62.04 49.17 50.32 50.14 52.85 53.8 53.17 58.47 61.82 60.53 47.55 43.29 40.8 42.09 45.87 41.55 36.01 36.97 40.72 36.58 30.76 30.97 37.99 39.66 29.72 17.85 11.9 14.07 24.42 29.76
0 36.7 45.35 62.01 72.66 48.08 8.9 15.4 31.24 50.83 61.41 52.51 37.82 29.99 32.44 42.52 45.55 38.07 35.19 37.38 38.16 38.98 40.06 38.19 32.64 21.94 18.25 24.62 29.94 35.11 39.95 42.59 41.26 37.21 33.08 31.88 28.15 16.78 5.34 19.2 35.94 50 49.66 42.6 37.59 41.59 52.41 63.96 64.96 48.03 51.85 65.67 65.09 66.86 70.87 67.54 64.84 59.76 45.27 38.43 33.4 36.98 42.68 39.74 39.95 45.85 44.68 35.87 31.17 35.94 38.41 32.74 27.5 19.03 10.68 13.84 24.96 28.91
0 37.38 51.44 60 57.19 36.35 8.23 13.25 31.62 54.29 65.74 51.68 35.99 33.69 40.26 44.92 44.37 41.01 39.42 39.99 37.31 36.15 36.17 33.64 28.45 17.42 17.19 24.86 31.01 37.04 41.77 41.94 40.55 39.47 34.71 36.16 37.25 29.59 14.62 7.99 30.71 46.01 50.64 41.44 33.68 33.22 43.07 64.24 71.59 62.85 69.25 82.21 79.2 72.52 68.88 54.97 48.99 51.6 41.8 31.4 23.96 29.44 35.63 38.54 43.54 45.97 39.37 34.66 36.21 40.39 36.47 27.33 24.03 19.02 12.72 12.56 21.92 26.79
0 44.67 56.55 56.73 43.96 31.04 15.64 15.39 35.07 56.8 65.13 51.18 38.82 42.07 49.04 46.39 42.77 41.85 39.71 38.46 35.36 34.71 34.61 27.81 20.66 12.52 11.19 18.56 24.65 31.41 38.67 38.16 40.39 40.73 30.04 30.54 35.44 33.67 27.17 8.74 16.74 36.11 49.88 41.89 33.47 38.79 54.37 75.83 77.97 73.01 78.47 81.04 68.88 55.9 51.14 39.91 37.67 50.09 45.4 28.59 20.76 25.89 35.55 49.65 55.04 42.29 28.93 27.07 30.01 32.5 28.57 23.88 21.97 20.74 18.85 16.28 20.38 21.83
0 53.12 55.64 49.8 36.32 28.94 17.6 16.45 36.73 56.27 60.92 48.78 43.09 49.41 55.62 50.4 43.76 43.46 39.66 36.43 36.75 37.63 34.48 23.27 14.82 7.48 4.47 12.12 16.61 25.51 36.41 37.43 41.55 41.69 28.25 24.46 27.65 27.83 27.47 16.95 11.18 30.42 48.16 46.57 38.83 41.91 64.65 82.13 73.9 66.74 70.59 67.11 52.7 49.54 50.9 47.54 44.91 54.45 55.52 40.61 32.62 30.78 35.88 55.12 60.67 44.44 33.86 32.48 31.49 28.52 26.23 25.25 21.99 21.51 22.86 22.23 24.25 20.48
0 50.49 50.63 44.93 34.77 27.06 15.23 19.65 40.18 57.21 55.87 43.31 46.48 54.76 57.59 54.56 48.15 45.63 40.81 38.29 39.66 35.53 23.77 15.44 13.86 7.57 8.12 11.65 9.56 18.91 32.79 38.88 43.08 40.98 29.79 26.45 27.21 26.29 24.12 13.32 10.58 27.15 41 46.64 42.72 41.91 74.05 91.98 68.18 51.26 59.26 64.95 59.06 59.95 61.93 61.13 58.77 60.81 61.81 52.23 41.41 38.85 43.16 52.26 56.8 47.86 40.83 41.12 37.72 30.45 29.2 28.1 19.89 18.16 22.39 23.05 22.3 21.68
0 42.6 47.05 43.99 33.04 19.05 7.06 25.17 46.31 60.09 54.3 41.52 49.94 60.07 58.69 55.7 52.06 49.52 43.7 40.73 35.18 21.85 14.46 17 20.82 14.66 11.12 7.6 5.85 15.77 29.44 39.87 45.25 37.59 26.56 29.41 30.68 27.73 23.59 11.4 8.06 21.45 31.54 42.02 47.16 49.61 85.02 102.26 69.16 46.35 48.81 59.6 62.3 61.96 61.67 60.87 62.02 62.59 60.13 55.9 44.28 42.45 48.95 46.31 47.68 47.99 43.62 42.46 39.57 33.04 30.75 27.79 21.15 19.01 22.72 26.36 21.08 16.09
0 39.63 43 35.09 18.72 9.26 22.94 36.06 49.68 61.53 55.38 43.85 53.56 64.79 59.94 53.12 53.26 53.94 42.58 34.13 22.86 11.71 14.1 15.19 19.17 19.19 16.61 12.06 10.38 18.67 30.29 39.75 43.98 33.33 23.54 30.5 34.85 30.46 25.3 14.4 3.2 17.6 27.63 38.05 46.38 54.42 89.07 103.76 80.78 58.3 44.95 48.96 55.75 57.7 57 55.48 57.49 57.7 52.97 52.96 46.86 45.9 50.41 43.91 43.01 49.98 45.86 37.36 35.14 34.67 35.25 35.3 33.99 31.05 31.16 37.12 37.43 29.14
0 38.82 37.31 18.52 13.9 30.69 38.96 41.37 49.4 62.99 58.55 49.36 58.69 68.04 60.62 49.89 50.93 51.6 35.54 23.98 16.82 14.25 16.8 20.45 19.98 19.2 17.55 13.55 13.87 22.43 31.42 37.64 37.17 29.89 24.9 30.35 36.65 33.98 27.81 17.78 4.8 12.09 24.78 35.32 41.46 53.44 81.64 89.16 76.13 64.79 50.88 44.62 47.99 50.02 50.06 52.66 55.88 56.78 58.26 60.45 54.56 50.15 50.08 47.1 45.88 45.11 38.22 31 32.48 38.16 42.77 44.06 42.76 39.06 35.87 39.21 45.8 45.88
0 35.4 29.83 4.67 30.2 45.37 44.56 41.97 50.81 65.1 61.74 56.4 63.39 67.94 59.6 46.16 41.83 39.84 31.62 21.86 13.15 13.21 16.51 21.65 21.53 17.64 14.13 13.37 19.02 27.04 32.02 33.53 27.65 23.05 24.58 29.53 35.42 38.14 32.42 18.65 10.52 6.49 12.02 28.41 41.97 59.65 76.8 74.68 62.59 60.95 56.53 47.73 47.69 46.46 46.44 58.85 64.38 62.44 64.5 60.66 51.46 46.37 46.22 47.13 42.02 31.7 30.51 34.97 39.5 44.99 47.99 47.65 44.98 40.7 35.51 34.83 42.71 48.88
0 32.97 21.99 4.35 38.51 50.26 43.68 39.76 50.82 64.02 62.57 62.01 64 63.06 53.62 34.04 24.98 29.81 31.78 22.57 7.12 7.71 13.68 20.58 22.39 19.94 17.29 17.84 21.42 27.29 30.41 29.39 22.87 16.52 19.58 27.42 33.6 40.53 37.24 24.83 18.56 16.53 8 16.83 43.55 67.64 72.13 63.54 54.69 51.49 52.79 53.62 54.96 52.54 57.41 66.91 63.98 58.9 59.83 54.32 47.21 44.47 46.25 48.45 42.29 35.14 39.02 43.09 43.45 44.71 46.67 48.45 47.9 45.93 40.63 37.29 42.8 45.85
0 31.39 17.89 14.36 41.35 53.8 49.18 43.69 52.37 64.82 67.78 67.39 60.4 51.8 38.86 17.9 15.35 28.36 36.63 23.61 3.55 7.18 21.12 26.92 28.14 27.62 23.3 19.03 18.93 25.92 30.6 27.87 22.33 15.04 12.61 20.99 31.54 39.63 39.87 33.16 27.36 24.51 15.67 9.6 39.78 66.49 65.58 56.81 55.53 48.98 46.75 57.78 65.33 60.87 63.64 62.09 54.04 55.03 55.96 50.46 45.93 46.39 52.46 56.91 52.89 50.18 49.97 47.35 40.82 36 37.38 42.72 48.34 52.08 48.47 40.49 40.96 42.72
0 22.46 15.21 24.36 40.58 56.31 60 54.22 57.54 69.96 74.49 64.04 48.07 35.25 23.75 15.05 13.66 29.19 43.59 24.43 12.68 27.06 35.59 31.16 32.83 33.95 26.27 19.5 19.24 26.45 30.73 26.16 19.05 13.45 7.6 14.37 29.26 37.85 37.87 35.1 34.04 31.2 22.09 16.63 29.42 51.99 62.56 60.6 63.36 55.89 47.99 58.45 71.7 65.27 61.92 58.94 51.33 54.36 52.99 48.38 47.12 48.94 55.14 61.61 61.55 61.39 59.47 54.43 44.99 35.83 32.02 32.62 36.87 41.72 41.34 35.92 37.89 43.27
0 13.37 23.73 36.28 40.36 55.67 64.7 61.42 59.15 66.61 66.19 46.05 31.85 25.36 19.85 24.61 23.84 29.74 43.26 23.59 18.91 37.77 38.13 32.68 34.8 32.71 21.88 20.85 23.77 25.42 26.29 22.08 14.11 11.15 10.25 14.66 25.5 36.97 37.02 34.11 36.12 33.81 28.48 22.93 14.12 30.7 53.08 63.68 68.5 62.73 54.35 57.21 69.62 72.46 68.45 62.83 56.98 54.09 48.12 48.58 52.51 53.45 53.24 57.11 62.82 68.48 70.11 68.08 60.11 47.06 36.41 28.47 28.96 34.11 37.4 41.8 42.18 41.37
0 12.12 34.61 41.34 38.09 49.22 58.84 66.31 64.15 59.37 55.49 41.18 32.09 30.62 29.46 32.11 26.71 31.54 39.8 25.41 27.25 39.57 29.52 22.85 28.39 23.46 13.96 17.02 20.51 18.86 18.23 16.29 11.71 11.92 14.59 12.15 15.01 28.77 33.5 32.46 35.62 34.54 28.44 22.41 13.16 18.18 39.17 55.32 63.16 63.39 59.09 57.09 63.14 75.65 79.36 68.72 66.17 60.47 48.5 49.36 55.43 58.09 52.22 49.51 57.69 66.41 72.57 76.68 73.51 58.88 43.62 33.12 33.84 37.61 40.1 45.9 39.59 33.04
0 19.87 38.41 40.29 36.71 42.07 49.52 67.36 73.36 57.68 48.89 44.24 40.32 43.25 38.96 31.59 26.78 34.85 38.55 30.93 33.1 36.3 25.84 18.39 22.96 14.39 7.24 14.63 12.43 8.99 9.82 12.23 16.57 18.26 16.01 12.54 13.49 22.32 26.46 25.32 31.12 34.41 28.86 25.04 22.73 27.74 36.38 42.55 49.32 58.09 61.45 58.2 57.26 69.96 82.61 73.56 71.97 70.96 55.63 47.79 50.05 56.27 49.65 42.65 51.54 58.01 64.78 72.56 75.64 67.33 53.01 40.28 36.51 39.8 43.46 45.55 40.11 35.99
0 25.83 39.19 39.63 36.62 39.15 45.3 63.23 74.58 58.96 47.22 48.33 48.7 48.58 37.99 26.05 24.78 35.47 36.53 29.65 27.77 28.31 22.88 17.04 17.05 7.12 2.08 12.03 15.22 11.05 10.09 10.77 14.38 15.68 14.26 17.22 19.85 22.9 23.83 19.85 23.96 31.41 32.59 31.57 30.37 31.96 28.88 25.85 33.55 47.21 58.31 60.04 56.05 60.24 72.19 71.21 69.25 71.24 58.84 43.69 41.54 49.91 46.78 38.7 47.29 47.93 57.29 66.22 72.36 69.35 58.87 47.89 38.01 38.3 44.13 47.28 50.96 50.89
0 32.21 42.2 39.02 36.1 41.45 50.28 62.13 69.38 60.7 51.06 50.16 48.26 43.91 37.34 25.97 24.55 34.52 33.31 21.48 13.79 20.27 22.03 17.16 13.42 7.99 2.51 4.49 11.82 16.15 16.52 11.18 9.31 12.75 16.12 18.39 21.63 26.54 29.81 25.67 24.39 28.51 31.39 31.48 27.73 22.82 15.53 14.73 21.24 32.35 44.8 57.5 60.43 54.87 58.06 61.94 61.56 66.51 61.69 45.85 37 42 49.27 47.44 43.41 33.21 59.07 71.04 67.68 63.3 57.68 53.87 42.39 35.55 40.03 47.24 54.9 59.84
0 39.58 44.33 36.5 36.79 47.78 57.27 62.93 62.78 59.63 54.05 48.74 43.19 36.99 37.79 30.84 27.38 31.23 27.73 16.29 14.85 24.26 30.07 26.7 21.84 19.13 13.49 10.68 12.7 18.35 22.1 18.23 15.39 18.95 21.35 21.13 17.41 22.06 29.86 27.09 22.9 22.37 23.19 25.63 22.1 16.14 11.39 13.49 17.26 22.71 31.22 48.96 60.26 54.21 52.85 54.63 51.72 60.09 64.27 55.38 42.36 44.64 55.15 53.5 36.86 22.99 62.27 78.59 60.49 53.11 53.06 55.45 46.59 35.6 39.15 46.38 51.01 54.58
0 44.72 49.67 39.8 41.68 56.93 63.4 61.73 54.65 54.71 54.2 47.78 41.84 34.77 34.91 32.39 27.36 25.87 23.27 18.08 22.54 29.19 38 38.73 35.23 35.47 35.96 31.52 23.16 19.75 21.79 20.26 15.13 11.68 15.26 20.03 12.95 15.45 24.9 26.49 22.4 18.06 16.28 22.5 23.45 20.06 15.72 12.75 13.09 16.38 25.47 41.04 52.3 49.67 50.09 53.96 47.44 53.32 63.56 61.91 52.13 50.62 51.89 47.77 38.37 37.09 65.61 77.67 53.87 42.23 45.25 51.9 48.29 40.59 42.87 44.39 42.68 38.97
0 46.13 55.22 50.27 51.02 64.74 65.54 54.55 43.46 49.83 54.83 47.67 38.82 29.92 27.98 29.31 27.71 23.87 18.73 19.33 30.21 36.13 42.72 46.59 45.56 42.95 37.82 31.37 25.31 24.36 27.2 25.53 12.25 1.97 13.3 15.5 6.45 4.03 13.54 23.33 29.77 30.03 25.31 24.92 26.09 24.34 17.56 7.26 5.99 14.04 24.12 35.45 46.29 46.43 43.63 49.99 45.14 46.37 58.6 58.44 52.57 48.26 44.84 45.1 50.79 55.67 66.89 72.8 50.96 34.06 38.65 49.04 50.21 50.03 48.91 44.87 38.85 28.98
0 46.85 58.19 57.11 56.66 65.21 64.33 46.54 35.99 48.86 53.23 43.49 31.53 24.92 29.41 36.2 40.1 37.97 31.19 29.81 33.04 32.72 36.71 36.22 34.2 31.96 31.66 28.16 25.43 26.91 31.42 33.36 24.11 11.92 10.37 12.17 6.07 4.1 9.55 21.99 36.23 43.5 39.46 34.65 31.19 29.13 25.16 14.73 4.25 14.96 24.43 31.1 44.26 48.42 43.79 45.94 42.19 45.05 59.45 67.26 66.91 60.62 50.89 48.39 60.86 63.5 64.97 69.23 54.22 38.98 42.48 50.33 52.34 54.3 49.77 50.47 47.82 40.62
0 48.29 57.59 61.47 60.59 60.82 65.31 53.17 40.99 48.66 46.66 37.37 30.94 29.65 33.36 39.38 45.53 46.3 41.09 33.36 23.86 17.53 25.28 27.05 16.63 16.36 26.63 32.16 29.63 21.76 21.41 30.69 33.58 20.7 7.8 7.43 12.1 18.41 20.51 25.12 28.24 33.42 36.38 39.88 37.89 32.05 30.8 28.77 14.82 11.58 22.82 26.34 39.21 46.94 46.74 44.19 43.19 49.52 60.96 73.39 77.42 72.06 64 64.39 68.15 61.42 57.11 60.7 60.06 55.03 53.18 53.27 49.22 45.25 47.19 61.86 64.47 55.6
0 48.05 54 59.63 60.76 57.11 60.69 57.7 49.68 48.5 44.43 34.74 29.8 33.67 35.73 35.57 38.35 37.84 33.42 24.9 10.71 6.59 19.53 29.53 16.93 11.77 20.3 25.53 22.89 14.71 15.89 27.82 32.98 25.38 7.03 19.32 30.67 28.64 23.2 21.87 18.9 23.25 27.33 32.61 38.41 38.31 37.46 40.83 30.28 2.61 16.04 22.29 34.27 42.58 45.33 38.53 32.96 36.29 38.68 41.43 48.82 58.06 68.32 81.33 72.25 56.41 52.3 51.09 54.89 54.84 53.74 50.46 40.13 33.38 52.08 74.35 73.59 60.03
0 52.41 57.31 52.08 50.6 54.07 59.48 57.62 50.38 51.58 56.13 50.61 36.03 30.38 32.54 37.04 42.93 41.24 35.79 32.44 18.11 7.15 15.65 25.82 26.33 25.73 20.06 18.66 23.19 27.16 27.79 23.98 23.36 37.03 44.14 44.82 35.12 28.5 22.41 19.78 21.3 25.65 24.36 25.25 33.32 38.68 41.82 49.34 46.18 17.95 5.96 18.15 30.87 38.09 41.9 37.7 30.93 32.78 31.74 21.88 21.54 42.75 65.92 83.21 70.75 57.21 55.61 51.22 49.86 48.54 47.85 45.01 36.71 42.78 67.82 77.05 64.06 52.81
0 55.04 54.31 38.43 39.52 47.45 56.16 59.5 53.39 49.55 51.53 51.98 36.97 22.84 21.9 28.71 38.8 42.71 40.21 39.43 30.46 15.85 11.95 22.06 31.15 27.97 20.58 13.64 16.58 30.26 39.3 27.46 20.25 35.93 54.05 47.89 30.34 24.63 22.39 19.53 22.82 23.64 22.74 22.36 26.96 31.43 32.49 42.5 53.11 32.28 5.29 10.66 26.1 33.17 33.96 28.91 18.72 15.24 27.06 31.22 30.62 36.05 55.24 74.95 61.96 46.44 45.47 40.83 36.65 37.53 41.3 48.03 55.99 58.27 62.71 60.5 49.75 45.43
0 53.56 44.57 29.48 35.57 43.58 43.82 48.38 50.62 41.88 37.56 41.53 39.14 32.3 28.61 26.05 28.22 35.08 37.37 36.75 34.42 29.79 25.77 28.06 27.82 28.59 27.54 17.52 12.51 25.29 34.89 21.89 11.02 30.4 40.11 43.82 42.02 31.92 30.2 30.61 23.46 16.95 16.81 13.72 15.99 24.77 25.98 32.46 48.87 38.83 13.09 9.35 22.23 30.53 31.08 30.08 29.43 36.66 47.28 45.97 29.94 24.24 45.69 66.04 56.86 37.72 36.36 37.47 29.3 36.01 47.66 51.67 61.03 55.02 48.71 51.43 47.66 40.01
0 50.94 32.95 25.8 33.81 41.23 36.33 35.04 47.53 43.82 38.69 40.35 39.18 34.52 31.98 31.99 31.32 33.62 34.53 33.42 35.48 45.73 52.06 47.39 40.83 40.6 35.81 25.13 19.6 26.45 27.22 19.16 20.76 42.89 46.66 42.92 51.98 44.86 37.11 33.11 24.42 17.4 17.3 19.27 20.18 22.68 22.63 29.42 40.47 39.94 28.56 28.15 33.52 38.02 38.84 44.84 41.97 39.5 42.32 31.53 14.48 22.23 44.51 56.1 52.49 36.92 36.37 40.62 30.48 36.64 46.25 50.94 61.46 53.81 43.46 48.48 52.74 42.67
0 52.34 28.63 25.29 33.42 37.28 36.96 32.83 41.89 40.81 38.29 38.13 30.55 22.27 21.01 24.83 27.55 32.69 33.02 28.05 31.38 38.86 39.99 36.39 37.49 40.7 39.73 34.03 31.17 23.48 14.37 19.5 29.02 45.38 46.71 33.56 44.67 45.88 40.6 36.49 33.12 24.22 22.29 26.46 25.76 23.25 18.4 20.24 30.06 34.02 32.73 34.72 38.78 41.5 43.15 47.51 39.9 34.89 37.84 30.36 26.8 35.62 44.52 46.01 45.69 38.49 36 34.11 31.78 40.13 47.78 55.9 62.12 53.68 44.76 48.67 59.34 50.19
0 49.21 32.37 27 33.9 40.14 44.55 38.4 36.98 34.55 34.06 39.36 34.11 30.13 23.33 21.02 25.17 31.1 34.28 30.07 28.85 23.34 17.42 18.07 25.32 27.14 38.55 42.18 35.86 22.42 14.36 21.94 34.75 41.56 40.95 21.17 29.67 28.72 25.69 30.84 36.67 37.82 32.2 31.52 29.26 21.64 13.82 13.71 19.65 17.19 10.69 21.74 30.58 34.11 35.36 40.62 35.03 30.88 34.29 31.6 36.53 40.17 36.93 35 36.91 37.98 32.8 27.16 31.02 43.83 50.61 56.4 61.5 55.1 53.54 55.48 61.42 53.19
