burnAlone/geresHeight_100.grass
north: 41:54:44.0712N
south: 41:53:06.836388N
east: 8:12:49.672656W
west: 8:14:59.8488W
rows: 100
cols: 100
[rows 0 to 31 of 100, columns 0 to 71 of 100]
0 0 0 0 0 0 0 0 0 0 0 0 0 0 0 0 0 0 0 0 0 0 0 0 0 0 0 0 0 0 0 0 0 0 0 0 0 0 0 0 0 0 0 0 0 0 0 0 0 0 0 0 0 0 0 0 0 0 0 0 0 0 0 0 0 0 0 0 0 0 0 0
647.53 633.43 619.86 610.93 584.01 561.29 553.39 552.38 555.36 563.83 573.11 585.72 603.39 619.6 632.67 639.8 642.22 657.33 666.28 672.34 681.75 695.11 701.05 708.81 721.53 735.83 747.99 768.17 788.5 802.57 809.96 815.69 819.97 827.6 842.21 852.35 858.23 851.89 844.28 825.92 811.8 795.68 780.14 766.87 754.33 742.03 728.19 712.41 696.15 680.5 669.92 659.11 657.47 648.42 631.37 616.95 601.79 591.71 587.21 584.71 582.43 574.07 559.35 548.54 528.09 513.26 504.25 488.98 476.91 468.49 460.72 451.26
644.64 635.46 625.55 605.96 573.56 557.43 553.06 552.25 556.22 564.86 572.97 590.8 607.89 616.77 630.32 641.68 652.68 657.25 666.69 675.49 679.2 691.56 701.21 713.95 724.21 733.1 746.49 761.99 785.89 799.87 807.12 814.76 821.6 826.72 840.53 847.92 855.05 852.96 847.59 833.52 817.75 802.12 790 774.81 761.05 749.9 735.95 724.31 711.62 691.67 680.86 675.98 665.9 654.99 640.45 626.15 614.44 605.91 600.77 592.62 587.75 580.32 571.79 550.26 532.42 516.87 512.4 497.33 481.76 472.72 468.48 459.72
639.43 634.53 624.88 603.27 577.18 557.51 549.6 550.24 558.27 568.53 578.05 593.17 608.25 618.34 632.25 645.7 658.03 665.98 675.79 682.6 684.55 695.15 708.86 723.31 732.82 741.27 751.9 765.08 780.96 794.01 804.35 813.31 822.2 834.35 840.36 846.92 851.35 849.87 846.01 837.64 824.87 812.36 797.46 781.8 771.13 762.4 747.38 732.41 720.28 706.96 693.56 686.16 674.33 657.33 645.04 633.07 624.26 614.61 605.6 596.51 586.18 578.47 570.29 548.65 534.94 525.74 514.39 500.01 487.52 480.7 472.05 462.46
635.39 630.94 620.64 605.77 580.12 555.47 550.8 549.13 558.59 573.49 587.17 600.02 612.79 624.39 633.93 644.77 656.78 671.33 680.22 687.47 693.11 703.08 715.16 726.95 736.4 744.85 753.5 764.85 776.16 789.15 800.46 809.99 820.52 831.75 836.93 844.56 850 849.93 848.96 843.85 834.3 821.37 807.77 794.66 783.75 774.74 761.54 741.9 729.32 717.91 706.07 695.24 686.28 667.89 655.02 639.38 627.12 610.31 598.74 589.98 580.76 571.84 560.92 548.54 536.93 527.92 516.24 503.06 492.09 482.98 476.68 461.06
630.63 622.72 612.28 603.07 581.04 557.32 544.87 547.33 554.63 569.77 584.7 599.76 614.54 623.67 633.02 641.25 657.08 670.33 678.41 687.27 697.56 709.01 720.38 732.4 742.35 751.35 760.33 768.09 775.63 783.87 795.02 806.83 819.42 828.65 833.64 840.36 848.01 854.17 854.29 848.8 845.04 828.44 813.22 801.69 793.07 783.42 770.23 756.82 740.45 727.7 718.49 701.89 690.71 668.96 660.34 640.83 624.23 604.07 589.54 580.42 570.68 563.59 551.36 542 533.32 525.3 515.58 502.25 492.24 483.07 473.3 460.47
621.31 615.48 606.52 593.47 571.57 550.26 544.01 546.8 554.57 563.43 583.51 602.2 615.76 624.88 632.8 642.69 658.13 669.4 680.37 690.2 701.42 711.72 724.27 735.9 747.48 755.53 760.24 765.73 773.03 780.78 790.27 800.99 811.6 819.54 829.08 838.71 848.45 855 858.35 854.55 847.38 833.54 820.64 809.14 801.84 795.22 785.11 770.77 751.46 733.17 724.38 701.74 682.6 668.13 646.05 628.51 613.13 593.54 581.07 571.51 562.61 555.75 544.92 532.65 525.06 516.74 505.02 497.98 490.98 482.93 470.33 459.96
612.62 607.71 598.14 582.93 567.08 549.81 546.31 546.17 552.23 564.62 585.73 604.48 616.78 625.33 635.71 648.63 660.83 673.9 684.75 696.03 706.85 716.1 726.94 737.2 747.68 754.97 756.14 759.58 765.08 773.28 783.58 793.69 803.55 813.65 825.5 832.88 843.88 851.51 857.63 857.61 852.61 842.6 830.19 817.67 808.68 798.8 792.12 775.44 754 732.12 716.7 696.45 673.33 651.44 635.93 615.5 605.6 587.96 576.18 564.36 559.32 551.1 539.49 529.03 518.02 505.54 495.37 488.48 482.6 475.15 463.95 456.67
605.89 599.15 588.74 571.67 561.05 550.61 543.52 542.28 549.19 563 583.42 602.31 613.09 624.08 639.01 653.63 665.31 677.49 688.49 700.48 711.18 719.89 729.18 738 744.95 750.65 751.29 754.28 760.64 766.37 775.42 787.07 796.72 810.24 819.98 825.03 834.42 842.68 851.72 858.75 858.57 849.76 838.27 819.18 814.14 800.66 788.95 769.11 744.79 723.32 703.29 678.13 657.84 640.54 626.41 610.29 604.82 589.42 574.13 562.13 557.53 551.88 545.33 533.62 515.87 498.34 489.58 482.46 474.63 466.31 458 453.11
592.1 586.63 575.7 562.04 551.69 546.96 538.74 539.21 546.9 560.66 579.93 596.79 608.89 621.47 638.24 656.44 668.75 681.29 693.76 702.86 713.74 723.91 735.11 743.78 746.46 750.27 750.71 751.93 757.31 762.45 773.41 783.93 793.21 807.34 817.42 822.9 830.97 838.93 847.31 855.48 856.95 851.33 838.82 821.43 809.53 797.09 783.96 757.99 738.2 717.07 696.3 672.53 655.93 642.06 629.09 617.58 606.84 597.58 579.86 568.94 563.43 556.24 551.32 538.67 516.22 500.63 491.2 482.68 473.74 464.76 456.84 449.09
575.81 571.35 563.28 554.78 545.65 540.62 535.14 536.96 545.38 560.05 579.43 593.34 605.01 621.97 638.25 655.97 671.48 685.07 697.93 707.89 717.3 729.57 739.48 745.42 748.77 751.57 751.03 755.27 757.53 760.39 767.13 778.28 789.93 803.76 815.27 823.35 831.38 839.01 846.3 852.35 853.65 848.94 837.57 823.74 808.55 798.19 785.29 754.67 729.69 713.51 699.52 679.14 664.71 654.46 642.16 630.87 619.09 607.35 592.34 579.8 572.05 565.18 552.92 539.69 523.06 508.76 499.85 487.87 474.7 464.36 456.85 446.86
566.03 558.05 551.48 542.3 536.85 532.28 531.37 534.45 546.69 563.23 582.63 594.5 606.37 624.01 641.82 658.73 675 689.03 702.32 713.22 725.72 733.34 738.21 737.98 743.54 750.4 752.92 757.82 757.45 759.75 765.61 777.03 790.22 804.92 812.91 820.31 829.64 837.94 846.43 852.3 851.39 846.54 838.4 828.44 815.49 804.89 791.2 754.26 727.64 715.94 706.87 692.79 680.69 669.39 658.33 646.21 634.26 619.51 606.55 593.98 581.01 572.82 557.58 543.48 530.72 516.42 502.87 489.67 475.97 464.8 455.49 445.68
559.37 550 540.22 531.23 528.2 528.77 533.52 540.37 551.91 568.12 586.98 599.31 610.41 629.12 647.49 662.76 678.28 694.41 709.96 718.45 730.07 731.78 734.03 736.67 741.45 747.3 752.56 755.44 755.23 759.42 766.88 777.6 790.53 804.92 810.01 816.1 826.64 836.16 843.31 849.48 850.89 847.66 841.5 835.66 826.36 815.72 800.52 764.94 742.71 723.25 713.24 705.49 695.37 683.29 670.82 658.07 646.92 631.12 617.44 603.44 586.81 574.14 558.28 543.14 532.96 518.66 500.84 489.19 478.16 468.23 458.74 451.14
553.91 544.3 532.13 523.21 524.22 532.11 541.03 549.71 558.28 574.04 593.23 605.97 617.8 636.54 655.41 669.33 681.33 699.13 714.27 720.4 727.56 728.19 729.13 734.64 739.67 743.18 747.64 750.33 753.24 758.15 766.01 777.21 789.51 800.07 805.95 811.8 821.99 832.38 840.75 848.38 853.11 851.75 849.84 843.46 835.66 826.03 807.21 779.23 755.87 735.3 722.87 715.7 706.65 694.45 681.58 668.97 653.99 636.74 619.58 600.8 582.4 568.19 553.38 539.71 526.69 513.55 499.54 489.6 482.18 475.14 468.42 462.44
549.52 539.07 529.36 521.26 526.67 539.19 551.35 559.46 567.38 582.57 601.6 614.91 628.67 646.5 664.09 677.37 687.71 701.46 711.44 719.45 722.13 723.81 725.31 728.86 735.06 740.51 744.85 748.42 752.96 760.37 769.55 779.07 789.14 794.48 801.62 808.21 817.91 828.56 840.92 848.64 851.1 853.74 855.91 851.78 842.8 828.92 807.23 782.38 762.82 749.78 735.61 724.69 713.54 698.58 687.7 673.14 651.37 632.95 613.45 593.59 577.22 563.37 550.04 536.12 521 510.12 502.65 495.79 491.09 486.43 481.39 474.95
540.72 533.35 527.65 521.72 529.87 545.61 559.74 568.53 577.27 593.31 610.84 625.22 641.49 656.55 673.9 685.16 692.8 699.59 707.83 716.45 721.48 719.7 721.46 726.28 733.29 740.09 745.36 750.09 755.63 763.05 771.99 780.7 788.85 793.24 798.15 805.64 815.02 824.71 838.38 844.66 847.75 851.85 856.87 857.36 849.41 831.17 808.01 787.3 772.01 761.99 747.38 733.18 716.7 701.06 685.24 666.55 644.63 627.65 609.74 592.09 577.42 563.81 550.7 536.59 523.06 514.35 511.49 507.2 503.6 500.85 495.25 487.11
529.35 523.68 522.08 521.27 530 546.89 562.47 575.15 585.26 601.86 618.76 635.98 653.3 666.2 680.97 689.08 689.53 695.35 705.38 717.1 720.02 717.95 721.14 729.81 737.13 743.63 749.31 753.52 758.43 763.4 772.92 781.38 789.64 795.62 798.21 802.73 810.17 818.84 829.92 837.06 843.49 848.96 856.5 858.8 851.67 833.8 808.97 796.41 780.43 765.64 752.6 739.19 717.37 699.72 680.05 659.25 643.06 627.89 610.93 595.02 581.53 569.67 558.44 545.06 532.95 527.11 525.16 520.57 515.63 512.34 506.14 498.13
520.37 515.16 516.1 521.32 530.43 545.44 564.63 581.8 594.44 611 631.27 650.34 663.84 674.18 681.78 686.42 688.29 693.61 707.51 721.15 720.65 722.46 729.77 734.6 741.45 750.73 757.03 758.01 760.62 765.78 775.84 784.26 791.11 795.8 799.65 799.41 804.37 812.64 821.14 828.74 836.38 846.01 854.11 856.38 848.8 837.15 817.36 803.91 786.68 768.06 754.36 741.08 719.14 695.52 679.81 659.93 646.35 631.88 614.23 600.64 588.81 580.26 571.06 559.55 548.33 544.74 540.77 534.16 526.17 519.11 511.89 507.01
512.51 510.88 512.89 524.94 534.72 547.5 568.46 588.23 605.28 620.89 643.94 660.33 669.08 676.75 681.46 685.79 695.98 696.23 710.48 722.68 724.43 731.43 742.7 743.62 747.98 758.3 764.46 763.95 765.77 771.07 777.96 786.3 791.28 794.21 797.87 795.63 796.99 804.63 814.28 821.96 830.65 841.32 846.85 848.52 845.62 842.66 831.09 814.17 794.42 774.84 758.22 742.54 725.06 702.39 685.47 666.91 650.81 634.95 620.59 610.01 600.7 592.43 583.42 575.21 566.88 565.08 559.46 550.26 537.79 527.08 519.4 512.97
506.54 507.25 513.89 529.79 539.63 551.6 569.03 587.68 609.63 625.67 644.55 658.46 667.21 676.31 684.52 691.83 701.57 703.15 713.53 723.69 726.51 738.59 750.12 753.48 756.41 763.94 767.12 770.64 773.65 776.72 780.5 786.67 790.79 793.17 792.74 791.76 791.42 797.11 807.75 816.49 825.49 833.75 838.16 839.27 843.98 843.29 835.33 820.32 801.15 781.16 763.9 748.4 733.75 717.91 695.33 675.24 659.36 639.55 629.77 622.11 616.98 606.35 596 588.36 586.02 586.82 580.97 570.01 553.72 538.7 527.87 516.63
504.99 507.63 517.44 530.75 540.82 552.92 565.58 581.07 605.85 626.4 639.68 654.26 666.14 678.48 691.83 699.28 704.85 710.93 722.78 727.9 734.36 743.32 753.02 756.08 761.08 768.23 766.93 772.84 777.71 779.88 782.08 785.42 787.23 788.44 786.61 788.91 792.64 796.46 804.82 811.49 817.72 824.62 831.23 834.08 839.8 837.7 830.99 818.13 804.46 789.14 772.47 757.34 744.27 730.82 708.71 685.96 673.16 653.43 641.89 636.17 631.6 620.87 607.22 601.14 602.79 605.5 600.91 588.26 570.05 550.16 532.26 519.66
506.87 511.8 519.79 533.09 542.73 554.2 564.71 579.86 603.06 626.1 638.41 653.76 667.99 684.13 698.54 706 710.9 716.31 729.17 735.37 742.69 748.22 757.58 760.93 765.83 770.44 768.48 769.76 775.49 778.99 780.5 781.36 780.4 781.62 782.52 785.49 791.28 796.67 803.95 808.74 810.83 816.54 822.8 827.84 830.48 828.49 821.78 816.31 807.96 798.08 783.42 767.41 753.72 739.82 721.53 701.09 687.14 671.29 655.98 648.71 642.1 631.35 617.19 612.74 616.57 623.7 615.53 600.47 580.03 558.12 538.99 523.67
508.72 515.18 526.02 537.96 547.22 557.85 570.13 585.52 604.45 626.74 641.43 656.73 671.23 686.77 697.73 708.55 713.21 722.45 733 741.97 745.51 750.94 757.56 762.54 766.74 768.22 770.18 769.13 772.8 775.42 777.5 779.59 778.23 777.8 779.59 781.52 785.86 791.73 798.42 803.97 806 809.05 813.83 817.58 821.19 818.78 817.02 814.85 810.78 803.28 792.67 779.11 760.11 743.82 729.93 714.74 699.52 685.53 669.4 657.37 648.2 639.25 629.64 623.46 628.36 637.98 625.2 603.93 584.3 562.5 546.42 530.23
507.45 518.18 532.65 543.34 551.13 561.84 576.35 593.13 611.13 628.01 646.19 660.52 674.21 684.28 695.98 708.45 714.69 725.91 734.65 742.71 743.32 744.64 751.25 757.99 762.98 766.95 771.32 770.88 769.84 768.86 770.88 774.75 777.68 772.12 773.63 778.22 783.27 784.88 789.56 795.58 798.02 802.17 805.85 810.1 813.68 813.61 815.68 812.61 808.91 803.12 795.56 785.72 767.21 749.81 737.81 723.28 710.13 699.66 681.23 665.75 651.91 649.3 644.94 643.36 641.22 640.95 634.88 603.19 584.13 567.19 553.5 538.09
506.17 517.25 533.09 547.43 555.53 570.08 586.02 602.85 618.62 633.22 650.11 664.13 677.43 688.06 695.89 708.64 716.98 724.77 731.88 738.08 737.1 738.62 743.81 751.91 755.4 759.2 762.79 763.16 766.77 763.05 764.47 770.38 771.49 765.53 766.84 774.46 780.25 779.74 783.03 790.48 793.66 799.56 801.71 803.32 807.5 809.32 811.06 809.51 806.3 801.79 796.71 787.26 773.36 758.38 746.16 730.02 718.5 708.58 691.59 677.66 664.83 664.78 663.66 657.57 653.05 642.8 629.9 603.52 583.71 571.97 559.22 545.43
500.34 513.02 525.88 545.59 557.93 576.93 596.06 612.92 624.95 636.12 652.98 668.47 681.12 692.65 700.86 709 717.24 724.8 729.39 732.97 728.87 729.2 730.33 738.48 743.16 748.48 747.49 752.09 757.38 757.04 759.6 765.9 767.24 767.26 768.51 775.05 776.53 777.13 776.71 782.67 788.59 796.88 797.21 796.7 799.81 802.76 805.42 806.4 805.6 802.81 798.84 788.85 777.34 762.2 752.9 742.05 725.99 717.39 705.36 690.59 681.09 679.12 676.85 670.97 661.4 642.4 626.2 602.15 583.26 571.95 563.19 552.64
498.52 510.5 528.14 546.55 562.25 581.35 603.66 620.31 628.43 638.76 657.18 671.88 684.19 689.87 697.11 703.73 712.35 719.68 726.95 725.78 720.31 714.36 723.32 722.89 731.93 732.08 740.37 748.7 751.26 748.54 750.55 756.29 763.37 768.12 770.19 774.21 777.93 779.28 776.8 779.83 777.87 783.18 786.83 789.5 792.62 794.84 801.46 804.84 807.94 805.56 799.63 791.88 783.99 769.19 757.49 745.01 732.52 725.47 715.95 701.29 697.99 693.07 688.09 682.5 667.24 646.81 628.84 606.1 586.3 576.33 573.17 563.73
497.91 509.8 525.18 544.7 561.97 579.41 597.22 619.49 628.99 643.05 658.4 670.66 680.25 685.93 687.89 692.32 697.83 706.96 712.94 714.08 712.91 707.84 710.65 719.85 725.91 728.25 734.57 738.74 741.56 741.44 742.02 747.75 758 768.53 771.44 772.93 777.15 774.97 772.89 769.6 766.3 770.31 774.01 776.91 782.62 787.12 792.22 801.72 808.28 810.16 802.85 798.42 790.32 776.77 764.89 752.12 743.09 738.67 732.88 728.95 721.58 714.74 704.76 688.13 669.4 646.94 630.47 614.82 598.51 589.4 584.77 575.72
492.44 506.71 522.57 536.9 559.9 576.9 592.21 609.93 627.01 642.27 656.15 665.82 671.24 674.69 679 683.19 687.92 697.38 701.34 704.62 708.18 706.8 708.53 717.86 727.18 726.17 728.49 728.34 732.13 737.52 740.13 744.83 758.11 769.31 774.07 771.91 771.02 766.63 767.01 764.44 760.95 764.82 765.73 764.97 771.46 780.83 787.8 793.59 808.14 811.2 806.03 801.05 793.83 783.3 771.01 759.22 756.46 752.16 748.76 746.87 744.29 733.95 718.44 696.06 666.07 651.31 635.62 623.95 615.02 608.34 600.44 591.5
496.63 508.8 524.35 543.06 555.64 572.67 590.23 608.78 623 636.01 647.56 660.69 665.17 665.19 667.89 673.29 680.88 689.05 691.99 701.06 708.06 704.94 705.92 713.99 720.92 724.65 720.82 722.91 730.62 736.56 744.26 753.41 757.77 762.83 772.39 762.99 753.81 759.05 759.64 757.48 756.2 757.3 757.53 757.68 763.87 767.57 775.69 786.76 800.72 808.45 808.02 805.22 799.09 788.38 778.89 767.06 760.69 759.31 755.46 751.68 749.43 742.7 722.79 699.46 672.7 659.42 643.59 635.81 627.68 620.24 611.56 602.91
500.28 515.41 534.79 547.22 556.38 569.38 581.31 601.93 613.12 622.58 628.89 640.59 652.72 658.02 661.28 663.12 666.39 675.19 683.41 690.42 698.38 704.16 707.14 710.25 711.25 709.37 716.61 722.14 721.82 723.69 737.73 747.45 750.06 748.44 744.11 746.75 749.52 750.96 752.22 755.9 748.41 747.94 751.36 752.37 754.31 761.35 768.51 774.85 789.08 805.01 808.03 808.19 802.07 793.9 784.69 776.78 772.07 772.66 767.44 754.83 747.34 736.9 725.06 705.08 682.06 671.5 658.83 649.9 640.38 633.07 622.47 610.32
504.51 516.51 535.33 545.09 552.34 565.23 577.53 587.49 601.67 613.7 625.2 636.28 648.91 655.28 656.55 657.49 660.52 666.12 674.47 682.76 692.34 700.43 705.29 699.66 700.61 706.5 715.21 720.55 720.73 725.08 732.84 744.6 747.74 744.4 733.78 730.09 743.29 742.05 746.98 747.98 743.35 742.26 744.32 746.17 749.27 755.01 766.24 770.54 782.53 800.99 806.79 808.89 805.14 796.33 785.98 776.92 770.46 765.52 757.98 743.95 734.62 732.63 725.52 706.96 684.07 671.65 662.62 651.57 641.61 634.78 618.74 602.71
