burnAlone/geresHeight_150.grass
north: 41:54:44.0712N
south: 41:53:06.836388N
east: 8:12:49.672656W
west: 8:14:59.8488W
rows: 150
cols: 150
[rows 64 to 95 of 150, columns 72 to 143 of 150]
768.72 764.15 756.19 746.34 734.92 731.7 724.68 713.82 704.12 697.17 692.11 690.19 689.32 686.96 683.47 679.39 675.11 671.61 669.87 670.54 669.83 667.55 662.14 652.74 641.51 634.26 629.38 625.81 615.51 601.78 593.04 591.95 588.35 585.39 583.98 581.83 572.68 556.72 538.81 524.24 514.89 509.87 504.85 500.91 498.01 495.4 493.18 492.97 488.6 482.16 475.54 469.46 463.09 455.72 446.45 429.84 419.35 412.45 406.9 396.59 386.12 380.14 366.97 355.71 354.63 351.46 346.44 344.16 345.74 347.63 351.37 350.69
763.77 760.92 753.09 744.92 737.77 733.86 724.94 712.66 701.84 693.59 686.29 683.81 683.33 681.92 678.34 674.43 671.75 667.73 665.99 666.66 667.24 664.92 660.72 654.21 643.71 638.14 631.58 625.86 612.15 597.81 591.1 591.17 586.97 582.89 577.78 575.15 565.52 551.55 539.24 529.5 520.71 516.25 511.79 508.02 505.42 503.8 502.36 499.87 492.69 484.48 476.19 468.43 460.89 453.82 446.79 432.43 416.34 408.1 400.43 391.85 385.48 381.17 369.56 358.29 354.11 346.72 344.12 346.48 349.44 350.17 349.43 349.31
760.65 757.58 751.49 745 737.7 731.98 721.98 709.98 699.42 689.78 681.98 677.64 675.12 673.25 670.35 667.29 665.46 663.31 661.14 662.98 664.82 662.29 657.48 652.22 645.34 641.01 634.08 625.67 612.81 599.95 592.01 589.09 585.19 581.29 577 573 564.3 552.61 542.25 535.16 529.55 526.09 523 519.67 517.37 515.4 512.05 507.31 497.76 486.61 477.68 468.9 460 451.86 443.51 427.46 411.87 401.76 394.17 387.24 381.14 375.26 365.54 353.4 348.87 342.98 345.85 350.52 350.37 349.66 347.49 345.75
757.57 753.89 749.84 744.51 736.1 729.07 719.11 707.84 697.43 687.25 679.45 673.12 667.6 664.39 662.09 659.98 658.59 658.17 655.83 658.37 660.85 658.5 653.43 648.87 645.01 641.8 635 625.08 614.14 603.07 593.68 587.53 583.55 579.7 577.24 571.83 564.55 555.34 546.11 540.82 538.35 536.66 535.26 532.63 530.61 527.8 521.94 515.24 504.11 490.57 480 469.26 458.7 449.15 438.37 420.95 408.12 396.51 389.13 382.86 376.45 369.8 359.9 348.2 343.86 341.43 348.36 353.76 350.98 348.21 344.05 342.01
752.82 749.1 746.56 740.67 732.22 726.48 719.58 708.87 697 689.19 681.39 673.94 664.46 658.31 655.58 654.16 652.51 651.14 649.92 650.48 651.58 650.87 648.39 644.3 638.71 636.63 630.38 623.4 613.88 603.68 595.19 588.95 582.78 577.24 575.69 569.68 564.03 557.67 550.34 546.08 544.17 546.4 547.03 545.69 543.89 539.87 532.03 524.34 513.76 500.79 484.31 467.79 454.82 444.07 430.48 416.42 408.08 396.68 387.97 379.11 374.08 372.39 355.16 349.06 344.12 346.18 349.61 352.73 353.18 346.53 335.64 339.77
752.07 747.69 744.23 738.55 731.53 725.96 719.97 711.06 700.5 692.64 685.99 676.65 665.36 656.84 652.88 651.15 648.29 644.53 644.05 644.36 644.53 643.8 642.28 639.47 634.78 631.9 626.98 621.09 613.62 605.37 597.88 591.53 584.42 579.9 577.33 571.36 565.58 559.82 553.65 549.06 547.33 549.26 551.59 551.93 549.9 545.29 538.3 530.27 519.49 504.53 485.08 467.63 454.58 442.44 426.85 415 408.07 398.03 388.31 378.14 372.45 369.74 350.56 346.23 346.77 348.41 349.35 351.25 351.06 342.45 335.22 338.21
753.09 747.87 742.61 737.48 732.29 726.54 720.58 713.76 705.35 696.25 690.82 680.02 668.29 658.19 652.55 649.61 645.27 639.07 638.84 639.33 638.85 637.48 636.08 634.55 631.6 627.19 623.57 618.07 612.68 606.5 600.04 593.97 586.7 583.94 579.73 574.06 567.56 561.47 556.1 551.12 549.54 549.46 552.59 553.74 551.19 546.7 541.68 533.25 521.05 503.67 483.97 468.37 456.2 442.6 425.62 414.91 407.98 400.17 389.81 378.69 370.91 364.23 345.91 342.28 349.14 348.97 348.49 349.35 346.88 338.21 337.82 336.8
753.74 748.39 742.65 738.09 732.94 728.05 722.87 716.35 707.42 696.64 689.53 682.09 672.3 663.88 656 649.18 644.37 639.59 637.67 635.97 635.4 634.25 632.33 629.85 626.34 621.37 616.63 612.38 607.51 601.03 595.51 592.28 585.97 582.09 577.79 572.12 566.31 560.57 555.84 553.88 553.42 552.78 552.03 547.53 543.95 542.18 537.93 526.91 507.99 492.68 481.39 471.04 459.04 444.07 427.22 414.26 407.33 403.79 394.21 380.76 367.9 355.82 340.48 341.89 342.93 346.39 348.14 346.12 342.18 339.72 336.53 334.38
754.38 748.37 743.08 739.07 734.58 729.69 724.57 717.86 708.98 699.18 689.38 682.65 674.11 667.04 660.16 653.34 647.45 641.64 638.04 635.06 633.87 632.35 629.88 626.68 622.82 618.62 613.75 608.94 602.26 594.94 590.34 588.46 582.17 577.17 572.17 566.61 562.63 559.66 556.96 555.13 553.47 551.94 548.66 542.24 538.52 536.37 529.27 515.16 498.81 487.82 479.44 470.8 459.82 445.84 429.96 414.77 408.83 404.93 394.85 380.45 363.98 347.65 337.6 342.4 340.55 342.27 343.2 341.04 338.86 340.13 334.47 332.86
754.96 748.01 743.79 740.24 736.75 731.25 725.71 718.56 710.15 702.99 690.09 682.24 674.41 668.4 664.59 660.37 653.2 644.86 639.56 635.95 633.78 631.49 628.54 624.88 620.79 618.09 613.68 607.18 597.28 588.81 585.05 583.39 576.39 570.4 564.41 559.07 557.56 558.76 558.87 555.25 550.94 548.34 543.61 537.83 534.34 529.55 517.41 500.24 492.31 486.83 477.61 468.29 458.85 447.45 433.22 416.15 411.63 404.52 392.77 378.17 359.45 340.01 336.58 343.36 340.7 337.22 335.38 334.93 336.47 339.58 331.91 331.96
754.1 748.27 744.95 739.73 735.58 729.53 723.77 717.65 710.45 702.68 692.03 683.06 674.58 668.4 664.28 661.24 657.47 650.51 642.96 639.18 636.15 633.43 631.51 629.4 624.98 620.03 613.94 608.13 598.96 590.45 586.13 583.26 573.29 568.98 564.67 560.58 558.12 557.85 557.4 553.39 549.65 547.05 543.74 538.48 530.16 519.85 509 496.79 486.06 478.81 469.2 460.23 451.35 441.37 430.85 419.38 410.94 407.02 387.72 368.99 354.7 340.27 337.62 341.03 338.63 334.85 333.48 333.38 333.67 334.84 329.97 331.14
751.94 746.85 742.93 736.58 732.87 726.3 720.21 714.74 708.42 700.68 691.71 683.01 675.77 670.02 665.75 662.96 660.44 655.08 648.09 644.1 639.92 637.01 635 632.14 627.07 621 614.63 609.48 601.35 593.06 588.18 585.01 575.53 570.94 566.09 562.73 559.84 557.92 555.68 550.83 549.32 543.92 539.23 533.04 522.23 509.93 500.6 491.08 481.75 471.76 460.15 450.7 442.75 435.23 428.39 417.77 409.61 403.35 379.7 359.1 348.13 339.3 336.41 336.74 335.14 332.27 331.74 332.86 333.8 333.8 330.62 331.79
748.49 743.74 737.71 730.8 728.6 721.55 715.04 709.83 704.07 696.97 689.12 682.11 677.96 673.25 668.98 665.55 662.12 658.57 654.95 650.69 645.09 642.22 639.01 633.09 627.07 621 615.75 611.25 604.46 596.63 591.19 588.63 583.11 576.29 568.68 565.54 562.73 558.95 553.69 547.55 549.97 538.96 530.09 521.53 510.54 499.8 492.19 483.1 479.38 465.68 450.45 439.71 433.05 429.02 425.85 411.3 407.63 393.52 368.71 348.49 339.72 337.1 332.96 330.49 330.23 329.46 330.14 333.38 336.86 336.48 333.85 333.9
743.81 738.91 733.85 727.98 722.97 717.63 712.66 707.5 701.4 694.42 687.15 681.29 677.45 673.15 670.28 668.34 665.16 661.24 658.31 653.59 647.39 642.67 638.21 632.68 626.9 619.77 611.36 605.95 601.64 597.58 594.01 590.65 585.4 579.53 571.88 566.69 561.88 557.15 550.76 540.95 537.67 528.54 522.51 514.46 503.79 492.55 482.8 474.51 468.37 453.81 439.52 431.31 425.94 420.51 415.91 405.45 399.31 377.65 356.61 342.33 335.63 333.18 328.69 328.76 327.78 326.87 326.94 329.95 334.25 335.24 335.85 336.38
740.91 735.32 731.37 726.63 720.71 716.47 712.11 706.73 700.53 693.95 686.79 681.36 677.4 673.74 671.93 670.61 667.53 664.27 660.31 655.2 648.49 642.96 638.02 631.96 624.32 615.84 606.12 600.04 597.96 596.5 593.56 589.27 584.56 580.28 572.54 565.67 558.44 552 544.94 534 526.84 518.36 513.73 506.56 496.76 485.17 473.41 465.2 457.63 446.44 433.79 425.5 419.22 412.5 407.01 399.89 390.27 367.72 350.61 340.36 334.56 331.22 328.1 328.01 326.19 324.72 324.21 326.8 331.64 334.77 338.05 338.69
740.7 733.63 730.81 727.19 723.42 719.28 714 708.02 702.17 696.45 688.73 682.74 678.22 675.55 674.22 672.12 668.82 667.9 660.56 655.2 648.06 643.35 639.06 630.88 618.25 608.08 600.05 593.74 593.43 592.67 588.39 583.06 579.56 577.52 569.43 561.57 551.5 542.17 534.99 526.8 519.08 508.91 503.08 497.11 488.95 477.41 464.1 454.9 447.89 446.05 435.73 423.31 412.88 405.39 400.15 394.72 380.61 366.85 353.59 344.2 337.58 332.26 332.93 328.35 325.67 323.21 322.27 324.34 329.44 335.67 340.64 340.72
743.26 736.85 734.67 731.68 727.81 721.71 715.97 711.09 706 699.51 691.23 686.12 682.49 680.59 679.02 675.86 671 667.4 661.05 654.87 647.44 641.66 635.3 625.17 611.68 600.32 591.56 585.89 584.78 583.49 580.24 576.74 573.56 567.97 559.09 549.12 538.62 529.67 522.47 514.96 509.09 499.18 492.03 486.45 478.44 466.68 454.45 447.57 443.53 439.21 430.43 421.81 411.22 399.8 393.45 383.42 372.55 362.65 351.33 341.73 336.14 334.07 333.08 328.36 325.6 323.74 324.3 326.45 330.69 338.51 343.23 340.33
746.82 741.23 739.4 736.45 731.73 724.62 718.53 714.13 709.69 703.12 694.63 690.47 687.18 685.38 683.32 679.41 673.58 667.35 661.26 653.91 645.1 637.07 628.58 617.53 604.22 592.97 583.26 578.25 576.12 574.35 572.44 570.65 567.02 557.29 548.07 536.89 526.49 518.32 511.58 504.83 499.97 491.14 482.88 476.52 467.79 456.36 446.5 441.99 439.37 431.97 424.71 418.55 407.88 393.91 385.22 372.76 365.49 358.37 348.87 339.71 335.14 335.16 332.25 327.74 325.64 324.54 325.79 327.67 330.89 338.57 343.78 339.81
751.57 746.4 744.49 740.41 734.06 728.72 722.32 716.46 712.32 707.73 699.8 696.2 691.58 688.48 685.6 681.78 676.68 669.72 660.83 651.71 639.07 626.89 617.07 607.36 594.95 586.5 576.23 571.61 568.88 567.19 566.4 565.09 559.64 546.56 538.11 528.05 518.08 510.43 505.16 500.04 493.5 486.91 478.05 468.63 457.79 447.95 442.36 439.18 433.77 426.15 420.62 411.18 399.21 386.84 373.62 365.65 360.06 355.09 347.84 340.92 336.65 334.38 330.91 325.84 325.77 325.18 324.72 325.34 327.57 331.88 339.9 339.86
756.14 750.58 746.63 741.86 735.1 728.51 722.27 717.2 713.17 708.5 701.99 696.8 691.24 686.82 682.69 678.53 673.72 665.9 657.65 648.22 633.36 620.89 612.91 605 592.4 582.02 572.05 566.85 562.83 559.41 555.56 550.59 545.81 535.82 531.83 519.71 508.98 502.34 498.1 494.79 490.01 481.79 471.37 460.84 449.74 440.37 435.34 432.01 425.08 418.54 412.38 402.31 391.14 380.4 368.15 362.51 358.6 354.33 348.49 341.53 335.68 332.61 330.63 325.86 325.1 325.66 324.93 325 326.63 328.21 336.02 338.18
759.52 753.46 747.46 742.26 735 727 721.34 717.54 713.51 708.14 702.57 695.51 689.08 683.63 678.42 673.66 668.71 660.19 653.38 643.82 628.04 616.33 610.22 603.57 590.64 578.14 568.73 562.36 557.05 551.78 544.57 535.57 530.02 524.82 524.42 511.37 500.43 494.57 491.03 489.03 485.56 475.66 464.08 453.05 442.2 432.99 427.22 422.97 415.3 409.56 402.56 392.7 383.08 374.77 365.7 361.86 359.38 355.44 350.72 343.23 335.53 331.92 331.23 326.77 324.94 326.19 325.78 325.86 327.23 327.3 333.86 335.96
758.88 752.81 746.81 741.61 732.28 725.49 721.39 718.19 713.98 707.88 700.63 693.01 685.55 680.13 674.88 669.14 662.89 654.41 648.16 637.62 623.73 612.41 604.92 597.1 584.52 574.26 565.41 556.75 550.97 545.35 538.1 528.19 514.15 512.88 509.16 502.54 494.57 488.1 484.57 481.96 474.57 466.91 456.62 445.16 434.4 425.45 418.3 412.02 404.91 397.66 391.57 382.01 374.41 371.32 367.33 365.74 363.82 360.44 356.67 349.4 340.92 336.06 333.77 328.76 327.4 327.05 327.51 328.83 330.68 332.86 337.74 333.68
757.79 752.34 745.12 737.64 729.22 724.42 720.7 717.44 713.58 706.87 698.69 690.13 681.9 676.38 671.32 665.48 659.17 652.01 644.81 632.81 620.73 611.19 602.5 591.94 579.59 570.82 563.66 554.82 546.38 537.68 528.29 518.11 506.99 503.59 495.03 489.91 484.69 480.5 477.72 473.2 467.94 461.01 450.18 438.76 428.37 419.36 410.6 400.26 394.46 387.86 383.2 376.73 371.86 370.78 370.11 369.62 368.27 365.44 361.83 355.68 348.2 342.64 339.9 335.46 335.01 334.61 334.79 335.04 335.38 336.94 339 335.2
756.28 751.52 742.79 732.54 726.15 723.36 719.56 716 712.64 705.51 696.92 687.31 678.5 672.88 668.04 662.39 656.48 651.07 642.26 629.25 618.83 611.12 601.38 588.13 576.03 568.08 562.88 554.69 543.05 530.32 517.97 507.88 503.77 495.32 482.6 476.69 473.52 472.4 470.82 464.58 462.92 455.98 443.98 433.15 423.22 413.64 403.35 389.42 385.16 380.23 377.36 375.17 373.27 372.68 374.06 373.92 373.12 370.74 366.87 362.15 356.56 351 348.72 345.03 345.48 345.61 344.74 342.77 340.85 340.56 339.83 339.26
753.26 747.77 739.65 730.51 724.21 720.99 717.66 714.45 710.87 704.3 696.27 686.1 677.21 671.98 666.79 660.23 654.03 649.05 639.11 629.64 620.13 610 599.7 589.12 577.8 568.73 563.53 554.86 543.44 529.15 515.17 505.43 498.85 485.36 477.94 471.74 466.66 464.64 464.79 462.34 454.51 447.58 436.05 428.11 418.17 405.66 395.2 387.53 383.82 380.49 380.16 381.12 381.54 381.56 382.3 381.03 380.8 378.02 373.59 369.52 366.04 363.42 364.11 358.74 358.55 358.11 354.61 350.27 347.45 345.9 346.3 347.96
749.74 744.09 736.88 728.86 722.95 719.87 717.07 713.88 709.86 703.9 696.75 687.33 678.55 672.58 666.82 659.96 653.08 647.12 637.37 631.23 621.29 610.14 600.13 590.66 579.81 571.26 565.41 556.72 546.61 534.72 521.66 509 497.3 483.33 477.66 470.67 463.15 458.31 457.17 456.1 447.99 441.05 431.93 426.23 416.79 404.97 397.22 391.33 388.84 387.46 388.74 391.33 393.36 394.11 393.87 391.16 388.55 384.66 380.47 377.65 375.9 374.93 376.66 371.9 370.93 369.36 364.38 358 353.92 353.88 355.4 358.98
745.95 740.58 734.45 727.6 722.29 719.78 717.44 713.98 709.38 704.07 698.02 690.24 681.73 674.27 667.78 661.02 653.21 645.31 636.64 633.45 622.26 611.15 602.04 592.58 582.05 575.23 568.22 559.72 551.51 544.6 534.23 516.54 498.3 487.07 480.67 472.54 462.19 453.29 448.79 447.3 443.05 436.15 430.73 426.74 418.26 409.67 406.46 399.38 398.53 399.29 401.52 404.63 407.65 409.12 407.64 403.3 396.43 390.96 387.58 386.41 386.08 385.76 387.04 384.48 382.68 379.66 374.11 366.07 360.63 363.87 366.37 371.47
744.44 739.93 733.98 729.36 724.75 722.79 718.61 713.33 708.91 704.16 698.67 691.45 683.5 676.21 669.12 661.67 653.6 644.66 636 629.18 620.1 611.54 603.07 593.74 585.15 581.7 572.44 561.23 549.05 540.98 531.43 514.86 502.91 492.81 488.04 478.14 465.68 455.88 450.34 446.35 444.34 438.57 434.26 430.62 425.46 418.94 413.57 411.71 411.42 412.74 415.96 418.47 420.06 419.9 416.04 411.71 406.52 400.83 398.05 397.7 397.5 395.85 393.59 392.15 390.44 388.71 384.5 379.13 376.1 377.02 376.72 379.02
744.62 740.8 735.95 732.48 728.22 725.49 720 713.95 709.62 704.98 698.68 692.02 684.63 677.52 670.12 661.79 652.66 643.59 633.56 625.29 618.68 611.71 604.3 596.21 587.51 584.68 574.28 562.38 549.19 540.59 531.9 518.05 510.27 499.91 492.37 482.58 470.34 459.86 453.12 448 446.58 441.66 437.97 434.69 431.79 427.89 423.53 424.33 424.33 425.43 428.19 428.95 428.17 426.2 421.64 417.58 414.35 410.57 408.59 407.94 406.71 404.04 401.89 399.66 397.38 396.61 394.8 393.4 393.08 391.52 388.97 389.01
746.56 743.26 740.48 737.01 732.74 727.87 721.64 715.89 711.56 706.58 698.04 691.94 685.11 678.16 670.76 661.36 650.33 642.09 629.24 621.8 618.04 611.67 605.72 600.05 589.11 584.04 573.64 563.16 552.04 543.56 535.78 526.33 520.49 508.45 493.53 485.82 476.2 465.29 457.17 452.35 449.82 445.45 441.85 438.96 437.23 436.51 436.47 437.27 437.27 437.33 438.1 435.94 431.79 427.84 424.32 420.82 419.82 420.19 419.2 417.08 413.61 410.25 412.03 406.98 403.46 403.29 405.02 408.92 411.62 407.43 403.19 401.56
747.89 744.62 741.79 736.21 730.32 725.36 720.92 715.88 710.12 704.55 698 690.35 681.51 672.1 662.06 651.78 642.27 634.4 625.62 619.53 614.95 608.98 602.75 596.2 586.88 578.51 567.58 557.99 549.15 542.47 535.8 528.02 524.69 512.02 499.09 490.07 481.21 472.43 465.98 463.05 460.98 456.12 451.54 448.35 446.4 445.34 444.89 444.71 444.71 442.76 440.9 437.23 432.85 429.48 427.15 425.27 426.52 429.23 427.85 425.2 422.74 420.12 418.66 412.93 411.24 413.22 416.3 420.05 422.14 418.87 415.59 413.33
748.5 745.55 743.1 734.39 728.34 723.84 720.38 716.06 709.95 703.56 699.03 689.92 678.96 667.53 656.06 645.24 635.92 628.28 622.66 617.64 611.97 605.3 598.13 590.98 583.35 572.95 563.24 554.6 546.74 540.42 534.21 527.72 524.84 513.85 502.39 493.78 486.27 479.93 475.83 474.13 472.62 467.42 462.41 458.92 456.69 455.03 453.39 451.5 450.61 447.13 443.79 439.2 434.89 432.4 431.25 430.82 432.98 436.6 435.1 433.22 432.01 429.23 426.43 421.04 420.83 423.87 427.63 430.71 431.54 428.97 426.59 424.44
