burnAlone/geresHeight_150.grass
north: 41:54:44.0712N
south: 41:53:06.836388N
east: 8:12:49.672656W
west: 8:14:59.8488W
rows: 150
cols: 150
[rows 32 to 63 of 150, columns 0 to 71 of 150]
0 509.47 513.38 519.08 527 535.32 541.43 550.07 556.58 563.83 572.41 584.26 598.99 614.58 629.57 636.5 646.25 656.87 666.38 676.49 687.64 696.91 703.03 707.84 710.76 713.68 719.32 727.59 735.05 737.56 742.67 745.13 751.28 757.01 760.36 762.38 765.24 769.48 769.84 768.89 768.17 770.28 774.3 777.37 779.03 779.9 781.62 780.98 779.9 780.02 781.21 782.03 782.45 785.44 789.19 792.82 797.46 802.43 806.18 809.03 809.9 812.31 816.53 820.48 823.73 826.48 828.54 829.8 825.47 821.56 818.62 814.94
0 511.56 515.54 522.56 531.11 538.64 544.81 552.33 559.26 567.29 576.61 587.21 599.76 614.72 630.28 638.21 648.42 658.6 668.36 678.97 689.18 695.92 704 710.07 712.59 716.75 723.51 730.88 737.02 742.66 744.83 748.35 753.41 757.84 761.19 764.03 766.68 768.84 767.67 769.08 768.15 769.33 772.84 775.26 776.93 777.94 780.83 779.84 778.19 777.83 778.88 780.32 780.18 782.48 785.53 789.72 793.96 798.65 803.8 806.28 807.29 808.43 811.25 814.58 817.3 819.72 822.55 822.69 818.78 817.32 816.2 814.74
0 512.21 518.99 527.44 535.51 541.7 547.22 553.62 560.55 570 580.62 591.74 604.07 617.56 629.29 641.14 651.65 660.97 670.3 678.84 686.46 694.8 704 710.07 713.06 719.73 726.82 733.03 739.48 744.47 744.96 745.76 748.46 752.71 757.18 760.97 764.35 768.19 769.26 771.49 771.9 771.45 770.9 770.73 772.45 774.02 775.4 777.9 779.23 777.96 776.29 777.65 776.95 781.49 783.94 786.23 788.53 791.96 796.69 799.21 800.78 803 805.65 808.41 811.35 814.37 816.82 817.52 815.29 816.45 815.43 813.45
0 512.49 520.3 530.54 539.72 545.55 550.34 557.2 565.32 575.37 586.37 597.42 609.14 621.51 631.71 644.31 654.15 663.34 672.45 680.17 686.18 692.82 703.54 710.01 714.2 720.6 726.89 732.6 738.65 742.69 742.29 742.99 743.96 748.76 754.45 758 760.93 765.26 765.81 769.43 769.89 770.54 770.64 768.03 767.91 769.24 770.88 775.2 776.73 773.98 770.72 771.69 772.8 778.79 782.19 783.46 784.22 787.11 792.5 795.7 796.64 799.48 802.17 804.53 806.95 809.73 812.45 813.72 812.77 814.5 813.65 811.7
0 512.27 520.05 531.49 542.33 548.81 553.19 561.62 571.33 581.78 592.9 603.69 614.53 625.68 635.24 647.28 656.37 665.82 674.74 682.28 687.63 691.87 703.1 710.13 715.53 720.77 725.81 731.02 736.28 739.4 738.26 739.61 739.71 744.52 750.8 754.27 756.34 760.76 760.43 764.53 764.55 767.19 769.66 765.72 763.56 764.51 767.15 772.32 772.93 768.97 765.21 765.73 769.1 776.04 780.24 780.84 780.53 782.94 788.72 793.01 793.55 797.03 800.17 801.94 803.2 805.29 808.36 810.28 810.37 811.77 811.26 809.7
0 510.2 516.17 524.93 536.9 547.22 553.15 565.5 576.33 587.9 599.75 610.5 619.92 628.65 637.13 648.62 658.7 668.83 677.28 685.25 692.85 698.12 703.75 711.33 716.35 721.8 725.9 729.08 733.05 736.03 733.22 733.4 735.83 736.07 739.55 746.33 748.02 753 756.03 754.48 754.2 757.53 761.25 761.45 760.37 761.88 765.6 770.17 770 767.55 766.5 766.93 769.75 776.68 777.57 777.35 777.6 778.42 780.7 786.8 790.7 796 801.25 801.12 799.45 800.42 802.72 805.75 806.4 807.42 807.9 807.42
0 507.34 513.87 523.46 536.15 547.53 555.46 568.98 580.94 594.5 606.68 616.54 624.12 630.59 638.74 651.04 661.58 671.72 680.06 687.11 693.68 699.45 703.6 710.03 715.56 720.69 725.43 728.99 730.93 731.93 728.12 725.61 727.06 729.1 732.03 736.5 740.7 742.46 746.11 746.34 748.61 753.19 756.55 756.23 755.56 757.3 761.11 765.37 766.8 766.92 767.61 768.43 770 776.59 777.01 777.51 777.52 776.93 778.16 783.77 785.87 790.68 795.98 796.33 795.14 796.26 798.29 800.03 801.93 804.41 805.57 806.45
0 504.21 512.67 524.97 538.1 548.93 559 572 584.89 600.68 613.13 621.78 627.36 631.92 640.32 654.03 664.65 674.29 682.69 688.09 691.7 697.4 702.52 706.78 713.21 717.78 724.04 729.34 729.01 727.16 722.98 717.05 715.65 722.89 726.68 725.97 734.01 730.96 733.37 739.61 745.86 751.8 753.86 750.49 749.78 751.44 754.77 758.93 763.35 766.64 768.56 770.07 769.96 775.99 777.71 779.7 779 777.2 778.71 782.24 779.64 782.57 786.68 788.91 790.21 792.25 794.38 793.74 797.06 801.93 803.76 806.25
0 504.34 512.67 523.59 536.54 548.93 559 572 583.21 596.84 612.1 622.47 627.79 633.73 644.02 655.5 665.43 673.64 681.05 686.41 689.2 691.41 695.41 698.55 703.38 708.6 714.73 719.42 720.22 719.57 717.63 711.88 710.48 714.27 718.92 722.47 727.2 730.31 729.92 735.73 740.82 744.77 746.74 745.83 744.52 745.06 748.3 752.89 758.56 764.32 768.9 771.1 769.31 774.78 777.37 778.14 777.02 775.26 774.45 773.83 771.23 773.13 776.98 779.55 781.42 784.01 787.14 789.86 790.93 794.99 800.14 804.95
0 502.78 511.32 521.77 533.71 545.95 558.17 572.34 581.28 593.16 607.96 619.66 627.1 634.6 645.78 655.89 664.66 671.31 677.19 681.76 684.23 685.55 689.31 691.32 695.05 700.9 706.45 710.29 712.3 712.32 712.62 708.93 707.55 709.46 714.53 720.67 725.1 730 727.1 732.03 735.37 737.38 739.29 740.64 740.68 740.97 743.65 748.09 755.68 763.87 769.56 771.96 771.69 773.39 775.85 775.04 773.19 772.09 770.99 768.09 765.2 767.12 770.31 772.35 773.63 775.51 778.98 785.64 786.52 790.57 795.98 801.75
0 499.68 508.73 519.52 529.7 540.21 556.57 572.98 579.12 589.62 600.98 613.62 625.38 634.6 645.73 655.28 662.46 667.43 671.29 674.39 676.99 679.81 684.13 685.03 688.11 694.56 699.12 701.88 705.18 705.38 707.92 708.02 706.69 708.17 713.23 720.41 727.34 730 724.86 728.49 729.55 729.67 731.53 734.95 738.13 738.98 740.68 744.43 754.56 765.17 770.51 772.65 776.87 771.84 773.27 770.52 767.68 767.78 768.27 764.82 761.37 764.27 766.43 767.13 766.78 766.76 769.97 781.12 783.67 788.45 791.32 796.79
0 500.73 509.72 520.05 531.36 542.96 554.52 566.07 577.6 588.9 600.93 612.33 622.81 632.84 641.87 650.31 659.88 665.44 668.24 669.41 670.33 672.48 675.18 679.32 683.82 689.86 694.19 696.21 698.83 704.7 708.93 706.74 705.62 706.5 710.68 717.54 723.62 726.22 726.48 724.91 724.11 726.48 730.91 734.93 738.86 741.92 746.27 751.47 757.05 762.55 768.6 775.14 775.11 765.54 762.11 762.34 762.79 763.05 763.16 759.86 758.58 760.17 761.5 761.62 761.18 762.17 766.37 772.18 774.23 779.87 785.66 792.59
0 502.06 513.1 523.83 534.78 545.9 553.98 561.45 575.7 586.21 599.06 609.64 618.57 628.76 635.36 641.96 651.76 658.52 662.31 663.72 664.47 666.5 667.51 672.86 677.27 682.77 687.62 690.33 692.99 701.08 706.28 705.11 704.91 705.83 709.2 714.82 719.33 719.3 722.76 720.8 720.72 724.11 728.36 731.29 735.33 741.58 747.88 753.82 756.3 757.85 762.06 767.86 765.98 758.4 754.05 755.83 757.66 758.03 758.65 756.85 754.93 755.14 755.9 756.44 756.62 757.7 761.26 765.06 767.04 772.8 779.36 786.6
0 503.62 519.57 531.85 540.34 548.79 555.49 560.15 573.29 580.78 594.54 604.9 612.1 621.64 625.44 629.24 636.24 644.94 652.44 657 659.64 662.36 661.69 665.36 667.61 672.43 678.78 684.07 687.81 693.32 698.52 703.05 704.69 706.52 709.2 712.36 714.51 708.3 711.77 715.97 720.08 722.64 722.97 722.63 725.98 736.71 743.88 749.51 751.09 750.47 749.43 747.42 747.22 750.29 750.43 751.69 752.18 752.64 755.03 756.51 750.11 748.94 749.43 751.7 753.38 753.26 753.94 760.54 763.07 767.97 772.24 778.2
0 507.45 519 531.85 541.57 547.54 552.97 558.29 570.3 577.7 587.27 596.24 604.68 613.85 619.33 625.26 633.03 640.29 648.8 655.06 657.62 659.51 658.15 661.12 663.05 666.75 672.07 677.63 682.64 687.92 694.1 698.92 703.72 706.26 706.01 705.19 706.22 704.72 709.17 714.68 719.43 721.63 721.57 721.83 725.7 733.02 741.35 747.29 749.06 748 745.05 739.91 736.45 738.81 745.02 746.3 747.13 749.34 750.95 752.02 746.57 744.89 745.25 747.11 748.67 749.2 750.41 754.87 758.95 765.65 769.23 774.62
0 511.67 519.88 531.93 541.61 545.74 550.5 556.57 567.27 575.42 581.59 588.96 598.15 607.34 615.33 622.37 630.4 636.41 644.15 650.56 653.28 654.6 653.62 656.97 658.95 661.88 666.28 671.82 677.73 683.22 689.96 693.96 700.4 703.18 701.39 698.53 698.54 701.7 706.52 712.4 717.14 719.35 719.84 721.18 725.78 731.43 739.97 745.42 747.02 745.89 741.58 733.03 726.97 728.96 737.79 740.04 741.78 744.95 745.9 745.13 742.67 741.58 741.87 743.32 745.1 746.98 749.4 751.43 756.63 763.65 767.17 772.97
0 516.07 525.48 534.3 540.45 543.97 549.21 555.27 564.3 574.08 579.78 585.47 593.62 603.59 614.51 619.31 625.61 631.67 635.83 639.7 643.58 645.24 646.5 652.1 654.42 657.36 661.76 667.29 673.33 679.3 685.48 687.88 692.64 694.78 694.79 694.13 692.98 697.82 701.52 707.23 711.58 714.44 716.4 718.72 724.15 733.72 740.49 743.7 744.09 743.17 737.74 723.98 717.91 723.27 727.4 732.41 735.74 737.84 739.05 734.57 737.71 739.12 739.5 741.07 744.19 748.32 752.37 752.73 757.93 761.63 765.87 773.88
0 516.59 526.67 534.26 538.98 542.61 549.44 555.51 563.29 572.17 578.28 583.03 589.78 599.84 609.71 613.6 619.91 626.76 631.04 635.05 639.22 640.21 641.94 645.35 648.47 652.42 657.71 664.29 670.97 675.3 680.05 679.15 681.82 682.22 681.67 682.15 683.16 691.9 695.37 701.41 706.73 712.24 717.2 721.26 728.39 732.16 737.64 739.59 739.39 737.7 731.22 717.82 713.96 712.95 716.5 722.95 727.77 730.21 731.28 729.24 733.13 735.44 735.94 738.08 742.37 747.72 752.9 755.55 761.19 764.63 767.64 773.18
0 515.42 525.94 533.44 537.8 541.54 549.42 555.22 562.01 569.55 576.48 581 586.58 596.31 604.32 607.65 614.3 622.01 627.44 632.08 635.95 636.35 638.22 639.35 643.43 648.26 654.26 661.65 668.53 671.28 674.21 670.68 671.75 671.11 670.27 671.65 674.72 685.9 689.37 695.54 702.82 711.15 718.35 723.89 732.52 730.33 734.2 735.11 734.19 731.5 724.62 713.23 710.28 702.88 706.99 713.93 719.39 722.14 723.04 724.2 727.26 731.27 732.32 735.79 741.4 747.18 753.13 758.47 764.13 767.93 769.6 772.33
0 512.18 522.92 532.23 537.8 541.02 547.31 551.98 558.22 565.19 573.5 579.36 584.86 593.47 600.39 603.16 609.78 617.91 624.6 629.1 631.59 632.55 634.98 637.24 642.43 646.83 652.32 658.85 664.14 667.23 667.91 665.25 666.57 668.01 669.76 672.12 674.12 681.38 684.84 690.07 701.27 711.24 717.06 722.59 731.35 730.84 731.75 731.45 728.93 725.29 720 711.16 703.16 697.45 702.3 707.85 711.37 713.09 714.11 715.66 717.04 726.62 729.52 736.31 743.85 748.47 754.51 760.41 764.39 767.93 769.6 772.33
0 511.65 520.2 528.45 534.29 537.69 542.23 546.95 551.85 559.46 569.09 576.98 582.83 589.18 596.56 599.94 605.88 613.07 619.44 622.8 624.72 629.27 632.65 634.86 639.67 643.7 648.4 653.65 657.94 661.44 660.66 660.36 662.6 664.58 666.72 670.2 675.01 682.25 684.94 689.75 699.18 708.51 715.02 720.58 728.24 727.46 727.76 727.18 722.74 717.55 713.59 708.01 699.65 694.84 698.32 704.74 708.72 709.88 710.5 710.37 711.23 720.34 726.57 736.02 744.69 750.25 757.45 762.35 765.82 768.95 770.77 773.47
0 511.68 517.29 523.24 528.94 533.03 536 541.03 544.67 553.08 563.39 573.07 579.58 583.84 592.18 596.6 601.81 607.76 613.28 615.27 616.78 624.82 629.74 632.15 636.04 639.72 643.61 647.56 651.13 654.64 653.24 655.22 658.41 659.97 662.02 667.4 675.8 684.13 686.53 691.23 696.72 704.05 711.45 717.01 723.15 721.66 722.12 721.66 715.85 709.55 706.79 704.31 697.71 693.63 695.2 702.68 707.82 708.91 709.03 707.19 708.39 714.96 724.97 736.37 745.32 752.09 760.37 764 767.8 770.66 772.74 775.4
0 508.19 512.55 516.34 521.82 527.85 530.66 534.57 539.32 546.48 553.95 562.38 570.1 576.08 584.46 589.44 595.22 601.73 607.11 609.06 609.06 612.49 621.34 628.22 631.86 635.2 638.78 642.39 645.31 646.4 647.25 647.33 650 649.49 654.13 665.59 672.22 678.31 685.2 690.11 693.48 696.81 701.11 706.41 711.64 711.83 710.87 710.45 707.27 703.86 702.26 700.13 695.77 693.37 695.2 699.19 703.51 706.11 706.58 708.01 711.45 718.71 731.43 742.4 748.81 753.17 759.24 764 770.04 773.72 776.36 778.98
0 504.3 507.55 510.09 515.49 522.39 525.47 529.27 533.79 539.21 544.43 551.89 560.09 566.53 574.02 579.55 585.58 592.05 597.67 601.22 602.8 605.16 614.88 622.19 626.66 630.28 633.56 636.69 639.26 639.91 640.29 640.46 643.68 644.27 649.21 659.8 666.25 674.83 680.45 684.99 687.75 690.01 692.71 696.27 700.77 700.97 699.69 698.59 696.48 695.2 695.53 695.42 695 693.94 695.41 697.57 700.68 703.57 705.37 708.93 715.97 723.09 735.43 744.96 749.81 753.21 758.57 764.78 772.39 777.35 780.76 782.97
0 499.89 502.12 504.28 509.8 516.76 520.41 524.74 528.18 531.59 535.1 541.81 549.94 556.03 562.09 568.06 574.18 580.26 586.27 592.3 597.35 600.95 609.52 614.79 620.68 625.01 628.14 630.82 633.21 634.65 632.95 634.33 638.61 642.2 645.97 651.35 658.58 672.19 673.28 677.06 680.2 683.28 685.45 686.55 690.61 689.77 688.91 686.8 684.85 685.13 687.67 690.47 694.74 694.9 695.69 697.21 698.99 701.43 705.17 710.12 721.36 727.82 737.94 745.47 749.47 752.87 758.4 766.07 774.71 781.2 785.52 787.18
0 490.83 492.42 498.72 506.31 511.28 515.88 520.22 523.09 525.46 529.8 536.07 543.04 549.57 555.5 559.79 566.81 573.15 578.12 583.51 589.46 594.23 601.12 607.5 612.61 618.16 623.53 627.58 629.85 630.81 629.67 629.54 631.71 635.13 638.47 642.3 648.84 657.97 662.98 666.41 669.59 672.93 675.75 678.66 684.83 684.55 683.73 683.36 683.29 683.97 685.39 687.07 690.22 693.18 694.87 697.34 699.94 703.16 708.14 714.6 725.28 731.7 742.68 750.3 754.26 757.7 761.94 767.37 775.44 782.32 787.59 790.37
0 482.77 484.48 491.09 499.32 505.48 511.11 516.02 519.48 521.48 526.01 532.25 538.9 545.08 549.63 553.09 559.5 565.49 570.02 575.37 581.79 586.73 593.37 599.73 605.1 612.49 619 623.03 625.49 627.2 625.18 623.7 623.82 626.36 630.11 634.65 640.96 647.04 653.4 656.82 658.72 660.8 664.18 669.52 676.87 678.88 680.34 681.78 682.16 682.54 683.87 685.73 688.33 692.66 695.28 698.39 701.85 706.64 713.56 720.63 729.31 735.84 746.43 753.48 756.73 759.49 763.2 766.68 774.48 781.3 786.36 790.53
0 475.66 478.23 481.48 488.97 499.35 506.11 512.14 517.28 519.54 523.68 530.27 537.39 542.49 544.45 547.92 552.26 557.3 561.96 567.87 574.34 578.5 586.26 591.5 598.12 607.96 614.56 617.21 620.19 623.79 619.54 616.85 614.99 615.97 620.93 628.36 634.89 639.28 644.52 648.24 647.6 646.97 650.82 659.17 666.83 672.75 678.66 681.99 681.43 680.86 683.09 686.38 688.98 693.31 696.88 700.33 704.7 711.81 721.32 728.13 733.45 740.24 749.23 755.08 756.99 758.37 762.3 764.09 771.89 778.24 781.96 787.77
0 470.04 470.1 472.74 481 491.94 498.08 505.77 512.59 515.1 518.86 524.34 530.27 535.54 540.15 546.86 549.38 553.05 556.64 561.74 568.33 573.75 581.01 586.21 592.42 600.69 607.46 610.35 610.4 610.7 607.99 604.88 604.07 605.63 609.88 615.96 622.08 629.65 635.39 638.75 639.35 640.19 643.68 649.57 655.66 667.13 673.11 677.64 680.32 683.29 687.1 689.77 693.99 698.32 701.01 704.51 710.04 718.44 728.33 734.67 740.42 746.76 752.24 755.05 755.5 755.47 757.4 764 771.8 776.3 780.43 783.84
0 465.4 464.7 467.11 474.29 483.91 490.38 497.41 506.15 510.14 514.92 520.26 525.19 530.05 536.23 543.72 545.75 548.24 551.62 556.85 563.52 569.64 576.11 581.08 587.17 594.35 600.1 602.19 600.77 598.8 596.83 593.7 594.34 597.06 601.24 606.37 611.89 620.49 626.32 630.21 632.87 635.32 638.5 642.87 648.68 661.08 667.91 675 680.48 685.18 689.7 693.11 698.08 702.65 706.2 709.92 716.15 724.49 732.45 738.77 745.31 752.49 756.34 757.14 756.27 754.87 754.79 762.92 770.72 774.12 777.87 780
0 462.03 463.19 465.77 469.25 475.07 483.31 486.42 497.39 504.58 512.33 518.97 523.25 526.82 532.78 537.47 540.83 542.42 546.88 553.62 560.28 566.24 571.58 575.99 582.47 589.43 592.51 592.28 591.58 589.06 586.53 583.87 586.36 590.98 596.07 601.02 605.73 612.08 617.36 623.06 628.73 632.73 635.69 640.15 647.61 654.39 663.38 675 682.42 686.08 690.08 696.26 700.67 705.79 712.76 716.9 723.22 729.67 732.58 739.51 747.16 757.02 761.94 762.27 760.28 757.58 755.57 760.33 768.13 771.53 773.73 776.34
0 455.74 456.43 459.44 464.09 471.12 479.36 480.49 489.81 501.24 511.89 519.1 523 526.06 530.61 534.45 537.95 540.92 545.06 550.27 555.77 561.44 567.62 573.42 578.11 582.6 584.74 585.37 585.89 583.33 581.22 580.01 582.33 587.12 593.48 600.67 607.83 614.38 618.6 623.56 628.65 632.93 636.65 641.26 648.37 658.83 666.18 676.69 682.89 684.51 686.9 694 699.31 705 711.23 717.35 723.42 729.77 736.21 741.89 750.18 759.97 765.3 766.65 764.63 760.3 756.49 758.87 761.3 767.59 773.65 775.49
