burnAlone/geresHeight_100.grass
north: 41:54:44.0712N
south: 41:53:06.836388N
east: 8:12:49.672656W
west: 8:14:59.8488W
rows: 100
cols: 100
[rows 64 to 95 of 100, columns 0 to 71 of 100]
362.33 370.09 382.79 407.31 435.01 450.57 464 480.71 495.71 505.8 510.1 517.94 528.37 535.09 546.63 557.51 565.13 573.63 584.29 593.43 603.92 616.99 626.02 634.91 637.61 635.18 636.99 641.82 645.37 644.31 645.54 648.99 651.49 650.93 648.73 657.18 662.71 677.28 689.39 699.65 712.6 729.37 744.13 753.48 754.5 751.46 752.92 750.92 747.53 745.95 729.74 725.36 719.59 714.77 704.25 694.29 674.93 657.48 640.76 626.64 619.39 610.81 596.84 584.5 574.57 563.12 552.52 538.8 528.63 519.75 510.7 498.08
358.43 370.61 386.97 408.91 431.39 446.24 457.42 476.1 482.59 486.67 493.76 503.81 518.97 528.77 534.46 542.93 555.04 567.76 574.42 583.52 590.97 599.95 607.87 615.85 622.64 622.73 623.36 627.96 626.51 627.39 631.96 635.44 636.71 639.15 643.46 651.79 660.69 670.59 682.74 697.38 709.62 723.89 735.16 745.17 752.11 752.24 753.83 756.83 750.16 745.34 732.67 727.81 724.45 718.61 708.68 695.72 676.93 660.78 640.78 630.74 621.4 609.04 594.69 581.77 571.33 563.55 553.46 539.7 527.77 515.59 507.98 504.61
356.5 370.84 386.22 407.74 426.81 439.17 452.41 464.95 473.93 474.82 481.48 494.48 511.21 518.21 525.05 534.12 543.57 554.18 565.33 575.73 584.7 591.66 597.22 601.96 603.01 605.61 606.93 612.97 612.97 614.67 618.42 622.77 628.73 639.24 645.04 650.25 660.56 673 683.96 693.96 708.8 722.15 732.75 740.18 745.38 749.29 751.9 752.02 750.36 746.47 740.13 732.33 723.02 718.8 712.22 700.52 681.81 661.49 638.98 630.61 622.81 614.21 600.03 586.53 574.93 567.77 553.69 545.26 532.63 518 511.65 513.26
357.18 368.56 380.16 396.25 419.1 432.72 443.77 455.49 460.5 469.54 477.16 489.87 503.45 509.52 515.93 519.33 528 540.36 552.63 562.98 574.02 583.17 591.4 594.25 595.54 598.14 603.83 606.91 606.71 609.68 612.45 616.85 625.34 637.35 643.39 651.13 661.62 673.49 685.9 695.07 707.83 722.05 732.26 736.3 741.84 747.64 750.92 756.14 752.3 750.89 745.95 737.27 726.17 717.97 715.52 705.08 683.85 660.28 645 633.43 624.9 615.81 605.85 592.35 580.07 571.65 561.26 548.18 538.45 527.12 522.33 525.24
358.38 363.96 374.8 390.04 407.84 420.88 432.21 442.73 446.87 465.1 476.91 486.25 497.34 502.83 512.58 518.29 526.7 537.16 546.11 553.63 565.01 576.95 584.4 586.49 589.11 594.78 600.91 604.15 603.62 604.97 609.09 617.55 625.72 634.37 641.93 654.65 664.49 674.21 686.99 699.4 711.82 721.2 729.65 737.05 741.14 747.6 750.9 756.96 756.74 754.26 747.85 738.35 728.61 719.75 716.26 703.4 680.12 659.3 642.65 632.13 625.9 617.65 610.25 596.28 582.99 569.01 556.72 549.43 546.96 540.3 540.6 533.11
351.18 363.52 373.59 389.56 402.21 414.02 420.89 425.53 434.16 447.28 462.81 474.25 484.88 495.86 503.3 512.12 522.03 529.91 537.1 545.64 554.43 566.12 572.33 574.2 577.77 584.81 589.86 593.48 596.31 600.77 604.6 616.09 630.55 640.74 649.4 658.83 670.92 683.63 693.59 704.87 716.49 723.99 732.02 738.11 743.85 751.53 756.34 759.06 758.74 755.37 748.87 740.14 733.55 723.28 715.38 707.14 686.31 662.68 647.99 636.76 625.95 616.1 604.78 592.47 573.77 561.85 550 546.98 543.38 546.72 544.58 541.46
350.72 357.97 368.19 380.66 392.32 398.85 407.24 414.04 423.14 436.4 449.11 463.95 479.1 489.1 497.14 506.82 517.17 525.49 530.9 537.25 545.27 555.41 562.18 566.99 572.02 577.44 581.77 584.76 589.54 595.09 602.7 615.55 629.45 641.48 654.3 665.7 678.54 690.03 699.69 710.93 720.44 727.79 734.46 740.86 746.76 754.56 759.51 760.58 758.41 753.81 749.22 742.47 734.66 726.21 714.9 705.38 686.01 665.88 650.58 636.58 621.75 606.79 591.64 582.41 564.36 556.11 550.9 551.62 551.85 551.59 553.43 550.08
343.05 349.94 357.45 364.79 372.85 382.59 396.07 405.91 418.99 431.31 443.48 457.88 470.8 482.36 491.32 499.96 508.95 516.66 522.03 526.25 533.68 541.8 547.53 552.31 554.64 564.29 571.36 577.98 583.15 589.87 597.5 611.61 628.4 642.36 655.71 669.63 682.91 695.67 709.33 717.29 726.03 733.76 740.09 745.43 750.52 758.32 762.46 764.17 759.68 756.76 754.38 746.73 736.67 728.17 715.15 704.84 689.92 679.08 659.23 641.16 623.25 604.36 589.57 578.88 566.37 559.68 559.48 560.59 563.26 563.14 563.96 558.2
336.68 342.18 348.94 357.35 364.51 374.91 387.15 400.21 414.75 432.84 446.43 454.9 463.11 474.75 483.56 491.47 498.66 507.41 515.41 519.72 524.23 529.51 534.94 541.16 547.06 556.38 565.58 571.43 578.16 585.1 598.3 612.23 625.36 637.59 652.01 667.92 680.28 698.77 710.03 720.23 728.43 735.9 742.65 744.62 751.06 756.71 762.78 765.99 765.3 761.67 758.3 748.31 736.38 726.3 719.33 707.32 696.17 683.52 667.04 646.69 626.9 608.94 598.58 590.05 578.16 571.13 567.71 568.39 571.68 572.43 572.36 563.44
335.72 342.67 351.28 365.05 372.15 377.38 382.62 396.86 410.93 423.6 434.64 447.65 452.41 460.71 472.08 482.98 491.9 501.77 510.32 516.75 520.65 524.45 532.95 538.54 547.44 555.51 563.87 574.03 583.74 593.43 605.69 618.14 627.73 637.35 651.72 666.93 681.07 692.49 703.41 718.23 727.84 733.49 740.22 744.14 748.15 753.35 760.33 765.26 767.25 766.1 759.63 749.57 738.64 727.24 718.37 710.16 701.33 688.77 673.61 653.94 634.2 617.9 609.05 604.35 590.89 581.67 575.55 576.31 578.94 578.77 578.93 567.16
343.09 353.78 366.02 376.37 381.29 385.19 388.74 398.35 410.84 420.45 432.01 442.69 449.04 458.22 470 480.7 491.34 501.32 509.72 517.67 519.61 524.12 531.85 541.41 550.86 558.66 567.44 582.27 595.69 604.44 614.92 625.38 633.86 642.91 657.47 672.42 684.62 693.81 705.23 716.87 724.31 728.21 734.91 741.92 747.4 752.6 758.97 762.32 763.2 760.46 757.08 750.12 742.5 734.49 724.79 714.15 707.51 693.44 677.67 659.91 643.13 629.47 619.47 613.86 605.48 593.75 586.42 585.46 584.2 581.11 577.42 569.12
353.03 368.26 381.28 389.48 394.17 396.63 399.67 405.98 418.33 428.11 435.99 445.12 453.16 465.76 475.99 484 492.4 502.79 513.19 521.15 524.71 529.14 536.83 548.85 555.95 565.19 577.31 596.26 605.39 612.36 622.23 631.23 639.73 651.75 663.61 678.08 690.67 701.18 712.99 722.13 725.51 727.68 731.11 736.18 745.01 752.6 757.35 759.85 759.69 757.49 758.57 753.47 747.73 740.28 731.35 724.42 715.24 700.93 685.37 667.75 654.28 643.28 636.7 631.91 623.63 611.76 604.65 601.9 596.63 588.62 581.36 574.42
360.03 375.26 388.78 396.76 402.77 408.39 412.72 418.19 425.29 434.26 445.11 453.79 460.74 471.96 482.58 490.64 497 506.95 519.02 528.38 532.24 536.22 543.68 554.2 564.54 577.49 590.39 603.14 610.64 618.97 628.88 636.3 645.66 658.58 669.43 683.73 696.73 704.38 715.47 726 727.89 725.96 727.43 734.91 740.55 747.17 753.92 757.14 759.5 761.17 760.92 758.03 752.07 743.08 735.52 732.16 727.78 715.59 697.19 677.26 666.98 657.85 652.93 647.57 639.21 627.51 621.41 611.94 604.47 594.62 587.65 583.5
367.88 382.88 394.47 402.37 410.62 417.33 421.57 426.13 431.59 440.48 452.7 466.01 476.07 484.08 491.87 500.76 508.18 517.27 526.96 535.78 540 545.06 553.34 562.84 573.78 586.32 600.52 610.66 618.16 626.35 634.75 641.11 651.04 664.5 676.33 689.31 698.06 703.06 711.89 724.1 724.6 720.81 720.34 727.19 734.36 741.09 748.01 752.54 757.22 757.08 758.99 760.26 753.59 746.54 741.76 738.29 738.07 730.71 714.06 694.42 682.69 670.84 663.91 657.81 650.06 637.92 626.4 617.38 606.29 598.24 591.68 589.25
375.51 390.88 400.85 409.9 413.87 421.63 425.2 429.77 435.04 445.73 457.57 474.27 486.12 495.04 502.8 514.84 523.66 528.43 534.01 542.52 549.6 554.12 561.19 568.43 581.57 595.37 609.88 619.39 626.71 634.21 641.5 650.09 658.55 668.4 678.28 686.44 693.3 697.57 703.22 711.67 715.61 713.11 714.11 719.48 728.46 735.61 740.65 745.75 752.55 753.36 759.75 759.65 755.04 750.45 746.18 742.28 741.05 734.21 724.85 714.47 701.31 683.75 673.29 665.78 655.78 643.43 627.9 620.13 612.53 605.04 597.21 595.36
379.45 397.2 404.94 413.81 417.7 423.75 428.96 433.98 439.78 451.13 462.79 479.81 490.4 503.23 512.78 526.43 534.1 537.32 542.67 549.96 557.32 562.27 567.04 574.47 589.55 604.5 617.79 628.19 635.9 642.73 648.75 657.44 663.75 668.1 674.53 678.38 685.79 688.7 693.47 698.79 705.73 705.91 709.18 716.03 722.94 729.69 734.16 743.62 748.74 751.44 756.64 756.79 756.52 753.73 749.49 744.4 741.71 733.81 728.92 724.12 712.51 694.75 681.05 669.2 658.21 647.06 633.48 626.59 620.82 616.78 609.45 605.84
381.35 396.53 407.02 415.46 421.18 425.73 431.41 438.78 445.28 453.03 467.67 484.38 499.5 511.67 522.12 532.72 539.72 542.99 550.54 558.28 563.67 569.06 574.81 582.76 595.15 605.54 617.58 628.24 640.57 650.17 656.16 658.51 661.2 663.21 669.43 670.88 677.41 681.53 687.09 693.12 696.41 700.31 708.13 716.43 722.68 728.04 735.77 744.58 746.7 750.46 750.26 753.6 755.68 754.93 751.69 746.6 741.08 734.44 729.26 723.44 717.16 702.17 687.11 673.08 662.18 654.07 645.16 636.98 628.78 626.24 621.58 618.3
383.88 392.31 399.84 411.34 419.69 426.41 430.22 437 446.04 456.31 475.02 495.76 512.63 523.64 530.87 536.8 542.89 548.36 557.43 564.42 568.59 573.36 581.25 589 594.11 598.74 607.84 621.03 636.18 649.51 654.52 655.44 653.78 658.55 662.52 662.45 667.1 675.78 682.98 688.94 691.26 697.98 709.17 716.69 722.39 727.66 737.47 743.75 746.41 748.6 748.07 752.85 755.44 756.06 753.17 746.81 742.38 735.17 728.19 720.79 715.49 703.98 691.44 678.41 669.57 664.88 659.04 649.94 640.63 637.56 635.92 635.19
379.71 387.14 389.3 399.37 406.59 416.41 423.02 430.85 443.09 458.44 481.79 506.23 517.57 529.78 537.19 540.75 543.85 550.99 560.41 566.24 572.01 574.41 583.25 590.5 591.69 595.31 601.73 615.68 631.07 642.37 647.21 648.59 647.51 651.8 653.27 654.33 656.13 665.13 675.06 682.57 687.02 696.33 707.79 716.25 722.65 729.52 738.23 742.75 746.52 747.75 746.27 750.86 752.72 754.3 751.67 746.6 744.05 736.16 728.17 718.12 710.33 702.67 694.57 685.87 677.27 673.34 670.37 662.27 654.7 652.54 652.56 652.72
361.28 374.2 379.68 386.31 393.31 405.32 415.22 426.27 440.68 455.57 477.81 504.22 515.01 527.89 536.6 539.85 542.39 550.26 560.15 568.28 574.99 576.77 583.5 589.63 592.69 596.92 606.06 616.97 631.46 636.49 640.26 641.3 642.16 643.04 643.92 646.2 647.49 653.92 664.77 675.83 682.61 690.99 705.26 715.46 725.56 731.43 739.18 740.27 744.99 742.81 742.86 744.29 745.91 748.51 748.19 747.52 743.68 734.52 725.9 715.29 708.25 703.31 697.61 694.61 686.02 680.18 678.96 672.08 666.84 666.36 667.03 666.61
339.95 358.11 370.26 378.1 388.89 401.29 411.29 423.34 438.6 452.02 468.88 497.32 511.52 524.12 533.4 536.65 540.83 550.56 563.08 571.45 578.24 581.47 586.54 591.13 597.3 603.62 609.43 621.03 634.48 636.22 635.35 634.52 635.51 635.28 635.63 637.58 640.62 647.19 658.35 670.31 679.5 685.86 701.69 711.81 724.59 729.39 732.84 736.82 739.57 734.6 736.24 737.01 739.21 741.47 745.28 745.07 740.88 731.09 722.43 713.91 710.41 706.51 701.81 701.56 695.78 691.96 689.16 683.49 681.03 681.62 681.18 676.45
325.51 345.68 364.84 374.58 385.87 395.59 405.68 419.82 434.87 449.06 467.29 494.89 510.23 520.55 530.64 536.43 541.65 552.37 565.97 574.33 581.43 586.61 592.14 597.54 602.82 609.66 610.25 619.24 632.15 634.91 632.51 627.48 628.02 628.85 629.31 630.97 634.67 642.29 653.89 666.67 677.16 684.75 697.66 709.73 719.42 723.58 723.43 729.44 729.69 728.47 727.06 729.06 730.78 733.74 738.17 738.48 735.13 729.31 722.71 715.79 715.29 712.13 707.58 705.8 704.89 708.28 705.78 701.58 698.16 695.94 691.77 682.4
316.39 335.77 358.14 372.98 382.56 390.49 400.19 415.78 431.06 446.73 473.23 497.89 512.92 519.25 526.79 534.31 541.86 552.28 564.41 575.84 584.74 589.6 592.21 599.83 602.92 607.88 610.87 614.7 623.65 627.05 626.54 619.79 618.64 620.48 623.86 626.47 630.61 639.14 651.27 664.92 675.04 683.55 695.54 710.01 716.02 718.76 718 720.03 720.37 720.25 718.7 720.47 721.87 726.66 728.58 730.51 729.09 726.32 720.5 716.53 718.44 716.43 712.47 710.44 715.38 721.08 721.71 717.33 710.07 703.25 694.95 686.31
316.59 332.99 351 371.23 380.93 390.52 400.71 415.97 431.23 447.81 477.24 499.54 512.66 518.11 524.25 529.94 540.16 549.56 561.86 572.31 584.39 584.94 583.91 591.44 597.53 603.3 603.88 610.5 614.02 618.04 615.55 609.96 607.19 607.84 616.13 621.66 626.55 638.53 649.94 661.24 669.86 679.08 692.16 704.82 711.08 716.2 711.86 710.75 710.03 710.49 709.32 710.84 709.84 713.32 720.82 720.58 720.79 719.37 714.34 712.48 715.11 713.91 715.19 717.3 725.42 726.56 727.01 721.22 714.56 707.78 697.31 687.78
322.93 336.97 352.12 369.45 381.15 392 403.24 419.16 434.36 452.08 472.56 493.15 506.68 514.15 519.78 528.3 539.24 547.91 558.38 563.59 574.23 574.89 575.95 584.66 592.58 597.35 596.43 601.14 601.22 606.29 600.42 597.4 593.88 597.62 607.24 615.28 622.06 638.4 644.94 654.42 663.91 673.79 686.78 698.41 702.02 705.36 701.38 693.94 692.87 695.34 695.78 695.56 693.19 694.35 708.46 709.61 709.96 711.42 710.17 708.47 708.45 709.44 715.11 720.81 728.69 727.61 725.74 722 717.12 711.24 701.85 690.45
328.39 341.73 356.22 370.98 381.89 393.59 406.08 419.79 435.47 453.84 468.07 485.21 498.26 507.12 513.66 525.39 534.97 546.8 550.02 548.45 557.39 564.37 569.69 580.42 585.51 590.31 590.39 589.97 587.44 587.42 582.6 579.63 579.41 588.96 600.13 609.68 620.24 636.7 642.54 653 664.68 674.16 683.76 692.64 694.4 692.34 687.44 679.45 675.67 674.18 675.33 681.64 684.87 685.92 694.49 699.45 703.95 705.42 703.57 702.95 702.29 706.29 710.98 720.58 724 723.76 721.86 720.19 717.94 712.92 704.72 697.5
335.7 348.04 361.93 375.51 385.97 397.29 411.12 421.57 436.44 451.27 464.12 476.98 487.36 498.87 506.73 516.38 524.73 539.98 536.38 534.59 539.8 553.27 558.15 568.72 572.09 575.44 576.3 574.08 570.35 565.35 565.76 568.86 572.89 580.69 595.2 606.53 619.15 634.29 641.78 656.83 671.42 680.62 683.68 682.69 683.94 682.18 672.53 661.62 658.53 661.03 661.91 668.81 672.61 677.25 686.17 690.53 696.86 700.29 700.2 698.58 696.66 701.5 706.54 715.96 717.86 718.51 718.45 716.54 715.77 716.16 706.91 702.52
340.55 355.51 367.29 380.58 393.94 404.5 416.04 423.66 438.12 449.24 460.25 473.86 485.39 496.03 502.13 509.27 518.39 525.7 528.37 531.27 534.64 541.64 545.08 552.03 561.31 563.59 563.13 559.17 555.44 553.38 560 566.62 573.47 579.65 592.09 608.33 618.39 629.66 642.62 658.92 671.84 680.83 683.03 679.91 676.55 665.67 657.69 650.1 646.92 648.17 653.6 656.48 666.65 674.21 683.59 683.91 689.43 694.92 696.69 696.49 694.98 695.83 698.13 705.76 711.86 714.17 716.43 717.12 717.5 718.56 711.06 706.92
346.41 361.3 374.47 388.02 399.44 410.35 418.4 429.08 440.88 450 458.54 473.47 486.2 497.31 501.81 507.3 514.09 518.1 521.33 524.64 532.2 536.97 537.23 540.73 548.31 551.41 549.61 546.71 548.35 551.08 560.72 567.37 576.46 582.42 592.29 607.03 618.09 625.79 639.95 655.48 668.57 674.97 674.68 670.26 660.56 651.33 648.46 645.01 640.26 640.81 643.52 647.55 659.22 672.22 679.3 679.24 686.99 690.62 691.47 693.82 695.29 687.95 687.89 695.76 701.14 708.72 714.2 716.19 716.81 716.99 711.65 705.45
354.26 369.21 381.69 392.67 399.92 409.69 419.66 428.26 440.58 449.18 456.04 464.3 477.71 491.38 502.37 509.12 511.03 513.93 516.42 513.01 525.23 530.21 529.66 532.77 535.51 538.24 538.68 540.88 546.71 551.98 560.07 565.97 572.05 579.79 591.74 607.99 620.18 629.47 640.41 653.36 661.75 662.66 660.42 656.34 648.47 643.02 641.27 637.15 631.25 629.98 634.06 639.58 650.59 665.45 673.56 676.4 680.83 686.31 690.19 690.27 688.38 684.38 680.67 685.81 694.65 703.37 710.23 712.98 713.14 712.41 709.54 702.46
364.2 376.01 383.05 389.48 397.38 405.17 415.72 427.08 440.14 447.37 454.58 462.35 468.66 478.64 496.19 504.09 505.7 507.64 507.7 505.03 511.65 517.58 517.28 520.35 520.71 524.28 527.74 535.09 543.95 551.99 559.2 566.1 573.98 583.38 594.42 609.6 623.19 634.16 643.73 652.78 658.28 653.93 648.17 645.94 642.95 637.09 632.98 626.82 622.77 625.71 631.77 636.35 642.64 652.34 663.6 670.63 676.16 684.13 685.64 685.34 682.73 680.25 676.84 678.62 688.99 695.93 702.59 706.64 709.19 709.2 706.64 699.07
366.1 373.94 379.47 384.43 395.01 406.23 416.46 425.74 438.56 447.16 457.9 464.89 469.57 476.36 485.51 493.96 497.01 497.07 495.73 496.45 497.03 500.5 502.15 506.53 511.82 517.46 522.49 535.13 550.51 561.63 566.69 573.65 583.49 594.18 604.61 614.8 627.01 637.6 643.02 651.27 654.14 647.94 643.83 638.28 629.17 625.69 623.3 611.6 609 621.01 627.4 631 636.06 645.68 656.99 666.83 672.6 681.51 683.23 681.73 678.3 676.13 674.21 674.24 682.58 687.73 695.46 699.31 704.09 704.09 703.15 696.63
