burnAlone/geresHeight_150.grass
north: 41:54:44.0712N
south: 41:53:06.836388N
east: 8:12:49.672656W
west: 8:14:59.8488W
rows: 150
cols: 150
[rows 0 to 31 of 150, columns 72 to 143 of 150]
0 0 0 0 0 0 0 0 0 0 0 0 0 0 0 0 0 0 0 0 0 0 0 0 0 0 0 0 0 0 0 0 0 0 0 0 0 0 0 0 0 0 0 0 0 0 0 0 0 0 0 0 0 0 0 0 0 0 0 0 0 0 0 0 0 0 0 0 0 0 0 0
696 685.74 674.61 665.79 657.53 650.54 646.8 643.42 637.2 628.36 619.64 607.45 596.35 587.87 582.15 578.99 577.65 576.28 573.11 568.4 561.71 554.23 546.89 538.63 527.52 516.41 509.42 504.38 495.78 486.77 478.63 470.88 466.05 461.3 454.96 449.47 444.33 440.2 439.75 443.67 439.94 438.87 440.22 438.76 437.45 438.38 440.18 439.91 437 435.46 433.68 432.57 431.56 429.64 426.17 419.59 412.04 403.8 396.71 387.91 373.31 353.19 335.68 324.67 317.66 314.35 313.19 315.18 320.82 328.9 340.47 356.37
700.94 690.35 679.81 673.64 665.91 660.69 659.3 656.03 646.82 634.94 626.93 615.87 606.36 598.79 592.94 589.71 588.68 585.73 584.67 581.2 573.48 563.96 555.23 545.94 532.35 518.58 512.31 506.73 497.39 488.11 479.84 471.95 468.1 463.3 456.72 451.01 444.36 438.75 437.2 439.7 440.77 435.97 435.2 431.72 428.95 428.01 427.31 427.46 422.56 422.8 423.93 425.64 427.42 427.13 422.69 418 413.57 407.66 401.57 391.63 375.54 354.94 335.52 327.83 317.49 314.58 313.91 315.23 319.7 327.2 341.47 360.07
711.72 700.05 686.88 680.15 676.52 671.9 666.16 659.52 651.39 641.23 632.11 622.16 614.25 607.58 602.6 599.2 595.8 590.17 587.99 583.4 578.01 571.51 560.92 547.11 535.02 521.82 514.43 511.52 503.99 492.81 482.64 476.09 470.86 468.3 462.93 456.62 447.8 440.69 437.93 437.28 439.47 436.92 432.22 427.97 425.72 424.34 422.4 421.12 417.9 417.24 419.83 420.34 419.79 420.11 419.89 418 413.01 406.54 400.27 387.02 369.29 353.52 336.21 329.08 322.4 317.82 313.44 313.16 318.75 327.54 344.05 364.9
718.54 708.6 696.35 688.36 684.5 680.24 672.52 663.1 654.11 645.23 636.05 627.58 621.01 614.65 609.44 604.85 599.38 593.28 588.54 583.05 578.71 573.23 561.93 546.93 536.38 525.87 519.49 514.77 506.81 495.9 486.13 480.31 475.39 471.53 467.09 459.08 449.09 441.81 438.72 436.95 437.77 437.46 429.44 424.63 422.32 419.99 417.07 414.37 412.84 412.58 414.51 414.11 413.06 413.84 415.07 413.49 409.71 402.66 395.62 383.12 367 352.34 336.44 329.15 324.45 319.68 314.74 313.47 317.99 327.69 347.87 369.54
723.21 716.33 706.9 697.46 691.09 686.79 678.68 667.18 656.26 648.29 639.62 632.35 626.74 620.08 613.81 607.51 600.35 594.95 587.25 581.06 576.88 571.16 560.03 546.1 537.05 530.11 525.73 517.03 507.55 498.06 489.91 484.44 480.54 473.85 469.82 459.53 449.11 442.54 439.62 437.85 436.17 437.61 427.33 422.07 419.17 415.55 411.75 407.64 407.34 408.03 408.28 407.31 406.81 407.94 409.08 406.43 404.7 397.22 389.14 379.4 366.49 351.05 336.24 328.54 324.61 320.44 316.82 315.23 317.8 328.16 352.62 374.09
729.47 722.41 714.1 705.78 698.98 691.96 685.66 676.11 663.85 655.4 646.74 635.54 628.38 618.65 609.37 601.9 595.17 589.87 583.29 577.18 571.71 564.65 555.76 546.44 538.34 531.41 526.46 518.15 509.23 500.3 492.71 487.15 481.4 477.52 470.08 458.03 448.9 444.09 441.39 439.23 438.11 436.19 431.08 425.18 419.56 414.26 408.91 403.5 399.84 399.23 400.09 400.24 400.09 401.17 403.18 399.97 398.23 392.18 383.83 373.28 360.67 347.04 334.38 327.8 322.41 317.85 316.3 317.81 322.32 333.03 359.74 378.97
736.77 728.7 720.99 714.41 705.26 696.67 690.38 680.48 667.64 660.58 650.7 637.09 628.11 616.18 604.91 596.18 589.02 583.99 577.31 572.88 565.83 558.03 550.79 544.08 537.23 530.6 525.7 518.13 509.44 500.96 493.88 488.12 481.68 477.57 468.73 457.8 450.01 445.43 442.11 439.52 438.65 434.27 431.91 426.11 419.71 413.9 407.53 401.23 395.72 394.22 394.58 394.71 394.41 394.89 396.45 394.2 392.16 386.46 377.9 367.46 356.25 344.99 333.93 328.47 322.17 317.13 315.48 318.58 324.8 334.15 363.7 380.08
744.96 735.17 727.63 723.29 710.17 700.98 693.19 681 668.2 664.12 651.99 637.27 626.21 612.82 600.42 590.36 582.04 577.43 569.64 568.22 559.37 551.3 545.23 539.42 534.08 528.01 523.68 517.14 508.41 500.27 493.67 487.6 481.47 474.55 466.01 458.66 452.26 446.59 441.93 438.87 438 431.95 430.28 425.2 419.67 414.33 407.4 400.54 394.47 392.41 391.35 390.49 389.62 389.03 389.04 389.03 386.43 380.17 371.43 361.9 353.02 344.6 334.66 330.32 323.59 318 314.41 317.8 325.53 332.08 364.99 378.01
752.93 740.35 730.28 726.51 712.39 698.64 686.98 676.37 665.11 652.38 639.13 628.3 617.84 604.44 593.54 584.97 576.21 571.7 565.01 561.12 555.47 547.96 539.92 532.97 527.8 522.85 516.85 509.11 502.74 497.61 492.59 487.09 481.34 472.73 465.1 458.45 452.27 446.6 441.93 438.95 438.64 436.48 431.64 425.59 419.41 414.12 409.84 405.17 400.77 398.32 395.84 392.61 389.21 387.07 386.98 386.43 382.15 375.16 367.8 361.7 355.14 346.02 336.3 328.06 324.63 319.07 314.36 315.87 323.9 335.88 364.36 377.91
757.53 743.03 730.69 724.96 711.51 695.4 681.04 669.51 658.1 643.51 629.39 619.22 610.76 598.58 588.19 580.36 572.3 566.33 561.77 556.16 552.17 544.66 535.72 528.59 522.69 517.1 509.41 501.75 496.64 492.94 488.91 483.9 478.41 469.37 462.98 457.27 451.71 446.43 442.01 439.17 438.42 437.67 432.44 426.55 420.27 414.87 411.61 408.66 405.95 403.57 400.17 394.92 389.7 386.33 384.4 381.52 377.07 371.07 366.5 363.34 357.59 346.86 336.35 326.2 323 318.8 314.33 314.1 321.96 338.6 362.84 376.71
757.96 742.64 728.36 717.59 706.86 691.09 675.48 659.94 646.29 638.25 623.57 610.03 605.33 595.87 584.74 576.69 570.75 561.41 560.22 553.83 549.59 541.39 532.88 526.78 519.03 510.63 501.26 495.24 490.05 485.83 482.01 477.43 472.02 464.12 459.35 454.9 450.46 446.04 442.18 439.56 437.13 434.69 432.52 428.24 422.51 416.81 412.51 410.73 409.7 407.97 404.27 397.42 391.25 387.06 381.12 373.76 371 368.09 368.05 367.22 360.39 346.99 334.45 324.86 318.08 316.86 314.33 312.55 319.63 339.94 360.25 374.12
751.97 733.5 722.18 709.4 693.68 677.83 663.93 651.18 639.84 631.12 618.92 608.08 605.07 596.88 586.42 576.72 567.8 560.86 558.98 553.37 551.28 545.85 538.08 530.06 519.56 505.33 497.32 491.68 486.83 481.98 477.06 472.02 466.27 459.98 456.43 452.72 448.89 445.07 441.15 437.19 434.08 433 431.79 426.77 421.49 417.97 415.4 413.19 411.31 408.17 402.53 394.75 387.78 382.47 375.98 367.17 364.06 361.81 362.72 362.08 356.19 345.37 333.29 326.29 320.75 317.06 314.1 313.68 321.11 339.29 354.17 370.56
745.83 727.09 716.57 702.9 684 668.97 656.88 646.61 637.28 627.9 618.3 610.03 606.34 599.5 590.07 578.92 567.92 563.08 560.29 555.09 553.59 550.22 543.29 533.25 519.99 503.38 496.25 490.58 485.64 480.19 474.38 468.83 462.83 457.63 454.09 450.18 446.49 443.2 439.54 434.75 431.08 430.28 429.26 424.5 420.25 418.36 417.17 415.44 412.25 407.08 399.7 391.53 383.45 376.39 370.62 362.08 357.62 355.29 356.09 355.14 350.16 341.99 331.7 326.69 321.94 315.88 311.96 312.39 320.14 336.2 347.47 365.47
740.65 727.35 712.73 699.62 682.32 669.84 659.16 649.46 640.68 632.13 624.77 617.62 609.36 604.29 596.28 584.31 573.87 569.51 566.15 560.39 556.17 552.89 546.91 535.28 519.38 507.26 499.57 493.34 487.45 481.49 475.46 469.48 463.48 458.28 452.67 446.95 442.61 439.84 437.13 432.72 428.49 425.45 423.61 421.39 419.26 417.5 416.52 417.25 412.38 404.49 396.03 388.34 378.54 368.67 365.23 359.49 352.23 349 348.46 346.74 342.19 335.78 329.15 324.71 318.97 311.78 306.39 306.18 313.98 329.09 340.36 357.8
734.08 723 711.23 701.86 686.81 674.88 665.15 657.12 649.71 641.31 634.37 626.53 618.41 611.58 603.15 592.66 582.85 576.39 571.56 568.1 561.55 554.55 546.76 536.68 524.43 512.71 505.36 499.48 492.61 484.7 476.54 469.08 463.11 458.37 451.98 445.46 440.54 437.42 434.71 430.76 426.43 421.6 418.63 416.61 415.12 413.5 411.79 411.42 407.59 399.29 390.97 382.99 374.04 365.18 359.42 353.77 347.33 344.9 341.24 337.77 334.39 329.58 324.48 320.15 316.31 309.43 303.48 301.65 307.01 320.62 333.24 351.94
729.4 719.34 711.56 705.65 693.34 682.28 673.43 666.56 659.97 651.82 644.89 636.08 628.73 619.85 610.63 601.71 592.72 584.19 577.23 575.36 567.13 556.79 547.12 538.62 530.22 518.53 511.15 504.75 496.83 487.39 477.56 468.91 462.8 458.03 451.26 444.55 439.42 435.97 433.1 429.48 425 419.23 414.91 412.26 410.77 409.04 406.27 403.92 401.17 393.64 386.04 378 370.36 363.08 355.07 349 343.8 341.52 336 331.19 328.16 324.46 319.99 315.65 313.58 307.83 301.79 298.29 300.82 311.98 325.11 344.16
730.91 720.63 715.49 710.13 701.49 693.49 685.72 677.81 670.02 662.82 655.88 646.51 638.6 629.16 619.39 610.77 603.07 594.27 583.96 579.75 571.44 561.32 551.39 542.5 534.36 524.35 515.29 505.31 496.18 487.35 478.42 470.07 463.32 456.86 449.97 444.12 439.77 436.62 433.75 430.04 425 420.35 414.3 410.19 407.89 405.37 401.23 396.76 393.45 388.47 382.37 375.45 368.68 362.14 355.07 349 343.8 338.67 336 331.67 326.22 322.39 317.4 313.07 310.48 307.18 301.75 297.13 297.32 303.79 314.12 329.8
742.92 728.69 719.78 713.78 707.97 702.23 695.22 687.21 679.11 671.25 662.71 654.38 646.84 637.08 626.96 617.97 609.52 599.88 588.21 581.09 571.89 561.43 551.02 542.12 535.19 526.46 516.13 504.32 495.17 487.3 479.59 472.35 465.81 459.28 453.12 448.63 444.72 440.88 437.3 434.03 429.63 425.3 418.09 412.47 408.52 404.33 398.87 393.84 390.77 386.54 380.87 375.26 369.78 363.72 357.04 351.78 348.59 342.96 339.43 333.9 326.75 321.43 316.7 312.77 311.18 308.85 302.85 297.82 297.57 300.39 305.9 314.61
756.88 739.07 725.1 717.98 713.97 709.77 703.36 695.57 687.43 678.56 668.54 661.32 653.78 643.57 633.09 623.22 612.96 602.07 589.84 580.1 570.05 559.3 548.67 539.86 533.69 525.79 514.9 502.79 494.2 487.47 481.18 475.33 469.55 463.76 458.7 455.39 451.59 446.81 442.35 439.46 435.99 431.75 424.25 417.3 411.21 405.03 398.57 393.56 390.76 386.73 381.4 376.96 372.68 367.14 360.72 356.1 354.85 349.61 344.17 337.15 328.88 321.73 316.84 313.38 313.11 311.26 304.7 299.64 299.41 299.43 300.11 301.37
760.12 747.74 734.72 726.47 720.82 716.23 710.17 702.42 693.9 685.37 677.59 668.69 657.57 645.77 634.43 622.58 609.21 596.21 583.42 573.63 564.44 554.82 545.57 536.72 527.13 518.68 510.03 501.59 494.2 488.68 484.2 479.59 475.49 471.4 467.49 463.58 459.01 453.92 449.12 445.28 441.81 438.13 433.56 426.09 417.16 409.13 403.1 398 394.08 390.99 387.65 383.38 379.02 374.59 368.87 362.57 359.08 353.96 348.7 341.98 334.05 325.99 317.49 314.02 313.76 312.77 308.02 303.39 301.82 301.2 300.76 299.21
763.48 755.52 744.73 735.37 728.08 721.76 714.72 705.97 696.66 689.09 681.81 670.53 656.31 643.13 631.68 618.97 603.77 591.69 580.09 570.39 561.53 552.54 543.51 534.03 523.51 515.19 508.44 503.02 497.59 493.35 490.04 486.52 483.38 479.91 476.77 471.37 466.05 461.04 456 451.39 447.23 444.11 439.51 432.38 424.35 416.99 410.69 404.78 398.69 395.18 392.69 389.27 385.59 382.16 377.69 371.45 366.77 360.47 353.87 346.25 337.21 327.52 319 316.23 316.34 316.02 313.17 309.48 306.74 304.04 298.98 299.88
767.33 762.63 754.75 744.35 735.55 726.72 717.83 707.53 697.25 690.52 682.5 668.55 651.95 637.76 626.76 614.02 597.87 588.41 578.84 569.3 560.47 551.79 542.34 532.03 522.1 514.3 509.23 506.36 503.23 500.25 497.67 495.12 492.53 489.02 486.19 478.98 472.9 468.05 462.8 457.46 452.35 449.79 443.68 437.37 432.15 426.8 419.99 412.88 404.22 399.59 397.13 394.8 392.2 389.65 386.81 381.65 376.45 368.46 359.85 350.6 339.57 327.9 321.36 319.59 320.05 320.13 319.06 316.61 312.83 307.13 296.3 302.11
775.96 768.19 761.86 751.46 742.66 731.67 719.99 709.21 698.76 686.85 676.03 660.96 647.04 634.66 625.38 614.23 598.78 590.31 580.17 570.59 562.19 553.39 544.15 534.96 525.98 518.18 514.79 513.6 511.38 508.66 506.29 504.43 502.83 498.76 493.82 487.39 480.23 473.87 467.93 460.87 456.88 454.88 450.75 444.74 438.35 432.84 427.62 420 411.33 407.22 403.17 399.97 397.37 395.52 394.65 390.06 384.86 378.77 370.84 360.08 346.9 334.37 327.79 325.45 323.28 321.86 320.7 319.33 314.99 305.41 300.18 302.62
782.06 772.17 763.9 754.39 747.85 734.8 720.82 708.83 697.43 683.97 670.94 656.23 645.21 634.64 625.33 614.45 600.78 592.3 582.79 573.81 566.43 558.46 549.67 540.8 532.4 525.49 523.79 522.77 520.49 517.43 514.45 512.1 510.41 506.08 500.7 495 488.54 482.44 476.35 468.9 464.84 461.91 458.03 451.77 443.74 436.7 431.75 424.73 416.36 411.42 407.03 403.96 401.79 400.4 399.8 396.06 391.75 385.68 377.72 366.57 353.42 342 335.9 332.71 327.89 324.73 323 321.29 316.21 306.32 303.72 305.18
785.94 774.76 761.44 753.61 751.35 736.31 720.47 706.63 693.59 681.77 667.06 654.03 646.12 637.36 626.45 614.66 603.75 594.37 586.54 578.72 572.9 566.61 558.46 549.2 541.07 535.84 535.81 533.63 530.45 526.53 522.21 518.3 515.59 511.25 506.9 501.89 497.72 493.43 487.69 481.01 475.83 470.66 465.48 458.5 448.39 438.64 432.78 427.36 419.55 412.58 408.97 406.89 405.54 404.4 402.56 399.94 397.31 389.61 380.95 370.41 359.24 350.67 345.52 341.2 333.71 328.61 325.89 322.58 316.59 309.55 306.95 309.53
790.67 778.87 766.37 756.91 749.49 737.82 723.61 707.62 693.11 683.81 670.18 657.74 649.02 640.33 629.65 617.85 607.49 600.09 591.74 586.44 580.85 574.71 567.9 559.99 551.81 549.37 547.16 544.16 540.02 534.99 529.34 523.62 518.77 513.33 510.44 507.52 504.23 499.97 494.06 486.68 479.82 472.41 465.47 457.58 447.79 438.03 430.89 425.62 419.47 414.13 411.33 409.14 407.26 405.91 404.43 401.27 396.47 392.6 383.55 370.85 359.97 354.11 349.44 344.56 336.47 331.21 326.1 322.22 319.02 313.59 312.09 314.69
796.26 783.13 770.88 760.24 749.14 739.8 727.42 711.77 697.21 687.3 674.55 662.42 652.39 642.57 632 621.56 612.94 606.56 599.37 594.71 588.83 582.82 577.11 570.62 563.44 563.8 560.33 556.66 551.75 545.04 537.39 530.17 523.71 518.38 514.55 511.61 508.13 503.03 496.33 489.1 482.28 472.39 464.06 455.75 446.53 437.38 430.25 425.75 420.8 416.64 413.61 410.66 408.09 406.07 403.8 400.58 396.24 392.55 383.64 371.16 360.99 356.28 351.85 346.15 337.49 332.29 326.97 323.36 321.48 317.57 316.7 319.3
802.94 787.52 774.72 763.51 750.82 742.39 732.03 719.92 707.13 692.56 680.37 668.24 656.31 643.86 633.2 625.87 620.57 613.94 610.1 603.63 596.8 590.92 586.03 581.01 576.16 579.32 575.85 571.7 566.23 557.16 546.66 538.32 530.95 527.3 519.47 513.77 508.73 501.74 493.45 487.51 482.93 470.23 461 452.91 444.55 436.74 431.29 428.38 423.99 420.39 415.77 411.27 407.83 404.56 400.01 397.35 396.93 388.62 380.54 371.38 362.5 356.93 352.41 345.59 336.33 331.43 328.74 326.46 323.93 321.45 320.58 323.18
805.01 792.04 779.17 767.9 756.88 747.86 738.07 727.84 716.27 700.9 686.77 673.13 663.73 650.34 639.33 632.87 627.74 623.46 620.99 615.33 606.7 599.57 594.04 589.55 587.99 591.96 589.49 585.44 579.56 570.54 559.58 548.89 538.31 530.34 522.65 515.35 509.68 502.52 493.25 486.03 480.69 467.69 458.36 452.02 445.99 439.93 435.55 433.36 430.02 426.57 421 414.41 408.15 402.36 396.33 391.23 389.73 384.93 378.12 369.9 360.94 352.62 346.58 338.15 332.39 329.6 326.86 323.22 319.74 318.37 321 325.6
806.37 796.38 784.59 773.32 763.3 753.53 744.52 735.81 725.18 710.28 693.9 679.94 672.34 659.42 648.14 641.09 635.57 633.17 630.86 625.52 616.31 607.66 601.57 598.51 599.08 603.8 602.26 598.68 592.26 582.88 571.24 558.41 545.32 533.47 525.45 517 510.65 503.83 494.9 486.48 479.45 467.8 458.84 453.57 448.88 443.97 440.34 438.39 436.18 432.81 426.68 418.68 409.87 401.3 393.71 386.78 384.76 381.51 375.3 367.47 358.18 347.88 340.11 331.54 328.66 327.14 323.64 318.95 315.47 315.16 320.55 326.81
807.45 800.39 791.7 780.44 769.38 758.92 751.41 743.96 733.8 720.93 702.31 690.59 682.38 672.23 660.9 651.01 644.75 642.74 638.75 632.25 624.93 614.6 608.42 608.69 608.95 614.79 613.81 611.27 604.03 592.97 579.64 565.4 551.66 538.13 527.91 518.94 511.55 505.64 499.42 490.58 480.74 473.02 465.13 459.26 453.75 448.71 445.39 443.01 441.91 438.63 432.5 424.5 414.14 402.55 393.06 386.13 385.79 378.53 371.55 363.64 353.87 343.48 333.86 328.09 325.95 323.69 318.72 314.16 312.58 313.31 319.26 326.08
