burnAlone/geresSlope_100.grass
north: 41:54:44.0712N
south: 41:53:06.836388N
east: 8:12:49.672656W
west: 8:14:59.8488W
rows: 100
cols: 100
[rows 35 to 69 of 100, columns 0 to 77 of 100]
0 38.55 38.08 34.41 35.27 43 52.25 50.66 45.53 40.59 37.83 41 36.49 38.77 39.05 31.1 28.4 31.36 35.2 34.67 33.23 32.76 32.88 32.85 29.91 25.47 30.79 39.08 43.6 38.57 36.82 39.18 41.21 35.82 30.44 13.76 21.74 21.87 10.97 10.05 27.56 47.02 40.95 32.83 28.97 21.4 17.53 18.6 21.81 14.41 8.76 22.55 26.77 26.3 29.71 39.13 32.34 25.91 29.76 28.01 28.62 28.97 28.34 28.4 29.03 31.67 26.89 22.3 25.01 46.15 53.24 52.81 60.25 57.59 61 60.37 58.76 54.91
0 33.01 38.85 37.51 32.85 39.82 51.65 60.03 60.45 56.37 53.74 52.62 43.66 38.82 45.13 41.7 32.28 30.91 32.11 32.99 34.31 34.01 37.23 45.4 40.81 34.72 30.8 37.61 49.44 52.76 53.82 54.39 47.87 33.96 20.03 5.93 14.06 19.67 13.21 15.33 38.17 52.51 39.67 27.32 29.88 27.14 24.17 23.93 21.05 8.3 19.48 32.96 26.64 21.02 28.14 38.04 32.44 26.12 29.42 28.53 28.7 24.62 24.6 26.93 26.52 24.62 17.05 18.27 30.98 42.96 46.08 52.46 60.27 64.35 68.89 62.82 57.65 54.82
0 36.32 38.5 37.48 32.01 34.7 42.81 52.4 56.43 55.79 56.91 57.04 51.35 42.39 43.43 45.92 39.37 33.05 27.67 25.44 27.79 28.28 34.95 49.38 53.99 49.75 45.75 44.73 46.11 44.56 42.98 41.22 35.29 27.92 17.9 8.5 9.82 13.71 16.46 31.35 46.2 47.68 33.52 23.92 31.71 34.05 27.14 21.68 16.08 9.81 31.39 38.81 22.88 17.14 24.32 35.56 37.49 29.71 28.41 29.5 35.12 35.2 36.41 39.98 38.92 34.42 29.74 32.57 41.91 42.35 40.24 50.33 66.85 75.28 71.05 62.7 57.64 51.95
0 42.57 46.22 41.99 32.88 27.42 30.01 38.71 40.6 39.9 45 48.5 49.2 47.52 47.29 48.5 44.77 35.95 26.02 21.33 25.75 34.68 42.6 49.31 55.33 54.11 52.81 55.26 54.99 44.24 28.1 16.43 11.1 12.8 15.13 13.2 12.65 19.24 30.18 43.01 47.5 43.76 30.37 20.93 27.42 33.19 26.85 16.02 7.17 21.28 45.58 41.67 28.52 25.64 28.13 38.34 44.43 36.54 29.48 31.29 40.05 43.24 45.9 49.14 47 42.2 41.61 45.51 46.33 45.22 43.02 51.65 83.19 84.53 64.22 61.03 54.52 46.69
0 39.35 52.86 51.76 39.85 29.22 26.96 35.6 35.92 32.67 33.6 37.39 43.54 45.11 44.46 45.29 46.74 40.88 34.5 36.55 42.16 46.45 51.5 54.71 55.22 51.89 48.58 51.48 57.45 54.31 36.06 16.68 7.83 11.61 17.52 19.73 21.37 31.83 44.46 47.87 44.84 37.05 18.82 12.89 24.95 31.98 28.19 22.44 19.93 40.3 55.1 45.53 40.46 42.68 45.68 49.52 48.06 38.63 30.51 28.56 35.16 44.06 42.45 36.64 36.99 38.83 42.25 45.99 47.34 44.94 42.09 52.83 88.7 81.43 58.57 61.3 51.66 41.69
0 26.1 44.22 54.52 50.19 41.55 33.46 34.67 34.32 33.37 29.29 28.66 36.32 39.57 38.23 39.72 44.71 42.1 42.97 50.69 53.39 48.96 48.85 53.31 55.85 52.07 41.61 34.79 39.66 49.65 45.89 27.47 17.52 19.89 24.83 28.47 31.74 40.51 45.74 41.82 40.09 30.66 11.73 3.95 22.94 30.78 24.57 21.66 26.25 46.54 56.05 48.93 47.51 49.09 51.08 49.46 42.3 35.96 31.03 27.33 27.82 42.58 46.1 33.16 32.16 34.12 40.08 45.41 48.62 46.49 43.73 49.47 83 84.57 62.27 57.07 44.6 32.25
0 22.6 35.14 46.91 48.83 47.67 41.15 30.57 25.27 28.98 27.16 24.93 30.97 35.96 35.53 35.62 38.73 38.18 39.58 42 40.04 34.79 35.72 36.5 36.5 34.04 27.21 21.04 24.13 38.5 44.05 35.05 22.77 20.55 25.32 26.71 29.35 35.3 37.01 36.42 39.06 28.8 19.16 12.94 12.88 28.78 24.73 15.27 22.8 46.51 55.15 48.55 48.29 48.18 45.77 41.55 37.06 36.74 34.75 31.39 26.84 31.9 44.77 39.05 34.01 28.53 28 40.07 43.34 38.1 34.63 37.3 76.12 91.16 60.4 41.57 30.53 21.21
0 35.67 41.17 45.57 41.46 44.9 47.98 32.41 23.2 22.95 19.55 18.64 24.83 32.58 35.61 33.12 31.64 33.59 33.99 29.26 20.97 19.64 31.43 36.9 33.58 26.5 23.78 23.96 30.05 43.76 46.66 34.99 17.39 18.61 29.19 30.25 31.17 32.88 34.15 37.7 41.8 29.26 20.73 24.44 6.44 20.91 25.78 16.19 28.8 46.15 47.99 39.34 44.41 45.54 38.84 36.07 35.27 35.58 33.95 30.71 25.54 20.99 33.2 43.32 39.11 28.51 34.96 45.96 34.97 25.63 24.44 33.65 70.92 85.04 55.14 34.61 29 26.86
0 39.05 45.08 52.76 46.35 45.03 46.02 37.18 31.09 26.19 18.44 13.72 17.58 28.93 37.53 37.3 33.38 33.41 31.47 22.07 12.28 23.89 42.76 47.91 40 34.52 38.2 43.55 49.55 54.8 46.8 29.77 15.95 14.18 22.48 28.95 33.3 36.45 39.34 41.95 43.69 31.26 17.67 29.22 25.11 9.12 18.76 18.53 28.01 37.85 38.98 37.81 48.23 48.88 38.06 33.97 36.15 36.65 33.22 27.45 21.23 16.86 23.88 37.23 37.88 30.84 47.67 52.34 27.31 18.94 21.41 33.91 60.75 65.08 48.43 43.63 44.81 45.57
0 25.73 36.98 54.79 53.83 42.05 38.55 38.68 38.9 33.76 20.87 9.55 14.23 26.53 38.63 44.33 38.43 26.06 17.89 17.38 22.49 37.23 51.8 49.37 41.99 45.44 54.99 60.49 59.85 55.89 45.66 34.57 29.55 28.19 27.14 26.84 29.28 34.46 41.18 46.27 47.83 35.33 18.29 27.85 37.44 19.53 1.44 15.9 24.17 30.51 35.04 40.36 51.18 51.27 39.36 32.54 36.13 39 35.03 29.65 25.68 23.64 26.25 31.15 30.07 32.48 51.32 52.14 29.8 20.66 21.17 29.86 47.85 47.61 40.37 48.05 57.79 60.93
0 22 35.6 54.13 55.37 38 29.49 33.8 39.82 37.7 23.23 9.32 15.05 21.73 29.29 34 32.1 24.74 20.51 22.46 33.37 47.65 55.63 50.95 51.16 57.74 60.19 59.37 55.08 50.88 45.15 40.08 39.82 41.72 41.31 33.39 27.18 33.62 38.92 47.87 52.56 40.8 26.59 28.24 41.72 35.02 20.24 20.13 22.08 26.97 33.93 37.62 47.14 49.41 40.29 37.95 32.45 27.78 28.78 30.27 31.01 32.21 31.91 31.38 30.07 32.97 44.65 46.32 35.16 25.35 20.5 26.09 38.22 36.63 28.21 33.19 43.67 50.04
0 28.63 37.76 52.1 56.02 40.49 27.48 29.14 37.78 40.74 31 15.82 10.59 7.88 18.57 30.52 39.41 38.99 30.45 30.06 41.53 55.77 62.65 62.56 64.63 63.14 58.11 53.84 45.29 41.75 39.93 37.63 40.61 45.41 45.95 39.12 31.59 37.03 38.39 49.72 52.4 41.84 32.13 20.72 33.26 38.09 32.62 25.75 22.44 24.65 29.34 31.12 40.48 47.46 43.16 46.67 41.89 22.74 19.9 22.73 24.08 27.41 29.05 29.79 31 32.55 36.66 37.28 33.77 27.27 22.2 26.14 31.84 27.64 17 14.3 12.64 18.39
0 36.91 42.54 53.21 60.7 50.34 34.33 34.91 45.5 50.34 40.42 21.94 7.34 22.5 37.23 43.47 42.71 37.42 30.7 32.42 48.58 62.87 70.7 69.72 59.58 49.57 49.15 48.4 39.04 35.78 34.51 31.94 35.1 39.5 38.89 38.56 35.31 38.4 40.38 50.42 45.22 37.16 34.72 5.06 27 38.94 35.89 27.34 26.52 25.11 25.38 27.58 35.34 44.81 44 45.57 44.58 33.03 26.31 18.54 11.19 14.89 19.19 24.27 28.68 30.94 35.52 36.14 31.42 26.96 25.51 27.84 26.06 19.42 11.53 3.18 13.75 25.46
0 47.05 51.21 59.15 66.08 62.83 52.88 48.27 51.43 57.26 46.78 30.51 27.14 34.94 38.41 38.82 35.71 33 35.84 44.74 59.33 66.71 68.85 59.45 40.53 34.17 45.39 45.47 34.06 32.02 28.7 24.46 26.56 29.63 28.78 33.8 36.33 39.04 43.18 46.93 36.71 29.68 28.57 9.96 25.98 35.73 34.42 27.38 27.47 24.47 23.21 25.78 32.99 42.44 45.17 43.88 38.01 32 33.57 29.78 17.52 9.89 10.94 16.52 21.95 25.56 34.96 35.36 30.36 32.11 33.07 29.47 18.36 12.35 11.91 13.61 25.15 34.72
0 45.08 48.5 55.61 60.4 59.36 52.29 41.62 41.47 55.15 49.83 39.87 44.37 38.54 30.99 34.47 35.25 36.62 44.28 55.39 62.71 60.87 55.08 42.82 30.94 32.14 47.23 45.98 31.7 27.66 21.96 19.01 23.1 27.31 26.05 27.41 32.49 37.59 43.66 41.32 28.13 16.7 17.91 15.87 23.84 34.68 36.02 27.42 25.56 24.46 24.45 27.39 32.91 38.62 44.04 43.04 33.07 24.54 28.47 34.74 29.02 20.11 16.77 19.9 24.97 26.87 36.64 33.21 25.19 28.43 25.87 19.12 8.8 11.35 18.38 21.72 32.6 46.96
0 33.39 40.17 43.49 45.43 43.1 39.01 33.6 41.12 56.34 51.38 48.72 52.94 40.25 32.01 39.52 41.18 39.2 44.03 53.12 57.19 50.77 41.74 32.09 29.28 36.87 48.74 42.48 32.32 29.3 21.16 21.56 26.56 30.04 28.96 23.76 26.49 34.53 40.41 33.38 18.92 4.25 8.5 11.42 20.96 34.74 35.47 27.49 27.79 30.32 31.44 32.71 34.51 37.01 41.41 37.39 28.48 21.08 21.91 30.3 32.79 27.85 22.07 23.01 28.71 28.81 33.7 32.16 28.45 32.33 30.23 22.59 13.18 19.43 28.69 34.63 47.79 62.55
0 28.8 39.41 38.33 40.47 43.5 46.26 50.26 63.05 68.07 58.67 56.45 55.22 45.82 42.38 45.8 41.65 36.08 40.36 49.08 52.36 45.47 37.06 29.65 29.89 40.89 48.75 38.34 32.39 33.94 26.64 27.82 31.18 33.06 32.45 26.47 26.38 32.75 32.84 20.58 9.44 9.21 5.48 5.55 18.74 29.84 33.56 32.45 31.41 30.88 30 29.05 30.02 33.37 36.29 30.03 22.31 17.73 18.6 24.17 28.29 26.86 23.31 27.96 35.83 35.89 29.51 22.39 22.5 27.25 30.91 27.76 24.43 35.89 46.19 50.82 57.61 66.14
0 29.96 42 42.45 48.45 55.85 65.39 72.61 73.34 62.22 52.78 54.04 54.64 53.12 49.96 44.39 34.44 32.19 42.66 50.11 48.44 41.9 36.83 32.29 34.2 42.82 47.45 39.82 33.99 33.81 29.81 26.25 25.88 28.77 29.61 23.81 23.2 25.21 20.01 7.13 0.87 4.94 11.53 14.14 17.69 23.7 35.56 40.14 30.52 22.93 23.26 24.93 26.89 30.91 33.54 27.7 19.11 16.33 17.67 21.87 27.15 27.92 27.61 38.8 49.95 47.86 34.86 26.12 26.99 28.3 35.6 44.6 48.65 56.08 60.48 58.93 59.57 65.91
0 38.47 46.73 47.94 56.14 66.96 78.3 78.52 66.7 51.72 46.72 51.27 54.96 54.23 44.58 32.29 25.09 32.93 49.05 52.73 45.28 37.73 35.41 37.26 40.05 43.98 47.21 44.07 34.52 25.55 26.23 24.01 17.14 20.75 21.38 14.38 12.91 11.74 9.01 10.43 10.47 9.47 5.45 20.4 18.13 19.94 34.94 41.28 31.06 24.28 26.95 30.29 29.71 32.31 36.14 31.23 23.38 21.67 21.7 25.38 32.2 34.23 38.04 54.73 63.88 54.22 40.66 37.81 37.92 41.44 55.14 67.23 67.93 64.96 61.97 59.33 60.13 67.67
0 49.83 56.94 57.13 62.7 73.48 80.2 68.57 49.77 38.54 40.23 48.78 53.54 48.08 30.24 16.79 20.03 36.2 50.59 51.2 41.58 33.83 33.31 38.98 44.15 42.9 41.4 36.67 25.32 15.75 17.19 25.44 24.95 22.8 21.65 21.05 19.96 17.06 19.38 21.54 19.6 19.44 8.98 17.46 18.28 19.13 29.99 38.04 33.32 27.82 29.18 32.58 29.16 29.6 34.8 31.69 22.58 19.09 24.12 31.43 40.72 49.27 54.21 63.68 66.46 51.92 39.82 39.97 42.65 52.52 66.03 70.54 65.1 54.35 49.5 51.81 56.7 64.51
0 52.91 69.54 65.17 60.56 77.75 82.56 58.11 39.15 33.56 38.36 47.09 48.02 39.08 21.74 13.82 23.23 38.07 48.33 48.51 36.39 27.12 27.14 35.52 45.28 40.05 31.82 30.12 29.16 23.15 16.71 20.95 28.35 27.26 23.45 26.86 28.82 24.73 22.12 20.21 20.09 21.96 13.4 12.35 14.49 16.58 24.14 32.07 30.99 25.97 29.09 32.09 25.95 24.7 29.47 28.67 22.06 21.17 29.36 38.51 50.73 62.17 55.26 55.22 60.48 46.84 36.71 41.09 54.59 66.62 65.98 63.38 57.1 43.06 39.93 49.94 59.8 62.33
0 57.63 84.52 68.17 51.31 78.86 81.46 51.91 40.75 43.03 45.36 46.47 41.94 30.61 17.43 13.14 23.55 38.65 49.6 49.41 36.94 27.9 27.3 37.09 47.56 40.98 30.93 26.39 27.42 31.92 29.01 24.14 28.41 28.92 25.53 29.17 32.89 26.17 17.04 14.24 17.32 21.23 12.5 10.39 12.52 13.12 17.83 23.79 27.67 28.44 33.22 32.07 22.44 23.59 31.35 34.93 32.03 30.71 37.39 43.78 54.97 63.77 50.06 51.26 58.6 46.76 39.49 45.49 62.08 69.39 64.48 62.62 53.73 40.7 42.81 55.56 64.49 62.09
0 66.57 95.61 69.62 50.66 77.22 76.29 53.02 46.19 49.22 45.55 41.57 38.89 26.19 14.85 12 17.18 34.28 51.63 57.36 49 37.27 33.86 41.91 51.79 47.66 39.91 30.16 21.4 26.92 32.47 29.02 28.62 27.47 26.66 28.41 33.49 30.65 19.52 16.96 20.42 24.49 16.62 16.32 18.86 19.72 20.55 21.7 28.28 35.24 37.35 29.07 18.77 24.6 37.01 41.68 35.67 31.34 35.33 39.9 52.5 57.6 48.66 54.29 54.33 43.71 43.59 52.18 62.35 58.41 59.64 63.52 50.78 40.46 43.91 54.82 62.59 59.38
0 67.41 101.78 72.69 54.25 71.45 74.53 63.64 49.88 45.07 39.56 36.55 42.15 34.27 22.9 17.26 14.63 24.91 41.07 52.98 55.12 43.6 33.9 38.25 48.74 48.09 48.1 44.35 29.22 24.68 29.25 29.53 28.61 28.84 33.46 34.45 38.34 41.92 34.93 30.35 32.2 36.49 34.11 29.32 26.95 24.33 21.54 20.93 29.63 40.02 36.84 24.12 17.41 25.23 39.46 44.26 34.62 28.77 31.87 37.78 49.18 50.94 49.63 54.17 46.6 38.78 48.43 58.46 55.59 51.17 52.96 49.7 41.49 37.69 41.02 52.64 57.14 55.07
0 60.96 105.59 74.97 45.36 66.6 79.47 71.13 50.38 42.29 36.5 35.24 43.2 44.16 38.25 30.25 21.39 20.56 27.1 36.21 45.56 42.74 32.34 32.14 40.11 40.7 42.05 45.21 36.35 30.63 34.24 38.99 42.62 46.34 49.69 50.05 50.36 51.22 44.91 38.31 37.98 38.48 33.62 26.26 22.8 19.85 18.6 21.15 30.52 37.9 31.59 19.12 16.14 24.13 36.37 42.89 35.58 29.99 32.42 38.08 43.5 47.16 50.36 51.25 45.07 39.93 50.44 62.33 61.98 57.04 45.96 35.12 30.14 32.33 38.32 46.13 42.1 44.02
0 51.63 106.32 77.85 35.56 64.34 83.5 68.08 47.4 38.16 30.77 32.88 38.12 41.69 44.19 41.1 36.63 30.34 25.08 29.68 37.87 37.23 32.58 32.29 35.35 35.55 34.57 38.33 38.68 38.62 44.08 53.67 61.73 62.26 57.78 54.12 52.51 51.39 45.73 37.96 33.62 31.57 23.08 12.42 12.5 12.24 12.37 17.2 25.76 29.51 24.97 19.1 18.92 23.8 31.34 39.06 37.87 34.86 37.38 40.82 40.29 43.22 46.91 46.14 42.57 43.65 50.66 54.35 64.64 65.65 49.87 46.54 40.97 23.01 23.32 28.68 28.94 39.17
0 44.67 98.96 86.09 46.57 67.93 82.56 63.98 43.04 31.61 28.6 30.97 32.3 33.41 38.77 41.26 45.12 43.79 29.81 27.05 33.3 31.72 30.02 29.77 32.82 36.61 33.97 35.29 39.95 42.34 44.62 49.73 55.93 56.97 53.19 49.87 48.03 48.32 46.99 41.41 35.59 35.35 25.48 4.9 5.92 7.19 8.08 12.46 19.47 24.25 24.57 24.29 24.58 24.87 29.38 35.61 37 38.57 42.68 46.19 42.73 38.02 37.99 40.88 39.75 44.74 53.66 49.82 53.45 60.78 55.42 55.18 53.22 35.18 24.6 26.42 29.23 36.61
0 42.38 86.37 85.36 60.15 66.66 81.23 71 44.93 33.05 31.03 32.39 30.39 26.74 30.53 37.12 44.36 50.17 37.47 28.63 31.63 29.73 29.38 27.06 29.67 36.51 35.98 39.04 44.67 46.53 44.17 41.83 44.27 48.81 51.15 53.87 54.12 49.95 46.2 45.09 43.95 44.18 33.7 8.26 8.85 9.49 6.87 7.01 14.42 21.96 23.81 24.35 25.61 26.57 30.98 37.56 42.55 49.3 52.7 51.51 42.29 33.01 31.92 37.96 44.15 48.77 50.93 43.4 39.24 50.51 58.47 55.31 52.92 45.36 42.32 43.48 41.51 41.6
0 40.28 77.69 83.73 63.24 55.65 71.28 75.81 55.11 41.07 37.48 39.42 36.44 31.97 32.61 35.21 41.25 50.59 48.31 43.38 41.57 35.46 31.81 26.38 27.02 38.74 46.83 47.63 47.73 50.74 51.94 47.17 42.54 43.67 47.74 51.83 55.76 52.45 43.23 43.44 48.77 52.99 41.16 13 8.38 9.86 5.92 5.75 9.83 23.64 30.11 22.97 22.67 27.7 32.64 42.66 52.88 56.81 54.63 45.46 34.56 33.69 39.55 45.12 49.51 48.82 44.58 38.4 30.43 37.35 50.86 47.57 45.16 50.01 56.34 59.84 58.28 53.6
0 39.66 67.93 82.45 66.02 47.99 56.2 61.02 53.6 52.89 52.23 51.79 44.82 39.18 42.01 42.77 43.43 46.14 47.79 49.99 53.55 52.07 48.37 42.82 38.82 44.96 50.59 50.23 50.77 52.87 53.31 49.6 43.11 37.18 34.77 36.9 42.37 48.19 43.47 42.45 48.89 53.48 45.2 25.6 8.45 4.01 8.29 11.93 12.57 28.17 32.36 18.07 20.22 28.88 36.12 48.75 58.81 57.35 50.06 34.82 29.37 37.93 44.33 42.48 40.23 38.64 40.16 38.91 33.8 34.97 36.17 32.77 38.36 49.11 54.67 58.27 59.14 55.28
0 44.68 62.88 75.68 63.25 47.84 52.54 50.91 44.29 50.31 54.06 56.33 48.97 40.04 44.49 49.63 50.6 46.87 43.58 42.91 45.39 50.02 54.37 57.31 55.37 51.62 50.43 50.81 51.39 49.97 47.42 43.96 36.39 23.62 20.77 27.88 34.12 39.8 41.29 43.27 47 46.08 39.63 30.77 16.6 6.97 4.9 6.17 14.27 26.91 31.37 21.57 19.21 25.36 36.86 52.58 61.53 62.43 50.76 32.04 32.06 41.51 45.47 39.33 32.05 33.23 39.77 40.82 39.74 32.7 21.13 23.07 28.6 34.19 38.16 41.11 40.98 39.76
0 46.49 59.42 70.99 60.73 47.85 50.39 47.75 38.82 35.27 41.71 52.55 46.77 38.09 40.6 48.34 56.56 56.52 51.06 46.11 41.16 37.27 35.72 38.32 42.5 40.53 37.26 34.76 32.73 32.47 34 32.53 29.83 24.73 20.21 27.7 36.13 39.01 37.72 41.04 45.88 40.92 30.6 25.12 20.82 13.62 9 2.4 12.21 21.51 30.21 29.53 23.7 20.23 31.54 53.49 66.41 67.05 49.62 30.41 30.82 39.81 47.18 44.78 35.22 35.68 40.73 40.52 44.97 38.12 27 31.72 35.11 36.84 36.09 33.43 28.48 29.28
0 39.57 53.11 68.81 64.19 52.03 51.41 47.97 43.79 36.41 35.76 45.2 39.46 32.75 31.6 34.72 43.68 47.67 47.41 48.37 45.91 37.91 29.1 25.27 23.99 21.93 19.44 15.02 15.87 18.41 20.22 23.92 31.66 29.34 24.67 31.3 36.68 39.54 37.58 39.59 43.52 37.77 26.33 18.9 18.49 14.79 12.13 7.01 13.19 18.13 26.79 33.34 30.42 19.13 25.64 54.21 71.96 65.83 46.64 30.73 27.93 32.96 42.36 46.07 38.13 35.91 37.39 33.59 39.97 44.24 42.19 39.86 39.66 38.42 40.14 40.56 32.84 31.02
0 33.93 45.31 57.75 56.7 50.05 51.02 51.76 55.1 56.46 46.5 45.79 41.56 35.34 30.55 28.18 34.2 37.17 38.5 43.15 47.56 43.25 35.16 33.02 31.5 30.46 27.32 22.21 18.62 18.28 22.5 30.09 33.27 29.83 31.67 37.59 39.02 41.33 41.52 42.11 39.28 31.92 25.06 18.62 19.53 18.26 16.23 9.79 10.35 16.09 25.86 31.36 32.02 23.51 25.87 55.48 74.02 63.51 44.89 31.82 28.11 29.78 37.42 46.47 45.06 42.53 35.17 20.71 20.27 29.97 34.65 29.92 22.25 16.6 28.02 40 37.51 33.94
0 34.56 43.67 50.62 48.39 47.54 48.83 50.19 57.09 65.48 61.65 54.57 46.53 38.75 35.98 35.9 35.17 33.11 34.81 39.95 47.11 46.44 38.85 34.3 33.96 35.16 34.32 31.55 26.22 22.27 28.45 39.79 38.7 35.15 38.07 42.53 45.18 44.35 42.94 42.31 35.26 28.46 25.23 21.14 23.18 23 17.17 8.31 7.52 15.79 24.19 27.61 30.09 29.44 29.03 51.43 72.36 63.3 46.49 37.72 36.18 41.11 46.55 55.59 54.76 41.95 24.27 9.3 10.49 16.82 23.85 26.93 21.98 17.33 25.72 37.53 36.21 32.92
