burnAlone/geresHeight_150.grass
north: 41:54:44.0712N
south: 41:53:06.836388N
east: 8:12:49.672656W
west: 8:14:59.8488W
rows: 150
cols: 150
[rows 64 to 95 of 150, columns 0 to 71 of 150]
0 448.51 448.25 451.53 457.91 466.74 475.42 477.42 485.95 499.23 510.5 517.64 521.74 525.17 529.49 533.14 536.45 540.12 543.49 546.99 551.4 557.02 563.95 570.52 573.88 576.29 577.49 578.55 579.88 578.26 577.43 577.71 580.21 585.6 593.43 602.61 611.72 618.47 621.94 625.83 630.18 634.89 639.77 645.13 652.52 664.94 670.52 678.84 683.15 683.41 684.74 690.91 697.16 702.5 708.49 715.87 722.08 729.19 738.75 744.1 752.95 762.09 768.38 770.89 769.28 764.16 758.25 758.21 756.48 764.7 772.15 772.75
0 440.23 438.77 441.87 449.63 459.97 470.55 478.71 489.48 499.31 506.49 512.42 517.86 523.23 530.18 534.39 537.23 539.48 541.51 543.89 547.69 553.78 560.72 566.17 569.83 571.63 571.41 571.01 572.12 573.3 575.28 576.8 580.86 588.27 597.83 607.79 616.81 623 626.46 629.41 633.8 639.67 646.23 653.54 663.17 671.1 675.82 681.43 683.41 684.06 685.77 687.76 694.57 697.67 705.69 712.37 719.67 728.76 737.97 745.44 754.85 763 771.62 775.07 774.45 770.41 761.7 758.86 757.12 764.4 766.46 765.21
0 432.76 432.47 436.48 444.38 455.11 468.16 479 486.78 494.2 500.67 506.97 513.64 520.79 528.39 533.59 537.2 538.66 539.52 540.58 543.07 548.2 552.95 557.28 561.99 563.45 563.93 565.14 567.18 570.35 575.14 578.31 584.02 593.2 603.63 613.06 620.95 627.02 631.8 638.42 644.77 650.6 656.73 663.76 671.1 678.47 682.23 685.36 687.33 688.43 689.42 691.33 696.52 698.68 705.97 712.71 719 726.82 736.49 745.26 755.23 763.6 773.51 777.51 777.31 774.75 767.67 762.02 759.41 763.02 763.89 762.56
0 426.87 428.38 433.5 441.3 451.98 466.64 478.25 483.49 489.1 495.38 502.06 509.73 518.47 526.05 532.5 536.76 537.7 537.22 536.92 538.23 541.71 544.05 547.78 553.48 555.92 558.52 562 564.78 568.8 575.35 580.45 587.9 598.36 609.15 617.88 624.74 631.2 638.18 648.34 656.81 662.79 668.32 674.46 678.69 686.36 689.35 690.82 693.14 694.58 694.97 697.46 700.8 702.27 707.71 713.86 719.13 725.7 735.38 744.53 755.32 764.63 774.92 779.56 780.23 779.29 774.79 767.25 763.26 762.83 762.51 760.71
0 425.45 428.6 434.49 442.59 452.76 465.65 475.02 484.18 488.97 493.57 499.17 507.15 517.05 524.24 532.37 535.73 536.41 533.86 532.26 533.49 534.42 535.64 540.49 546.37 553.85 561.32 566.31 568.14 569.97 574.83 582.39 591.78 602.19 612.38 621.12 628.24 636.37 647.27 656.15 665.48 673.4 679.74 685.07 687.7 694.81 697.76 700.09 701.81 703.12 704.33 705.78 708.56 708.91 711.33 714.12 720.25 728.72 736.16 743.37 755.84 767.35 775.99 781.97 785.53 786.27 783.37 776.95 770.72 767.58 762.12 756.87
0 423.14 427.19 433.94 442.38 452.23 465.07 474.89 484.13 489.47 494.15 499.6 506.78 515.36 522.72 530.62 533.63 534.23 531.5 529.2 529.58 530.77 534.33 539.53 546.76 555.77 564.62 571.21 574.43 575.24 579.96 586.55 596.99 607.83 618.01 627.36 635.84 646.42 657.02 664.92 673.61 681.2 688.06 694.34 695.38 701.93 705.19 707.88 709.65 711.3 713.5 715.88 718.09 716.94 716.28 719.17 724.74 731.74 738.97 745.28 759.04 769.53 777.81 785.69 791.01 792.13 790.06 783.99 776.67 769.69 762.62 756.79
0 420.51 425.12 432.64 441.29 450.74 463.79 475.37 483.4 489.84 495.06 500.42 506.25 512.5 520.09 526.94 530.37 531.28 529.72 527.58 527.27 530.31 537.17 542.21 551.06 559.67 568.03 575.94 581.32 581.93 587.06 591.95 603.02 614.39 625.01 635.51 645.67 658.44 666.56 673.81 681.39 687.96 695.02 702.25 702.27 708.26 711.92 714.84 717.06 719.35 722.57 726.44 728.17 725.41 722.12 726.21 730.65 735.08 742.87 748.93 763.42 771.24 779.4 789.09 795.82 797.02 794.9 788.91 781.03 770.42 763.45 758.29
0 418.44 423.61 431 439.1 446.94 457.02 470.84 480.56 487.73 491.18 494.34 498.49 503.19 509.7 515.99 523 526.11 528.64 530.29 532.52 539.28 545.58 549.5 558.17 564.45 570.66 577.88 583.65 585.77 590.33 598.81 610.35 621.5 633.67 646.85 657.7 668.79 672.98 680.58 688.5 696.28 702.35 705.48 708.05 713.48 717.09 720.88 724.22 727.63 731.45 734.84 736.58 732.7 729.71 732.03 735.78 740.47 747.65 754.62 767.43 771.49 777.46 786.85 795.95 799.04 793.69 788.26 779.82 770.07 763.84 758.94
0 412.16 417.63 424.35 432.14 440.24 449.51 463.25 473.32 480.17 482.93 485.53 488.82 492.88 502.3 512.02 519.23 522.59 527.69 533.32 538.58 546 552.07 556.86 563.7 568.32 573.11 579.31 585.52 590.63 597.95 607.5 618.57 629.79 642.34 655.17 664.49 672.23 674.5 682.75 692.63 702.32 708.53 710.4 714.57 719.1 721.73 725.12 728.87 732.92 737.09 740.77 743.83 739.5 737.48 738.92 741.73 746.5 754.05 760.64 771.11 774.44 779.22 787.62 795.46 797.41 792.54 788 779.67 771.44 765.46 760.17
0 403.03 408.75 414.47 422.06 431.6 441.56 453.49 462.95 468.82 471.76 475.02 478.09 482.17 496.77 512.24 517.6 520.17 526.87 536.46 544.93 550.98 556.97 563.88 568.05 571.62 575.62 580.68 587.39 596.32 608.43 617.41 627.4 638.76 650.74 661.16 667.56 671.18 673.04 681.95 694.67 706.6 713.68 716.35 721.42 724.88 725.95 728.11 731.74 736.07 740.43 744.93 750.21 746.03 745.35 746.51 748.28 753.02 761.47 766.86 774.56 779.08 783.37 790.19 794.36 793.29 791.23 787.82 780.18 773.69 767.58 761.59
0 395.01 403.36 408.87 414.69 424.35 435.05 442.5 450.27 456.36 462.19 468.16 472.92 477.26 487.5 500.17 508.93 516.72 526.96 537.75 546.22 552.02 556.32 562.67 570.55 576.27 581.69 588.23 595.8 604.68 616.23 626.2 636.02 645.1 653.71 661.63 668.07 675.06 679.73 685.27 696.22 706.69 713.89 719.58 724.65 728.12 729.18 730.48 733.34 737.62 742.54 747.78 754.74 753.92 752.8 753.24 755.65 760.56 767.29 772.51 777.96 780.76 784.24 787.04 789.19 789.54 786.23 783.94 779.66 769.9 762.79 758.58
0 388.8 397.43 404.23 410.42 418.99 428.35 436.35 441.89 449.29 456.88 464.09 470.01 475.71 486.19 498.57 507.32 516.83 528.79 540.21 548.31 553.59 557.62 564.24 573.83 580.93 587.32 594.37 601.94 610.83 622.38 632.6 642.49 650.36 656.75 662.66 668.44 675.71 682.05 689.05 699.46 708.07 714.43 721.46 727.58 731.33 732.42 733.28 736.09 740.4 745.13 750.45 757.97 759.12 758.78 758.99 761.9 767.57 773.95 778.55 782.6 782.7 784.45 784.3 784.98 786.57 783.8 780.38 776.38 765.95 759.17 755.64
0 384.4 390.97 400.57 409.25 415.5 421.45 435.06 437.79 447.61 455.85 462.79 469.36 477.52 492.83 507.45 512.75 520.5 532.37 543.83 551.2 555.7 560.85 568.6 577.88 585.58 592.49 599.11 605.82 614.75 626.86 636.61 646.8 654.54 659.86 664.26 668.66 673.12 680.03 693.27 704.37 710.74 715.29 721.98 730.21 734.52 735.65 736.52 740.02 744.41 748.19 752.95 759.91 761.62 763.26 763.78 767.03 774.03 781.45 784.97 788.46 784.9 784.02 781.97 781.75 784.37 783.93 777.15 770.35 761.86 756.71 752.8
0 387.41 394.57 402.74 410.06 417.06 423.81 435 440.81 450.33 458.64 467.54 477.56 488.82 504.4 513.25 521.39 529.92 539.48 548.44 555.86 562.58 567.78 575.05 583.33 589.62 595.53 602.21 609.45 617.32 628.38 638.53 648.03 656.01 662.59 667.87 671.75 676.08 684.09 694.17 705.09 712.68 717.39 723.23 731.73 738.2 740.98 743.04 746.33 750.4 754.34 758.53 764.93 766.67 767.95 769.43 773.43 779.27 784.02 786.38 788.24 787.84 786.06 783.76 782.83 783.32 782.33 777 771.14 765.16 758.7 750.98
0 390.98 397.09 405.1 412.55 419.73 427.77 436.84 445.1 455.02 465.3 475.73 487.23 500.22 512.54 518.88 528.76 537.6 546.06 554.15 562.09 570.26 575.69 582.16 588.79 593.53 598.09 604.61 613.07 620.89 631.06 640.6 649.28 657.33 664.73 670.87 675.28 679.84 688.05 696.3 706.3 714.31 719.72 725.42 733.37 740.94 746.2 749.19 752.1 755.53 759.47 764.23 769.84 771.8 773.03 775.17 779.15 783.56 786.45 788.03 787.76 789.34 788.12 786.67 784.97 782.51 780 777.26 771.84 766.95 759 749.35
0 394.86 397.3 407.29 417.33 423.65 433.41 441.37 450.75 462.26 477.33 488.49 498.44 511.09 515.34 524.49 534.06 542.34 551.63 561.39 570.5 578.75 584.74 590.1 594.18 597.28 600.12 606.12 616.7 626.02 635.63 643.06 650.79 658.62 666.02 672.86 679.25 684.37 691.46 700.48 708.49 715.56 722.31 728.91 735.27 742.28 751.12 754.58 756.93 759.28 762.92 769.88 774.37 776.89 778.68 780.99 783.76 786.58 789.04 790.4 787.33 788.69 790.06 790.94 788.33 781.94 776.72 777.91 771.92 766 756.54 747.93
0 389.94 395.66 406.12 417 425.72 435.83 447.01 459.44 472.84 487.35 499.06 510.02 521.51 524.34 530.02 538.36 547.08 556.85 567.3 577.38 586.06 592.12 595.88 597.75 600.03 603.93 611.53 622.88 632.71 640.31 648.19 653.41 659.62 666.76 674.14 682.47 690.57 697.02 705.26 714.03 722.12 729.53 735.52 736.94 740.5 749.13 754.03 757.93 761.14 764.48 769.89 772.77 776.82 778.91 781.58 783.88 785.33 786.39 786.99 785.45 786.48 788.48 790.75 789.25 783.13 777.49 776.33 772.68 767.39 758.87 750.55
0 383.57 393.11 404.01 415.1 426.09 437.34 451.2 465.76 481.21 495.99 508.33 519.49 529.58 532.85 535.81 542.75 551.62 561.51 572.22 582.79 591.34 597.41 598.95 600.23 602.78 608.24 617.09 628.01 638.16 645.28 653.34 656.82 661.89 668.75 676.09 685.06 695.81 702.06 709.62 719.09 727.35 734.32 739.95 739.08 739.95 745.9 751.37 756.57 760.82 764.32 768.28 770.19 774.86 777.49 780.46 782.36 782.71 782.5 782.2 782.55 783.38 786.12 789.41 789.03 784.15 779.08 775.61 773 768.49 761.49 753.9
0 377.1 389.23 401.08 411.61 423.42 437.98 451.85 465.85 483.58 502.33 515.53 524.23 532.68 538.11 542.19 547.66 555.72 565.05 575.45 585.5 592.63 598.7 596.88 600.96 605.88 613.02 621.62 629.95 640.36 650.84 657.61 661.57 667.07 673.66 679.75 686.53 698.4 705.2 712.85 721.94 727.82 732.17 738.53 742.32 743.18 742.41 746.2 751.4 756.42 761.08 765.13 767.6 770.59 774.39 777.49 778.82 778.62 777.71 776.46 777.94 778.85 783.32 787.13 787.22 784.19 781.02 777.55 772.13 768.15 763.04 757.39
0 375.5 385.85 399.84 414.97 429.19 440.95 450.51 466.1 485.36 503.5 514.78 522.52 531.71 537.02 543.5 551.18 560.31 569.05 577.69 586 592.17 596.52 596.5 600.54 606.5 615.09 623.99 631.79 643.68 652.8 659.1 663.16 668.5 674.2 679.64 687.43 699.99 707.36 713.27 718.92 723.4 727.86 733.73 738.73 741.32 741.9 744.34 748.18 753.12 758.35 762.15 763.03 765.2 769.2 772.03 773.5 773.69 772.83 772.19 774.35 775.71 780.02 783.88 784.71 782.84 780.54 777.5 774.88 771.54 767.17 761.94
0 375.17 383.43 399.33 419.31 435.8 443.61 449.43 465.89 486.66 503.06 511.97 519.28 529.63 535.13 544.3 554.6 564.33 572.88 580.06 586.33 591.86 593.71 596.69 599.97 605.88 615.14 624.47 632.54 645.56 652.86 658.8 663.09 668.15 672.94 678.21 687.7 699.71 707.51 712.17 714.97 718.67 723.52 728.17 732.64 737.35 740.91 742.47 745.06 749.74 755.15 758.6 757.85 759.46 763.17 766.05 768.21 769.19 768.71 768.89 771.25 773.26 777.05 781 782.54 781.25 779.25 777.14 777.14 774.31 770.37 765.36
0 374.14 383.86 399.64 419.83 436.4 442.75 451.37 463.91 486.92 502.41 510.33 517.56 527.95 537.25 548.65 559.13 565.84 575.64 583.94 588.45 593.93 592.42 597.07 600.14 603.56 610.96 620.59 629.57 641.16 650.15 655.18 660.51 665.52 669.97 676.14 686.37 693.89 701.69 708.72 713.94 718.06 721.37 723.51 725.01 731.4 735.09 737.08 740.23 744.95 749.8 752.86 752.68 753.73 756.4 760.88 764.93 767.03 767.42 767.51 768.75 771.7 775.75 780.4 782.28 780.26 777.65 777.79 773.86 770.91 767.52 763.68
0 369 377.3 397.2 420.17 435 442.76 454.18 467.34 487.2 501.41 511.2 520.78 531.24 539.68 551.81 559.9 565.61 575.63 584.76 589.54 594.02 593.31 597 599.76 601.32 605.99 614.53 623.97 632.48 644.29 649.55 655.3 660.3 664.63 670.4 679.47 688.94 695.61 703.23 710.28 715.65 719.07 720.43 719.83 725.62 729.27 732.57 736.95 741.57 745.21 747.62 748.38 748.87 750.18 755.88 761.45 764 764.47 764.88 765.75 769.72 774.61 778.83 780.02 777.75 774.78 774.51 770.82 768.05 765.38 762.06
0 363.07 368.86 393.74 420.07 432.92 443.18 456.25 472.07 486.78 499.9 512.78 525.56 536.03 541.75 553.67 558.78 564.33 573.74 583.23 589.22 592.62 594.5 596.45 598.89 599.12 601.08 607.89 617.2 622.42 636.5 642.85 649.11 654.34 658.68 663.45 670.66 684.17 689.37 696.52 704.68 711.66 716.17 717.63 715.84 720.32 723.87 728.67 734.31 738.63 740.8 742.32 743.83 744.05 744.33 750.52 757.03 759.92 760.27 761.08 762.09 766.77 772.31 775.57 775.93 774.02 770.85 769.33 767.53 765.11 763.23 760.24
0 365.14 370.37 392.28 417.48 432.79 443.52 450.43 467.93 481.48 496.02 511.1 524.69 534.74 540.33 550.56 557.1 561.75 568.09 575.73 582.62 587.62 590.62 594.25 596.47 596.92 599.14 604.44 610.99 616.86 625.89 635.48 644.8 651.8 656.23 660.22 667 677.7 682.9 688.16 694.47 702.77 709.7 711.68 712.05 717.65 721.28 726.08 731.03 734.24 735.11 734.94 734.78 736.68 739.11 742.11 746.95 751.51 753.02 753.4 755.54 758.75 761.74 763.93 766.1 766.9 764 764.16 761.79 759.77 758.84 756.97
0 366.98 371.38 391.26 417.61 435.47 442.59 447.25 462.51 477.33 494.17 510.6 523.08 530.96 538.58 547.79 551.88 557.65 563.05 568.76 575.45 581.39 584.86 590.17 593.28 596.15 599.49 603.75 609.08 614.91 621.84 631.27 641.49 648.42 652.94 657.64 663.76 671.99 677.51 682.58 688.32 695.95 702.98 706.26 707.7 712.14 715.38 720.1 723.97 725.85 726.05 725.36 723.84 726.44 729.78 732.57 737.28 742.73 745.56 746.06 748.66 751.26 753.94 757.26 760.34 761.42 759.85 759.74 758.12 756.4 755.42 753.54
0 368.63 372.05 390.55 419.44 439.89 440.83 446.05 456.47 474.25 493.83 510.88 520.95 525.6 536.66 545.18 544.31 552.49 558.39 562.19 567.88 574.23 577.72 584.65 589.42 596.22 601.31 604.98 610.17 615.49 622.42 629.37 638.88 644.46 649.07 655.45 660.78 666.91 672.95 678.98 685.01 690.57 696.06 701.1 702.83 704.56 707.02 711.54 713.98 714.44 714.52 714.14 711.6 714.3 717.64 722.3 727.96 733.7 737.92 738.99 741.59 744.25 748.22 754.17 757.53 757.21 757.64 755.91 755.91 754.46 752.74 750.08
0 369.4 373.34 389.04 414.91 436.74 441.56 447.34 458.32 477.62 494.6 509.28 519.66 525.6 536.35 540.96 541.85 547.53 552.61 556.5 560.9 565.91 569.96 576.89 582.61 591.31 598.94 604.33 609.4 614.19 621.13 628.6 635.65 640.62 645.58 651.4 656.51 664.32 669.81 674.8 679.71 684.14 688.52 692.69 694.42 696.16 696.55 698.82 698.68 698.92 701.11 701.47 700.61 706.11 709.4 713.89 719.56 725.29 730.03 733.17 735.77 739.98 745.21 751.59 755.46 755.57 755.05 753.32 753.32 752.34 751.19 748.48
0 368.03 372.63 386.32 408.8 430.36 439.93 447.37 460.01 478.89 495 509.1 519.42 525.03 533.33 535.65 538.7 542.78 547.47 551.7 555.18 558.86 563.47 571.22 577.55 586.84 596.4 604.21 610.01 613.49 619.88 627.31 632.84 637.74 643.17 648.53 652.77 659.52 665.27 670.51 674.72 678.19 681.39 684.35 686.29 687.48 687.53 688.43 686.58 686.44 689.43 690.1 691.2 697.04 701.29 706.12 711.49 716.78 721.63 726.21 730.46 736.34 742.4 749.51 754.59 755.77 754.92 752.63 751.81 751.18 750.02 747.77
0 364.41 369.83 382.36 401.04 420.62 435.83 446.07 461.51 477.98 495 510.39 520.28 523.87 527.47 529.23 534.82 538.26 542.99 547.82 550.78 553.13 558.29 567.73 574.32 582.83 593.69 604.64 612.08 613.4 618.67 625.5 630.47 635.84 641.87 646.89 649.58 652.4 659.27 666.12 670.06 672.71 674.71 676.07 678.44 678.51 680.03 680.45 677.83 677.13 679.56 680.1 683.44 687.03 693.32 699 703.77 708.16 712.71 718.06 725.67 733.37 739.81 747.95 754.98 757.88 757.33 753.93 751.42 751.01 749.24 747.99
0 363.1 370.07 382.7 401.58 421.21 433.16 443.56 457.57 468.3 485.61 501.68 511.79 517.94 522.33 525.13 529.96 533.93 539.07 544.18 547.97 551.58 556.78 564.2 571.37 579.79 590.2 600.19 606.71 610.47 617.26 623.69 627.69 632.68 638.26 642.53 645.21 648.34 655.8 660.13 661.99 663.29 664.57 665.72 667.79 669.91 672.16 672.27 669.4 667.69 668.96 670.22 672.63 676.1 682.5 689.33 695.36 700.75 706.1 711.54 719.87 728.2 736.82 747.99 756.1 757.84 756.94 754 751.93 749.37 748.22 748.57
0 363.12 370.76 382.37 399.94 419.49 431.7 442.77 454.44 462.12 477.85 492.87 503.17 511.38 516.41 519.43 524.28 528.25 534.08 539.74 544.11 549.55 554.97 561.71 568.4 575.84 584.9 593.65 599.86 605.25 612.82 620.03 624.37 629.45 634.92 639.1 641.75 643.43 649.23 651.59 652.74 653.86 655.17 656.32 657.11 659.91 662.52 662.97 661.18 659.59 659.49 660.04 662.66 666.8 672.36 680.01 687.67 694.28 700.25 706.13 714.79 723.87 734.49 746.71 755 756.84 756.16 754 751.82 749.33 748.68 749.22
