burnAlone/geresAspect_100.grass
north: 41:54:44.0712N
south: 41:53:06.836388N
east: 8:12:49.672656W
west: 8:14:59.8488W
rows: 100
cols: 100
[rows 0 to 32 of 100, columns 0 to 73 of 100]
0 0 0 0 0 0 0 0 0 0 0 0 0 0 0 0 0 0 0 0 0 0 0 0 0 0 0 0 0 0 0 0 0 0 0 0 0 0 0 0 0 0 0 0 0 0 0 0 0 0 0 0 0 0 0 0 0 0 0 0 0 0 0 0 0 0 0 0 0 0 0 0 0 0
0 0 0 0 0 0 0 0 0 0 0 0 0 0 0 0 0 0 0 0 0 0 0 0 0 0 0 0 0 0 0 0 0 0 0 0 0 0 0 0 0 0 0 0 0 0 0 0 0 0 0 0 0 0 0 0 0 0 0 0 0 0 0 0 0 0 0 0 0 0 0 0 0 0
0 359.36 1.76 354.78 352.57 349.62 333.04 196.96 171.34 166.35 167.38 169.27 171.84 178.88 177.77 161.23 146.19 148.61 150.89 146.31 166.72 173.04 160.81 152 152.95 163.86 174.9 183.78 190.87 199.11 199.61 188.15 171.19 169.96 181.71 199.25 239.35 344.96 9.69 18.65 24.75 29.09 30.16 30.17 36.22 37.48 35.41 37.7 37.67 41.33 53.88 56.93 40.53 24.47 24.8 33.74 44.92 55.04 54.13 42.32 23.96 18.32 12.87 7.07 11.89 26.43 26.18 20.34 26.55 38.54 36.86 23.29 16.65 16.07
0 339.77 352.93 0.39 3.3 0.21 339.8 192.22 172.07 158.28 155.55 162.76 165.19 165.47 169.85 171.84 162.95 147.9 141.86 129.88 137.89 151.22 152.94 150.51 146.05 151.16 163.47 178.56 192.82 202.29 201.19 193.82 181.43 175.71 185.35 197.24 225.36 333.08 11.35 23.96 30.97 33.72 32.95 37.2 47.14 45.94 38.33 35.32 36.38 41.6 50.19 48.97 34.52 27.78 27.56 29.35 26.49 13.77 358.12 348.44 339.33 332.73 344.21 355.81 10.41 20.4 14.31 13.29 23.75 33.24 21.42 6.87 5.43 17.35
0 324.19 339.82 356.73 2.19 359.42 337.24 202.64 185.7 177.06 168.9 166.79 165.94 168.19 178.38 185.42 181.1 173.11 167.78 155.07 145.79 150.19 155.13 156.06 152.26 151.86 159.62 174.2 190.8 200.93 202.81 196.94 191.61 197.75 207.23 204.23 197.98 85.19 47.09 40.39 36.74 31.24 31.36 39.34 47.57 43.65 36.7 37.13 39.82 42.29 43.2 40.05 27.3 24.21 24.56 15.28 358.57 341.35 324.51 319.36 318.95 319.4 328.79 341.53 352.71 359.05 2.43 6.01 10.13 9.33 1.94 0.42 5.93 16.71
0 318.26 327.08 341.09 349.4 348.73 324.66 202.22 193.38 193.3 186.92 178.22 174.82 177.85 182.99 182.33 180.67 181.53 179.12 169.1 160.86 159.03 159.31 156.68 151.01 149.23 158.54 175.35 190.98 200.53 203.48 202.37 204.95 213.46 211.37 199.02 184.48 139.97 63.42 44.85 30.22 23.28 26.6 35.79 45.31 44.32 41.13 39.52 36.42 36.98 28.92 13.27 359.72 354.59 347.06 341.43 337.99 333.33 321.79 315.54 313.64 318.95 324.47 323.27 324 329.19 336.67 345.15 354.29 354.16 351.25 356.87 4.79 4.88
0 315.11 324.35 332.65 341.41 346.19 344.24 185.1 188.53 185.5 179.37 174.22 173.14 173.44 169.34 168.02 170.29 169.13 162.78 158.32 157.92 161.28 164.93 166.46 165.91 170.84 197.63 212.53 214.02 210.82 209.08 211.61 217.2 217.21 209.22 200.84 195.8 188.74 89.21 38.24 26.22 26.13 32.53 39.16 43.93 43.14 38.19 28.26 18.76 10.3 357.89 349.01 338.32 331.39 327.39 324.68 329.62 333.4 327.18 321.95 320.23 327.11 331.3 326.17 318.67 317 316.39 318.19 326.79 336.18 340.73 347.08 355.64 359.47
0 312.76 323.34 330.04 341.96 353.21 344.87 207.99 191.95 182.78 180.18 181.17 184 178.62 166.5 160.91 161.72 161.34 158.53 156.38 154.91 159.05 166.62 175.32 186.57 210.51 236.07 227.88 222.88 219.09 215.37 214.88 212.98 206.7 209.62 215.59 217.22 219.64 217.55 42.48 35.48 33.69 30.41 30.19 29.73 19.81 6.36 357.71 351.68 341.65 332.91 331.85 328.01 325.11 329.03 330.79 340.64 349.07 344.17 335.9 335.99 349.88 358.6 355.75 339.95 326.16 316.71 310.95 311.73 320.3 326.65 333.56 345.94 349.89
0 307.45 320.22 324.21 328.89 337.39 318.36 226.53 194.85 188.03 188.55 193.68 197.05 187.44 175.6 166.45 162.4 161.6 160.22 161.32 160.44 158.39 158.28 162.46 180.64 212.31 239.79 219.76 215.09 211.67 206.16 205.91 202.28 198.52 206.76 213.97 214.67 216.8 212.83 209.18 22.36 20.55 14.38 9.73 2.68 353.39 344.22 341.13 339.97 337.77 334.94 333.87 335.67 341.31 350.16 359.13 9.02 11.59 11.41 14.3 21.11 24.96 26.79 14.25 0.49 351.05 344.07 337.72 331.92 331.89 332 329.42 331.33 334.33
0 299.34 314.28 321.35 318.58 320.95 310.61 215.32 190.39 185.83 187.82 194.85 195.27 186.32 180.55 175.21 167.76 162.84 159.16 159.68 160.59 156.67 152.91 148.77 153.32 162.46 172.46 182.71 196.33 202.44 201.03 201.32 196.82 194.15 195.03 190.91 189.9 193.67 198.49 214.65 320.52 354.28 1.15 1.45 354.41 351.89 351.01 346.02 342.12 346.1 354.47 1.83 13.1 25.11 32.7 38.6 38.47 31.53 32.71 44.29 50.04 41.26 23.67 11.75 12.24 21.05 26.6 15.76 2.74 355.84 350.39 338.6 325.22 326
0 297.53 307.21 313.25 309.8 307.41 290.67 201.28 181.56 176.82 177.58 182.43 182.46 177.32 175.02 173.68 168.75 163.93 158.91 153.3 152.62 156.55 170.09 197.95 200.24 181.45 147.67 149.66 171.32 196.73 198.68 195.29 188.51 187.2 191.32 190.01 185.49 183.81 185.88 203.61 311.26 346.18 0.8 10.06 15.11 16.63 5.99 357.2 350.86 358.96 16.45 29.13 43.25 49.05 50.35 50.94 48.35 42.16 42.56 48.81 50.59 37.7 19.11 14.01 21.33 30.19 28.09 16.42 7.29 0.75 355.04 349.63 340.71 337.99
0 306.48 306.29 303.91 297.54 290.68 223.52 168.78 167.23 167.9 167.08 165.53 168.49 168.42 166.69 167.2 166.24 161.61 155.23 151.97 153 167.04 210.13 227.87 213.61 204.06 182.28 181.4 202.66 186.81 181.74 180.6 179.11 181.49 195.11 200.3 195.42 191.66 191.93 204.82 330.04 358.47 14.16 26.88 35.1 34.89 16.59 11.47 16.1 24.55 32.85 42.75 51.2 51.88 49.99 49.38 45.75 41.99 42.57 40.51 35.78 21.93 11.36 11.5 16.84 15.45 7.24 3.98 7.32 9.49 9.3 14.55 24.48 25.66
0 321.69 316.12 303.58 277.72 188.54 141.32 143.26 155.6 162.74 160.9 154.7 158.62 161.21 159.53 161.18 164.87 162.71 156.25 159.91 174.03 218.61 231.94 212.58 203.42 210.78 219.3 237.71 224.66 189 180.49 179.97 183.31 192.54 208.86 205.58 200.55 199.55 200.09 199.98 38.17 33.96 40.56 42.47 43.41 36.93 21.44 22.22 31.32 36.35 43.5 48.32 48.27 45.82 43.58 41.66 35.16 29.04 23.22 12.76 2.53 353.7 352.01 351.39 351.82 353.74 354.99 1.75 15.61 28.58 38.75 48.72 52.9 52.66
0 332.81 331.58 313.38 184.47 149.72 135.83 133.96 147.06 157.03 155.04 147.25 150.44 154.77 153.39 152.53 160.64 168.35 172.58 184.45 214.51 252.54 235.5 218.78 214.83 216.92 223.92 227.53 198.56 177.55 174.1 177.32 187.57 205.31 215.98 206.86 202.02 198.84 191.43 185.19 150.51 67.46 59.09 48.1 38.69 22.72 12.99 16.76 27.44 37.91 47.8 47.48 37.95 33.14 32.25 24.04 11.09 1.73 353.42 346.74 342.3 340.9 343.43 342.36 338.98 345.43 1.05 22.06 40.54 51.8 58.29 59.86 56.81 56.48
0 332.23 342.59 350.68 161.24 151.86 139.29 131.58 141.4 151.25 150.16 143.88 145.29 149.74 149.41 146.21 157 176.43 192.46 202.92 231.22 255.58 234.31 216.32 207.96 200.56 193.49 180.66 168.05 163.73 164.65 171.21 184.03 203.59 209.01 202.48 199.07 195.64 191.97 199.83 214.62 173.12 76.55 45.42 27.51 9.98 4.61 10.63 26.5 40.01 43.4 37.38 22.72 13.97 5.92 355.72 348.72 345.56 345.99 347.21 349.25 351.52 353.35 353.64 354.55 7.49 35.3 54.81 65.35 67.4 64.61 57.98 53.09 51.95
0 312.62 325.45 202.11 171.06 165.67 154.19 140.73 144.55 151.37 150.18 145.67 144.11 147.67 149.57 148.96 171.12 193.28 195.64 193.74 226.68 256.69 203.77 180.21 171.19 164.5 155.61 151.95 158.22 166.85 170.47 173.09 175.36 180.91 193.72 199.62 202.35 203.11 208.98 224.51 225.17 204.72 169.78 35.56 16.47 7.21 7.43 18.11 29.73 32.45 30.52 22.78 10.17 359.3 348.26 344.2 346.61 351.48 356.54 2.05 8.3 13.72 16.78 19.2 29.4 54.24 67.94 69.11 73.11 70.47 61.66 53.81 52.24 51.4
0 295.03 283.86 200 179.69 177.73 168.82 152.38 148.7 152.02 149.05 144.89 142.89 148.2 158.18 172.1 201.91 194.3 181.26 171.63 137.21 131.16 146.87 149.16 148.49 141.67 131.49 134.67 153.02 166.73 169.03 168.6 168.56 165.76 181.26 205.41 211.55 213.17 220.76 229.42 222.66 206.02 199.13 346.65 2.28 7.46 15.21 24.82 22.97 16.7 14.41 10.47 2.64 354.47 351.33 353.47 0.46 6.37 9.31 15.79 25.68 35.49 39.51 42.09 54.92 73.25 75.12 68.56 67.26 61.22 52.77 52.59 55.71 54.36
0 286.63 228.95 177.2 171.9 174.93 169.74 156.37 148.51 150.27 148.38 144.32 144.83 153.79 171.69 179.41 161.35 169.06 170.85 159.36 113.64 125.42 124.48 126.63 140.45 137.22 118.51 112.12 134.79 154.1 162.1 164.75 171.45 182.68 210.27 233.5 222.75 219.04 221.81 224.15 216.33 210.28 224.58 294.7 348.97 15.72 28.17 29.51 21.18 16.46 11.92 8.2 7.14 6.76 8.18 11.61 14.19 13.98 18.98 30.43 42.28 49.77 51.02 53.73 67.01 78.12 72.67 62.46 55.27 48.99 46.88 51 49.09 41.74
0 263.16 183.9 164.06 160.06 168.81 172.29 167.72 158.97 158.8 161.9 162.7 167.17 170.19 164.15 152.99 133.48 147.46 166.57 162.57 137.95 139.83 124.18 111.32 132.06 139.01 118.75 104.74 119.51 139.55 158.93 170.03 181.43 207.79 258.17 267.33 233.3 220.31 217.88 216.59 212.3 219.29 243.72 272.03 322.54 20.17 27.32 25.27 20.82 19.48 17.63 16.42 20.66 25.52 24.74 23.09 21 19.77 31.44 48.02 55.55 55.17 55.09 61.32 75.95 80.38 70.19 58.58 50.01 47.09 44.44 37.61 19.55 6.51
0 198.99 171.93 167.03 165.15 173.17 183.04 185.99 180.19 177.05 183.9 191.28 187.63 171.48 149.42 143.14 134.24 138.09 152.22 147.6 145.58 152.38 140.58 118.2 134.51 141.02 134.88 127.98 122.35 131.93 158.31 182.49 211.66 249.8 271.5 265.06 220.88 205.88 207.84 213.8 218.36 228.38 246.08 249.32 259.41 338.7 359.27 7.73 14.65 20.34 23.96 27.4 32.61 33.16 29.56 30.49 31.19 33.75 48.55 61.92 61.05 53.15 54.42 69.85 86.33 83.01 67.84 54.44 45.4 40.24 32.02 21.05 8.6 1.52
0 161.25 167.68 170.7 172.1 177.74 186.69 189.44 186.7 184.91 188.11 187.99 177.23 162.95 147.65 137.01 134.33 142.19 142.65 131.98 137.51 150.51 148.94 133.97 143.48 136.5 151.33 177.65 170.21 162.79 187.39 225.7 251.22 266.3 264.91 229.58 192.47 185.17 194.4 213.96 226.6 231.28 238.95 239.34 257.39 301.7 328.28 351.69 12.96 25.57 30.55 33.69 36.04 32.41 30.34 36.76 40.92 43.62 56.06 65.68 57.96 45.49 50.35 79.05 98.43 85.94 61.36 44.38 34.38 28.16 22.5 17.3 15.03 16.21
0 153.75 160.16 161.99 163.51 167.2 170.22 175.45 179.36 179.59 176.81 174.18 169.68 166.32 161.22 148.36 140.89 150.72 148.32 135.9 138.7 152.92 155.04 145.55 154.25 148.62 146.17 198.34 209.49 223.93 233.38 257.31 267.1 262.42 249.58 223.78 212.64 204.34 205.98 224.09 234 233.06 238.74 245.61 265.19 293.34 313.67 346.75 16.97 28.92 33.04 33.51 29.59 25.86 29.09 37.97 43.11 43.67 50.1 55.6 46.88 39.25 49.63 85.71 111.06 86.45 44.7 26.09 18.99 18.6 21.26 21.73 21.98 24.7
0 160.18 155.28 153.53 156.4 159.21 158.52 161.94 169.16 172.24 168.6 166.79 170.38 177.84 181.61 174.36 160.54 159.9 159.58 156.22 171.25 195.32 201.28 201.44 202.11 201.36 146.8 183.05 225.72 246.5 245.26 252.3 285.44 268.57 243.25 225.47 222.54 226.21 228.67 240.33 245.21 238.77 241.21 246.42 264.35 285.94 304.38 339.26 3.66 17.36 26.3 26.82 22.41 22.2 27.68 34.24 40.8 41.11 40.37 38.92 37.94 46.8 61.67 86.52 111.14 80.1 24.45 9.76 7.07 14 22.3 24.76 26.64 34.13
0 174.77 166.03 156.93 154.27 154.88 153.49 154.63 159.75 165.5 166.06 165.3 168.26 175.52 181.46 178.37 171.3 174.43 183.3 206.3 247.99 233.51 224.37 226.35 233.88 233.21 246.9 261.8 265.96 264.17 243.97 240.78 288.79 284.54 241 219.8 226.41 238.17 231.74 237.3 240.16 234.03 239.62 242.06 254.46 264.98 282.1 319.27 337.58 356.4 11.34 16.62 19.9 26.77 29.41 30.11 37.94 37.24 34.66 36.68 51.07 71.69 74.72 81.34 86.71 45.04 5.3 1 3.11 14.15 23.25 25.24 30.75 50
0 193.03 187.93 177.27 161.98 155.49 150.77 150.42 154.95 163.72 166.83 165.04 162.54 160.02 167.12 173.69 176.03 184.56 202.51 244.63 270.81 251.01 237.35 239.1 246.62 251.2 259.7 257.49 267.22 271.63 235.76 234.15 287.59 295.56 209.91 202.24 231.64 251.09 230.87 229.14 223.55 221.36 247.01 245.93 247.47 252.19 265.4 301.77 335.26 359.04 8.81 11.5 16.55 24.79 30.68 31.93 36.81 36.14 36.55 43.88 64.6 83.6 76.77 69.38 48.92 9.31 353.82 356.42 0.88 10.42 20.86 27.56 39.88 66.59
0 193.64 187.6 180 168.79 162.44 156 151.56 155.89 166.49 167.97 165.15 165.66 170.7 180.56 190.83 196.82 200.15 217.32 273.02 284.71 261.63 246.8 245.79 250.51 256.26 252.17 242.6 260.89 268.6 239.82 235.05 250.75 174.99 163.52 179.19 200.26 258.1 226.49 230.68 235.13 241.65 260.8 253.69 248.01 246.17 245.51 263.1 9.58 21.06 14.23 15.53 19.28 23.02 27.57 27.46 33.57 40.41 39.38 48.33 69.58 80.28 71.54 54.83 28.04 9.11 1.6 2.19 5.68 17.99 33.03 39.83 55.22 77.76
0 184.89 182.27 179.35 175.93 176.28 175.78 170.56 165.54 168.53 171.01 175.08 184.74 207.13 224.36 229.17 229.64 231.73 248.46 281.13 294.46 266.19 244.2 238.59 243.39 247.08 231.46 235.11 263.1 268.89 246.01 232.04 217.67 187.54 168.35 181.33 192.05 310.11 266.83 261.89 255.61 250.86 258.39 254.1 248.9 241.95 230.7 214.24 128.02 36.59 25.2 28.96 28.15 27.76 27.56 26.52 40.34 53.73 53.5 63.72 74.8 73.69 62.76 37.21 14.96 8.06 9.51 15.67 27.77 50.07 55.2 53.75 69.62 80.62
0 189.55 190.24 190.63 187.43 188.95 193.93 195.28 185.65 177.75 182.36 196.92 219.4 239.65 243.96 242.23 237.07 238.41 253.77 269.89 292.27 271.58 224.05 207.15 210.81 226.41 231.51 248.31 258.29 260.96 237.43 211.6 194.95 178.85 159.23 205.39 262.38 288.01 284.56 287.51 265.64 248.69 256.99 252.54 242.77 234.77 225.33 211.38 188.43 40.06 30.29 33.18 27.17 27.25 29.57 38.4 58.93 67.92 70.48 75.19 74.53 66.34 48.56 21.37 5.52 5.69 15.19 29.27 48.12 65.31 63.59 61.41 74.14 73.06
0 182.04 181.9 184.18 188.29 191.27 192.45 194.38 194.43 195.39 201.27 213.38 238.35 251.32 248.46 241.48 230.32 234.26 245.23 240.17 265.52 283.52 202.89 197.61 208.58 246.69 254.4 246.85 230.83 211.54 172.07 168.48 180.36 190.1 234.63 294.17 279.75 275.38 281.72 294.93 268.37 250.53 263.63 250.28 235.81 233.97 228.72 213.45 205.95 291.85 23.62 31 25.93 26.74 30.09 41.66 63.49 69.26 72.5 74.68 65.26 46.93 27.36 13.02 10.1 17.79 28.39 43.41 56.76 63.36 59.91 57.9 61.9 43.94
0 162.68 161.58 166.42 182 193.11 195.15 197.15 207.3 220.58 227.57 232.39 245.89 252.63 247.58 243.25 235.89 237.87 237.25 226.13 236.98 253.62 200.26 211.66 242.93 263.99 256.21 230.55 226.92 218.26 193.9 185.21 217.79 243.8 269.34 288.89 276.09 261.29 270.42 290.65 278.93 260.28 264.75 249.37 236.1 234.3 229.92 219.82 214.68 223.12 20.25 34.27 27.51 28.14 33.52 45.38 68.94 73.16 59.77 45.78 19.2 8.73 9.17 11.75 21.12 35.42 43.9 54.81 57.92 56.24 49.72 37.28 13.98 343.01
0 164.95 165.92 172.69 187.28 195.73 203.68 212.45 222.33 227.97 227.68 224.49 228.87 239.92 247.04 246.77 238.59 234.81 232.23 227.55 227.9 221.85 224.51 249.51 257.85 247.94 219.96 218.16 237.68 217.57 207.22 216.36 256.66 277.49 277.77 269.14 256.96 255.37 254.65 288.26 293.47 261.68 256.07 251.33 235.45 220.69 217.69 216.07 208.1 206.3 209.42 28.41 22.24 21.39 23.11 31.82 52.43 42.51 3.1 338.25 319.82 338.14 1.25 9.31 16.61 29.49 37.25 41.14 41.38 33.85 16.83 0.46 347.19 337.01
0 167.88 175.74 191.38 196.82 194.79 200.53 211.8 213.08 209.23 206.84 210.59 224.11 244.79 254.95 248.27 234.47 225.51 222.63 219.56 221.88 233.97 262.03 274.23 253.59 224.12 214.97 233.5 227.47 189.64 186.65 200.33 272.96 320.79 301.89 253.72 245.5 253.68 257.44 278.47 283.78 257.35 239.23 221.32 198.21 196.01 199.57 193.42 190.8 195.21 211.02 321.83 344.76 351.26 351.37 340.76 312.34 298.88 312.67 316.97 309.05 329.18 354.17 1.88 7.64 14.25 15.36 7.73 359.04 354.23 351.63 353.05 357.11 359.52
0 172.83 178.36 191.29 188.07 188.09 193.72 201.23 201.04 206.73 216.51 222.33 231.13 245.23 253.73 245.97 236 219.96 212.2 217.98 239.34 257.61 267.23 268.62 247.56 228.43 225.94 222.97 189.23 171.35 185.41 223.22 282.66 322.13 314.48 261.04 244.62 247.36 263.92 268.03 256.8 248.55 217.27 185.38 160.26 155.74 165.87 180.66 193.66 210.46 244.99 287.07 307.36 318.66 322.61 324.02 312.53 303.19 312.83 318.13 314.51 330.45 341.61 352.58 1.79 5.63 2.88 2.4 5.11 6.59 10.83 12.89 9.52 10.75
