burnAlone/geresHeight_100.grass
north: 41:54:44.0712N
south: 41:53:06.836388N
east: 8:12:49.672656W
west: 8:14:59.8488W
rows: 100
cols: 100
[rows 32 to 63 of 100, columns 0 to 71 of 100]
507.17 524.5 536.71 542.23 550.47 561.49 576.3 582.94 594.91 611.69 619.8 628.95 634.36 641 643.55 649.3 653.67 659.34 667.77 676.82 685.05 689.27 692.45 693.28 692.72 699.35 707.42 712.65 716.19 722.33 735.92 742.73 743.05 740.75 720.37 720.19 725.45 733.9 736.88 732.87 737.13 738.85 741.14 747.25 753.03 757.04 762.02 771.25 784.67 795.43 807.14 803.36 798.77 791.31 782.04 773.48 757.54 752.81 744.62 736.87 730.79 732.15 721.31 706.21 688.76 675.12 667.16 652.73 638.5 632.82 616.17 606.52
503.87 524.5 535.26 539.51 551.45 561.2 572.57 580.76 589.63 603.54 610.25 621.09 629.03 637.02 637.73 639.7 644.8 653.03 664.52 671.58 675.3 672.44 671.11 671.21 677.98 689.65 698.65 708.77 719.73 731.3 730.93 736.03 735.29 729.26 713.34 706.22 709.73 720.32 724.61 725.89 730.48 733.03 736.77 745.36 754.09 762.52 768.77 771.25 777.79 786.84 791.23 792.06 789.8 779.91 773.89 760.91 751.33 745.54 737.74 729.94 732.39 726.33 714.04 702.52 687.06 674.06 663.52 651.76 644.42 635.49 624.61 611.13
502.16 519.58 534.29 539.36 547.88 555.75 565.84 578.1 586.61 598 603.44 614.73 625.38 630.29 632.25 636.08 643.69 650.1 659.48 665.62 665.89 664.63 667.62 672.02 675.54 682.84 690.01 709.72 717.82 729.42 731 730.74 726.56 720.85 708.33 697.42 702.85 708.91 711.04 713.16 716.6 728.61 739.4 747.28 756.37 763.56 768.8 771.25 776.69 781.59 786.04 783.51 778.41 772.03 763.86 755.25 742.9 735.85 729.11 719.72 717.39 714.19 706.76 696.95 688.11 675.74 664.42 656.33 651.21 643.9 630.15 614.14
506.07 516.88 526.54 533.55 538.73 545.31 557.04 572.86 581.97 591.91 599.18 607.63 616.13 616.49 628.03 632.54 638.13 643.69 649.86 655.91 655.17 659.16 662.12 665.93 678.3 686.06 692.51 703.2 714.52 724.16 723.66 724 715.5 708.72 703.52 694.9 696.29 708.27 709.61 707.79 709.65 721.86 738.56 749.41 761.08 766.41 770.72 773.82 778.01 784.72 786.08 779.04 776.13 765.39 761.02 750.14 739.61 733.86 724.55 717.06 709.46 702.44 701.12 693.94 686.98 676.45 667.11 661.18 658.93 650.89 627.17 615.93
503.23 510.46 515.37 525.91 530.23 536.73 546.63 557.34 569.16 580.64 589.08 598.51 606.68 606.91 611.87 625.24 631.51 636.69 641.96 644.16 645.76 647.03 645.91 663.55 672.71 682.86 690.94 694.38 699.82 707.78 709.17 707.67 704.12 701.56 698.13 693.8 695.85 701.24 705.43 707.54 713.86 729.27 745.97 752.04 760.22 768.95 775.33 779.2 785.11 788.62 785.96 777.03 765.82 764.72 757.28 746.81 733.2 729.22 722.44 712.78 705.47 697.71 693.96 687.51 683.33 676.45 670.78 666.25 659.18 646.33 634.28 619.17
496.16 503.37 506.37 517.32 522.71 528.64 534.4 541.75 553.85 563.27 572.3 581.46 590.44 598.26 604.34 615.22 623.67 628.78 632.84 635.74 634.74 638.71 643.37 651.97 663.79 674.76 680.25 684.31 687.54 692.23 692.08 689.94 686.81 688.87 692.48 694.84 695.94 698.75 702.55 708.16 721.96 734.26 746.53 751.42 760.14 772.09 781.79 786.09 788.78 789.26 785.16 771.6 762.13 760.37 754.32 747.33 734.3 724.37 716.91 710.69 702.96 692.92 688.87 683.26 676.78 670.85 666.77 665.66 654.51 642.52 633.96 621.73
486.12 489.77 500.18 508.68 515.83 521.14 524.43 532.99 543.02 552.5 559.32 569.85 577.05 586.29 594.16 604.01 611.75 620.99 627.42 629.76 628.69 629.42 634.38 638.52 648.4 658.9 664.47 669.48 673.87 682.14 683.09 682.41 683.02 684.53 686.93 691.83 695.06 699.56 704.82 713.78 728.12 740.68 752.63 757.98 764.04 773.64 784.3 790.8 793.34 794.12 780.95 767.09 759.43 756.5 752.81 745.21 732.01 719.74 712.77 705.63 695.51 683 674.52 666.69 661.32 658.77 655.16 650.08 644.51 633.98 622.6 614.83
475.48 479.22 485.19 499.23 508.8 516.65 520.45 528.9 539.32 545.04 550.34 558 565.02 575.25 582.43 592.18 601.48 614.86 619.31 624.29 620.27 617.47 619.3 628.24 637.61 645.36 651.21 650.09 656.04 667.61 675.49 681.37 681.12 682.54 686.87 692.07 697.26 702.81 712.88 724.58 734.06 745.99 755.58 757.61 763.08 770.59 780.57 786.61 793.65 790.03 771.48 759.43 750.65 745.3 742 736.32 723.44 713.09 704.53 701 691.55 679.55 664.66 656.41 649.6 646.06 645.69 637.67 632.73 625.61 616.68 606.16
470.27 468.09 471.6 488.69 498.07 509.58 514.4 521.38 529.78 537.62 547.49 551.07 556.08 565.47 574.38 583.62 592.57 604.33 608.43 607.59 604.3 601.24 603.69 611.41 620.91 631.64 637.06 638.01 643.28 650.99 667.65 675.34 680.75 687.62 691.8 698.53 702.59 709.58 722.88 734.77 743.72 751.97 755.21 754.66 758.11 769.85 776.67 782.56 781.97 777.56 764 751.3 740.9 731.75 726.02 721.33 711.98 707.04 698.29 694.54 688.6 680.33 660.84 651.57 642.53 635.05 631.6 625.69 618.36 611.14 607.95 596.65
464.98 463.13 466.86 475.16 486.1 496.98 507.39 517.99 524.54 532.18 539.94 543.5 549.53 559.58 568.5 576.12 585.33 594.2 594.65 592.09 588.43 587.48 593.64 601.22 609 618.24 626.15 632.73 637.31 646.04 658.16 672.23 683.02 688.57 696.61 703.76 712.7 719.18 729.23 737.59 748.88 759.73 760.66 757.61 756.77 766.83 772.83 776.65 778.2 769.43 753.33 741.04 730.26 718.89 711.96 707.41 705.27 697.63 691.58 686.02 683.12 678.05 664.02 648.55 640.36 628.47 621.48 616.02 606.07 599.29 595.15 588.72
457.42 454.05 458.64 467.93 478.66 485.77 503.79 518.04 523.65 529.1 534.7 539.86 545.83 553.24 561.81 571.31 577.98 582.69 584.22 582.65 579.8 580.7 587.69 598.74 610.33 618.31 625.17 632.11 638.05 646.59 662.36 674.4 683.57 684.09 694.63 703.2 712.03 721.93 731.71 741.03 753.32 765.03 767.76 762.32 757.18 759.22 768.62 776.09 771.66 761.67 745.57 733.01 723.51 709.1 700.37 695.82 694.6 688.48 682.48 676.39 674.01 672.78 667.06 653.25 639.19 629.02 623.54 608.68 596.12 591.53 587.57 585.26
444.4 441.31 445.67 458.97 473.42 486.05 501.99 512.34 519.93 528.57 534.89 539.01 542.57 547.16 556.33 565.82 571.65 573.17 573.24 574.37 576.12 579.59 589.72 604.11 617.12 624.46 629.29 636.94 646.15 658.24 671.05 679.08 683.33 684.92 690.22 697.96 708.44 718.35 731.39 743.22 756.53 768.82 774.09 771.12 760.3 757.4 766.77 767.64 764.52 755.88 743.19 733.92 721.83 704.45 692.8 685.99 684.76 680.79 674.97 669.53 666.98 667.87 664.62 656.72 641.66 632.56 624.59 601.89 591.82 588.31 582.49 577.32
431.82 430.98 437.09 450.5 470.55 483.99 494.28 503.93 514.44 525.99 534.32 538.3 539.17 540.63 547.65 553.73 561.06 561.52 564.3 568.74 576.26 583.26 597.4 612.44 623.44 631.89 643.15 652.47 661.37 671.21 681.53 685.85 689.07 690.09 693.85 698.84 708.21 717.58 728.76 742.79 757.45 771.21 777.99 777.29 767.75 760.83 763.47 762.75 759.36 752.62 743.32 732.67 717.76 701.41 686.86 677.33 672.19 669.02 664.92 662.6 660.13 663.72 660.26 652.99 644.7 636.46 623.22 603.74 591.43 585.66 580.02 573.93
423.98 427.84 436.11 449.07 468.38 481.96 490.11 498.3 510.37 522.84 533.56 536.73 533.87 534.28 536.62 541.17 549.67 559.06 565.75 568.9 576.59 588.45 603.99 618.58 629.29 642.52 656.46 669.25 678.48 684.43 693.7 697.28 700.1 701.61 704.43 707.09 711.33 718 730.01 741.46 758.52 773.6 782.33 785.2 779.55 770.27 765.92 758.76 753.01 748.29 739.69 728.45 717.18 699.24 686.75 675.53 663.06 657.58 655.19 653.21 651.5 653.52 652.08 646.86 639.69 633.13 621.82 606.07 593.22 584.35 577.2 572.01
418.82 425.65 435.84 448.57 467.53 481.83 490.92 498.56 508.97 520.5 531.03 533.58 529.99 528.43 531.41 538.72 549.76 563.43 573.73 576.6 583.31 595.45 612.05 627.15 641.03 657.02 669.05 681.35 691.96 696.63 704.59 709 711.86 715.04 719.12 719.5 717.32 724.96 734.49 744.07 762.88 776.35 788.94 793.77 789.99 779.85 767.87 758.41 751.13 744.85 736.65 727.42 718.45 703.95 692.12 680.02 663.1 652.99 650.02 643.79 642.65 643.07 641.75 639.31 633.24 627.39 618.93 607.91 597.17 586.71 580.33 573.91
414.69 422.78 433.67 445.3 462.03 478.95 489.9 494.72 501.58 510.62 520.28 527.03 529.29 529.78 538.65 546.63 558.77 568.09 579.12 584.19 591.23 605.39 622.32 641.38 657.57 670.08 680.87 692.4 701.75 705.89 713.2 718.47 723.11 728.27 733.17 731.78 727.07 733.81 741.04 751.1 768.2 776.15 790.13 799.62 792.6 782.2 767.59 760.07 752.27 743.99 736.67 728.94 720.91 709.66 694.87 683.64 668.64 656.81 648.17 640.52 637.66 636.36 634.63 631.8 626.45 619.48 612.66 604.26 595.87 587.6 581.53 574.13
404.96 414.07 423.64 435.87 450.84 468.27 478.84 481.87 486.58 498.23 514.18 521.47 529.36 538.41 548.81 557.38 566.37 572.32 581.19 590.34 602.9 617.98 634.9 654.51 666.94 673.51 684.9 701.04 710.21 715.23 721.26 725.03 730.59 736.95 742.73 742.2 739.15 742.72 750.2 760.41 773.27 779.02 790.79 797.4 791.19 781.85 770.17 762 752.89 744.43 738.35 731.44 723.59 711.49 697.52 684.29 672.04 662.86 653.64 643.88 637.56 634.05 631.55 627.14 621.29 614.91 607.13 595.03 588.84 582.23 574.09 566.01
392.82 402.63 411.23 423.45 438.82 451.39 460.89 468.46 474.76 486.86 505.51 516.04 529.76 544.38 552.94 561.35 571.68 578.76 588.08 600.19 616.83 631.38 645.88 659.89 669.48 677.06 686.15 704.51 715.05 722.67 727.72 729.46 733.91 740.82 748.7 752.36 750.72 753.04 760.61 769.73 778.09 783.05 788.77 791.25 786.84 781.07 768.44 760.29 752.59 745.63 738.81 731.59 722.96 712.11 699.96 685.03 672.48 665.12 660.07 650.9 640.97 636.21 632.29 629.35 622.83 615.29 606.38 591.67 585.75 576.09 568.15 561.28
386.34 393.32 404.8 416.03 428.98 439.65 451.02 462.03 471.03 484.85 503.08 515.36 533.04 547.73 555.19 563.61 577.33 586.88 597.3 609.41 626.12 641.08 653.03 661.76 670.14 679.93 692.33 707.43 716.39 726.75 732.58 733.88 738.15 744.7 752.92 759.42 759.88 761.89 771.02 779.1 784.16 783.9 783.19 786.47 782.77 776.05 762.2 755.68 749.77 742.86 734.1 727.05 717.62 709.18 697.58 684.86 674.78 667.43 663.07 657.26 648.66 642.4 637.87 633.67 625.55 616.43 608.73 595.79 588.61 579.34 570.92 564.09
387.51 391.18 404.14 415.23 426.08 438.72 452.22 463.96 477.61 497.88 513.87 525.33 540.44 553.09 562.11 571.56 584.14 593.16 603.17 614.46 630.63 645.36 657.39 665.96 672.03 681.07 696.88 711.14 718.17 729.41 738.08 740.95 745.82 751.78 758.74 764.94 767.11 770.3 779.55 785.45 788.27 785.91 782.59 783.55 781.31 772.39 762.57 753.29 743.81 736.18 727.47 720.18 712.02 703.78 693.19 683.03 676.74 670.46 666.87 661.49 656.46 648.47 641.91 634.22 625.23 614.42 606.18 598.64 592.67 586.27 576.93 567.35
391.87 395.46 408.05 418.61 431.38 444.38 459.49 476.53 493.44 510.87 522.56 536.71 549.68 562.03 573.77 582.6 591.63 597.45 607.31 620.01 634.52 647.58 659.6 670.14 677.45 686.92 699.48 713.14 721.73 731.97 742.9 749.98 754.08 759.01 766.98 772.55 774.75 779.15 785.09 788.4 787.87 788.92 787.58 783.23 778.74 773.25 765.44 751.26 739.19 732.2 725.48 718.13 711.31 702.49 692.75 683.1 676.65 672.59 670.16 665.98 659.1 650.21 642.03 633.91 620.58 606.93 597.07 596.16 591.12 584.37 577.89 566.34
388.55 394.94 410.02 422.77 437.91 454.25 473.35 494.48 510.75 520.87 530.69 543.78 558.16 573.47 585.8 593.47 597.46 601.82 612.92 628.64 641.08 651.36 661.24 671.85 683.51 693.89 706.25 718.44 729.36 735.73 743.01 753.64 758.74 762.56 770.94 776.14 779.5 783.55 786.21 788.05 786.06 788.5 791.45 784.41 777.06 773.55 765.52 751.42 740.51 734.16 729.5 722.63 714.13 706.43 696.69 686.54 680.37 678.11 673.58 668.62 659.38 649.56 641.17 630.25 610.57 595.9 586.57 586.78 581.31 575.99 568.73 554.95
377.4 389.29 406.02 422.49 440.97 462.18 485.88 507.63 523.53 533.25 538.84 550.34 564.92 581.32 593.18 598.26 600.97 607.46 620.78 636.3 648.62 657.42 664.92 675.01 688.19 701.25 712.38 726.07 735.65 739.78 741.61 748.78 756.58 762.42 768 772.73 777.39 781.33 781.61 780.82 781.59 784.45 789.63 785.36 778.7 773.61 767.26 756.48 746.36 741.22 736.28 727.42 718.08 711.77 702.18 692.91 687.39 684.62 678.65 669.56 659.27 646.18 632.45 618.38 599.26 583.96 575.58 573.05 570.65 566.6 552.25 537.55
371.85 383.41 403.42 423.79 442.77 462.27 489.87 513.91 525.89 536.38 545.2 556.81 570.18 584.38 593.65 596.68 602.03 612.25 625.22 640.01 654.39 662.14 670.08 678.36 690.35 705.09 714.96 724.15 730.69 739.08 742.23 743.62 749.99 757.91 763.24 766.05 771.73 774.82 774.77 773.19 775.53 779.51 785.49 783.86 780.05 774.86 769.55 762.1 753.5 747.22 740.14 730.33 720.92 714.1 706.87 698.2 690.31 684.82 678.75 669.29 656.34 638.74 619.41 608.25 590.15 575.41 566.89 561.98 557.76 551.42 536.79 525.08
371.38 381.09 404.33 434.05 445.02 461.53 492.32 510.41 521.75 533.84 547.94 562.57 575.83 585.28 592.63 595.93 600.82 611.34 625.22 641.6 653.74 661.38 668.88 675.33 690.09 704.1 712.5 717.35 724.02 729.71 736.85 740.84 744.79 752.79 757.01 757.66 762.43 766.82 768.57 768.39 771.17 775.64 781.85 781.56 778.46 776.57 772.66 766.26 757.84 748.74 740.31 728.52 720.4 714.99 706.58 696.69 686.55 678.9 671.47 660.75 649.82 631.19 613.27 605.2 586.13 570.22 559.33 551.6 540.55 527.75 521.34 512.81
364.52 377.48 404.16 433.99 445.33 462.72 492.85 508.84 522.1 536.55 553.61 564.67 579.31 587.9 593.88 596.01 600.58 605.14 618.65 632.7 647.77 655.4 663 669.82 683.92 695.39 706.8 715.49 720.15 720.47 728.12 732.92 738.79 745.52 748.99 749.82 752.14 761.42 765.02 765.58 767.31 773.67 780.4 779.42 775.69 772.62 768.05 763.38 756.78 747.35 736.93 725.7 720.13 715.36 705.2 692.97 680.81 673.67 664.77 654.06 642.83 624.49 609.02 596.32 578.42 565.84 552.54 541.84 528.89 510.35 504.11 494.55
359.84 367.77 402.27 430.34 446.15 466.97 488.98 508.95 528.32 539.61 554.64 562.33 574.99 586.54 591.91 595.31 598.88 599.52 609.47 619.22 635.99 646.25 654.89 661.13 672.95 686.45 696.17 707.76 715.2 714.83 720.62 726.72 734.9 739.1 740.75 742.05 743.24 753.27 757.97 758.95 761.34 768.41 773.09 773.1 768.86 766.58 763.18 760.4 754.55 744.24 730.22 723.25 717.89 713.88 703.1 689.45 676.01 669.13 660.28 652.13 638.63 621.54 608.95 591.52 574.41 564.35 552.51 533.38 514.34 504.03 490.08 476.53
363.03 370.05 398.93 431.91 444.18 459.96 481.57 506.66 525.97 537.23 550.02 557.66 565.53 575.78 584.04 590.3 594.79 598 604.73 613.2 624 639.54 650.74 656.69 666.69 677.32 684.65 694.8 705.54 708.31 714.99 720.91 727.31 729.09 727.84 728.87 733.72 737.94 745.78 747.6 751.09 754.83 758.75 763.13 760.48 759.18 756.45 755.12 749.41 739.43 727.55 720.53 716.16 711.45 702 689.05 675.57 668.27 657.91 649.23 635.63 623.64 606.98 592.99 577.02 566.11 553.61 535.85 515.4 499.87 480.48 472.07
364.99 371.6 396.92 438.78 442.35 454.29 479.98 506.83 521.4 534.05 544.52 548.71 557.68 564.52 573.06 580.98 588.88 599.87 606.12 613.76 623.86 635.72 644.23 653.18 661.35 670.69 679.37 687.74 695.61 700.3 702.93 707.22 710.17 711.12 710.44 711.41 716.4 724.35 732.9 737.07 740.87 746.31 755.26 756.66 756.56 755.26 753.54 750.58 744.35 735.86 726.68 720.92 716.84 710.52 702.61 692.46 680.05 669.71 659.24 647.22 635.17 624.9 608.98 595.56 581.33 571.17 557.73 545.09 529.16 503.26 486.7 476.3
367.98 371.99 392.17 430.7 442.64 456.64 484.33 505.31 520.44 532.86 537.87 542.72 549.74 555.3 561.41 570.26 579.88 595.15 605.57 612.34 622.02 632.17 639.36 647.92 655.5 665.4 672.8 678.72 684.01 687.82 689.75 690.06 687.87 691.72 692.74 697.94 704.11 711.97 720.2 727.21 732.88 741.53 751.73 755.42 753.81 752.01 751.04 748.63 743.26 736.04 730.33 725.29 717.68 710.22 703.15 693.75 682.6 671.9 659.78 646.29 632.46 620.59 609.92 597.55 586.55 577.05 559.04 540.81 526.68 509.89 496.09 484.72
361.46 368.13 386.31 416.4 437.7 456.96 479.75 505.28 519.61 525.36 529.26 536.46 543.5 549.49 553.85 564.58 575.14 589.84 606.03 612.13 619.93 628.76 636.63 645.28 649.22 656.53 666.26 669.94 672.55 675.44 676.69 678.44 674.63 676.89 678.44 683.48 692.48 700.56 707.39 714.85 726.24 737.43 750.44 757.99 756.52 752.13 750.53 748.06 746.05 741.7 735.94 728.73 719.97 712.49 704.17 693.21 682.55 671.09 656.45 642.73 626.21 618.11 609.03 602.33 587.26 574.99 559.59 544.94 533.41 523.56 506.02 488.27
360.65 368.15 386.35 418.38 434.3 451.66 463.73 492.09 507.37 517.06 522.56 529.17 537.37 544.32 551.66 560.36 571 584.18 597.53 605.87 616.79 624.67 631.78 638.87 642.94 650.34 655.1 655.87 657.42 659.25 663.65 665.87 662.23 661.12 663.22 667.55 676.2 687.71 697.09 705.5 717.96 732.15 751.09 757.58 755.83 752.58 747.78 748.69 747.76 743.69 733.4 724.79 719.7 711.02 702.09 691.76 676.43 659.29 643.24 630.88 621.83 613.98 604.92 594.52 582.04 566.22 552.5 542.37 533.04 527.38 511.04 495.3
