3918.99 3847.8 3776.62 3705.44 3634.26 3563.07 3491.89 3420.71 3349.53 3278.34 3207.16 3135.98 3064.8 3004.79 2955.95 2907.12 2858.28 2809.45 2760.61 2711.77 2662.94 2614.1 2565.27 2516.43 2467.6 2418.76 2399.54 2380.32 2361.1 2341.88 2322.65 2303.43 2284.21 2264.99 2245.76 2226.54 2207.32 2188.1 2180.05 2183.18 2186.3 2189.43 2192.55 2195.68 2198.8 2201.93 2205.05 2208.18 2211.3 2214.43 2217.55 2235.07 2252.59 2270.11 2287.63 2305.15 2322.67 2340.19 2357.71 2375.23 2392.75 2410.27 2427.79 2445.31 2462.83 2480.35 2497.87 2515.39 2532.91 2550.43 2567.95 2585.47 2602.99 2620.5 2638.02 2655.54 2684.24 2712.93 2741.62 2770.32 2799.01 2827.7 2856.4 2885.09 2913.78 2942.48 2971.17 2999.86 3028.56 3057.25 3085.94 3114.64 3143.33 3172.02 3200.72 3229.41 3258.1 3286.8 3315.49 3344.18
3847.8 3762.23 3691.04 3619.86 3548.68 3477.5 3406.31 3335.13 3263.95 3192.77 3121.58 3050.4 2979.22 2908.04 2859.2 2810.37 2761.53 2712.69 2663.86 2615.02 2566.19 2517.35 2468.52 2419.68 2370.85 2322.01 2302.79 2283.57 2264.35 2245.12 2225.9 2206.68 2187.46 2168.24 2149.01 2129.79 2110.57 2091.35 2094.47 2097.6 2100.72 2103.85 2106.97 2110.1 2113.23 2116.35 2119.48 2122.6 2125.73 2128.85 2146.37 2163.89 2181.41 2198.93 2216.45 2233.97 2251.49 2269.01 2286.53 2304.05 2321.57 2339.09 2356.61 2374.13 2391.65 2409.17 2426.68 2444.2 2461.72 2479.24 2496.76 2514.28 2531.8 2549.32 2578.02 2606.71 2635.4 2664.1 2692.79 2721.48 2750.17 2778.87 2807.56 2836.25 2864.95 2893.64 2922.33 2951.03 2979.72 3008.41 3037.11 3065.8 3094.49 3123.19 3151.88 3180.57 3209.27 3237.96 3266.65 3295.35
3776.62 3691.04 3605.47 3534.28 3463.1 3391.92 3320.74 3249.55 3178.37 3107.19 3036.01 2964.82 2893.64 2822.46 2762.45 2713.61 2664.78 2615.94 2567.11 2518.27 2469.44 2420.6 2371.77 2322.93 2274.1 2225.26 2206.04 2186.82 2167.6 2148.37 2129.15 2109.93 2090.71 2071.49 2052.26 2033.04 2013.82 2005.77 2008.9 2012.02 2015.15 2018.27 2021.4 2024.52 2027.65 2030.77 2033.9 2037.02 2040.15 2057.67 2075.19 2092.71 2110.23 2127.75 2145.27 2162.79 2180.31 2197.83 2215.35 2232.86 2250.38 2267.9 2285.42 2302.94 2320.46 2337.98 2355.5 2373.02 2390.54 2408.06 2425.58 2443.1 2471.79 2500.49 2529.18 2557.87 2586.57 2615.26 2643.95 2672.65 2701.34 2730.03 2758.73 2787.42 2816.11 2844.81 2873.5 2902.19 2930.89 2959.58 2988.27 3016.97 3045.66 3074.35 3103.05 3131.74 3160.43 3189.12 3217.82 3246.51
3705.44 3619.86 3534.28 3448.71 3377.52 3306.34 3235.16 3163.98 3092.79 3021.61 2950.43 2879.25 2808.06 2736.88 2665.7 2616.86 2568.03 2519.19 2470.36 2421.52 2372.69 2323.85 2275.02 2226.18 2177.35 2128.51 2109.29 2090.07 2070.85 2051.62 2032.4 2013.18 1993.96 1974.74 1955.51 1936.29 1917.07 1920.19 1923.32 1926.45 1929.57 1932.7 1935.82 1938.95 1942.07 1945.2 1948.32 1951.45 1968.97 1986.49 2004.01 2021.53 2039.05 2056.56 2074.08 2091.6 2109.12 2126.64 2144.16 2161.68 2179.2 2196.72 2214.24 2231.76 2249.28 2266.8 2284.32 2301.84 2319.36 2336.88 2365.57 2394.27 2422.96 2451.65 2480.34 2509.04 2537.73 2566.42 2595.12 2623.81 2652.5 2681.2 2709.89 2738.58 2767.28 2795.97 2824.66 2853.36 2882.05 2910.74 2939.44 2968.13 2996.82 3025.52 3054.21 3082.9 3111.6 3140.29 3168.98 3197.68
3634.26 3548.68 3463.1 3377.52 3291.95 3220.77 3149.58 3078.4 3007.22 2936.04 2864.85 2793.67 2722.49 2651.31 2580.12 2520.11 2471.28 2422.44 2373.61 2324.77 2275.94 2227.1 2178.27 2129.43 2080.6 2031.76 2012.54 1993.32 1974.09 1954.87 1935.65 1916.43 1897.21 1877.98 1858.76 1839.54 1831.49 1834.62 1837.74 1840.87 1843.99 1847.12 1850.24 1853.37 1856.49 1859.62 1862.74 1880.26 1897.78 1915.3 1932.82 1950.34 1967.86 1985.38 2002.9 2020.42 2037.94 2055.46 2072.98 2090.5 2108.02 2125.54 2143.06 2160.58 2178.1 2195.62 2213.14 2230.66 2259.35 2288.04 2316.74 2345.43 2374.12 2402.82 2431.51 2460.2 2488.9 2517.59 2546.28 2574.98 2603.67 2632.36 2661.06 2689.75 2718.44 2747.14 2775.83 2804.52 2833.22 2861.91 2890.6 2919.29 2947.99 2976.68 3005.37 3034.07 3062.76 3091.45 3120.15 3148.84
3563.07 3477.5 3391.92 3306.34 3220.77 3135.19 3064.01 2992.82 2921.64 2850.46 2779.28 2708.09 2636.91 2565.73 2494.55 2423.36 2374.53 2325.69 2276.86 2228.02 2179.19 2130.35 2081.52 2032.68 1983.85 1935.01 1915.79 1896.57 1877.34 1858.12 1838.9 1819.68 1800.46 1781.23 1762.01 1742.79 1745.92 1749.04 1752.17 1755.29 1758.42 1761.54 1764.67 1767.79 1770.92 1774.04 1791.56 1809.08 1826.6 1844.12 1861.64 1879.16 1896.68 1914.2 1931.72 1949.24 1966.76 1984.28 2001.8 2019.32 2036.84 2054.36 2071.88 2089.4 2106.92 2124.44 2153.13 2181.82 2210.51 2239.21 2267.9 2296.59 2325.29 2353.98 2382.67 2411.37 2440.06 2468.75 2497.45 2526.14 2554.83 2583.53 2612.22 2640.91 2669.61 2698.3 2726.99 2755.69 2784.38 2813.07 2841.77 2870.46 2899.15 2927.85 2956.54 2985.23 3013.93 3042.62 3071.31 3100.01
3491.89 3406.31 3320.74 3235.16 3149.58 3064.01 2978.43 2907.25 2836.06 2764.88 2693.7 2622.52 2551.33 2480.15 2408.97 2337.79 2277.78 2228.94 2180.11 2131.27 2082.44 2033.6 1984.77 1935.93 1887.1 1838.26 1819.04 1799.82 1780.59 1761.37 1742.15 1722.93 1703.71 1684.48 1665.26 1657.21 1660.34 1663.46 1666.59 1669.71 1672.84 1675.96 1679.09 1682.22 1685.34 1702.86 1720.38 1737.9 1755.42 1772.94 1790.46 1807.98 1825.5 1843.02 1860.54 1878.06 1895.58 1913.1 1930.62 1948.13 1965.65 1983.17 2000.69 2018.21 2046.91 2075.6 2104.29 2132.99 2161.68 2190.37 2219.07 2247.76 2276.45 2305.15 2333.84 2362.53 2391.23 2419.92 2448.61 2477.31 2506 2534.69 2563.39 2592.08 2620.77 2649.46 2678.16 2706.85 2735.54 2764.24 2792.93 2821.62 2850.32 2879.01 2907.7 2936.4 2965.09 2993.78 3022.48 3051.17
3420.71 3335.13 3249.55 3163.98 3078.4 2992.82 2907.25 2821.67 2750.49 2679.3 2608.12 2536.94 2465.76 2394.57 2323.39 2252.21 2181.03 2132.19 2083.36 2034.52 1985.69 1936.85 1888.02 1839.18 1790.34 1741.51 1722.29 1703.07 1683.84 1664.62 1645.4 1626.18 1606.96 1587.73 1568.51 1571.64 1574.76 1577.89 1581.01 1584.14 1587.26 1590.39 1593.51 1596.64 1614.16 1631.68 1649.2 1666.72 1684.24 1701.76 1719.28 1736.8 1754.32 1771.83 1789.35 1806.87 1824.39 1841.91 1859.43 1876.95 1894.47 1911.99 1940.68 1969.38 1998.07 2026.76 2055.46 2084.15 2112.84 2141.54 2170.23 2198.92 2227.62 2256.31 2285 2313.7 2342.39 2371.08 2399.78 2428.47 2457.16 2485.86 2514.55 2543.24 2571.94 2600.63 2629.32 2658.02 2686.71 2715.4 2744.1 2772.79 2801.48 2830.18 2858.87 2887.56 2916.26 2944.95 2973.64 3002.33
3349.53 3263.95 3178.37 3092.79 3007.22 2921.64 2836.06 2750.49 2664.91 2593.73 2522.55 2451.36 2380.18 2309 2237.81 2166.63 2095.45 2035.44 1986.61 1937.77 1888.94 1840.1 1791.26 1742.43 1693.59 1644.76 1625.54 1606.31 1587.09 1567.87 1548.65 1529.43 1510.2 1490.98 1482.93 1486.06 1489.18 1492.31 1495.44 1498.56 1501.69 1504.81 1507.94 1525.46 1542.98 1560.5 1578.01 1595.53 1613.05 1630.57 1648.09 1665.61 1683.13 1700.65 1718.17 1735.69 1753.21 1770.73 1788.25 1805.77 1834.46 1863.16 1891.85 1920.54 1949.24 1977.93 2006.62 2035.32 2064.01 2092.7 2121.4 2150.09 2178.78 2207.48 2236.17 2264.86 2293.56 2322.25 2350.94 2379.63 2408.33 2437.02 2465.71 2494.41 2523.1 2551.79 2580.49 2609.18 2637.87 2666.57 2695.26 2723.95 2752.65 2781.34 2810.03 2838.73 2867.42 2896.11 2924.81 2953.5
3278.34 3192.77 3107.19 3021.61 2936.04 2850.46 2764.88 2679.3 2593.73 2508.15 2436.97 2365.79 2294.6 2223.42 2152.24 2081.06 2009.87 1938.69 1889.86 1841.02 1792.18 1743.35 1694.51 1645.68 1596.84 1548.01 1528.79 1509.56 1490.34 1471.12 1451.9 1432.68 1413.45 1394.23 1397.36 1400.48 1403.61 1406.73 1409.86 1412.98 1416.11 1419.23 1436.75 1454.27 1471.79 1489.31 1506.83 1524.35 1541.87 1559.39 1576.91 1594.43 1611.95 1629.47 1646.99 1664.51 1682.03 1699.55 1728.24 1756.93 1785.63 1814.32 1843.01 1871.71 1900.4 1929.09 1957.79 1986.48 2015.17 2043.87 2072.56 2101.25 2129.95 2158.64 2187.33 2216.03 2244.72 2273.41 2302.11 2330.8 2359.49 2388.19 2416.88 2445.57 2474.27 2502.96 2531.65 2560.35 2589.04 2617.73 2646.43 2675.12 2703.81 2732.5 2761.2 2789.89 2818.58 2847.28 2875.97 2904.66
3207.16 3121.58 3036.01 2950.43 2864.85 2779.28 2693.7 2608.12 2522.55 2436.97 2351.39 2280.21 2209.03 2137.84 2066.66 1995.48 1924.3 1853.11 1793.1 1744.27 1695.43 1646.6 1597.76 1548.93 1500.09 1451.26 1432.04 1412.81 1393.59 1374.37 1355.15 1335.93 1316.7 1308.66 1311.78 1314.91 1318.03 1321.16 1324.28 1327.41 1330.53 1348.05 1365.57 1383.09 1400.61 1418.13 1435.65 1453.17 1470.69 1488.21 1505.73 1523.25 1540.77 1558.29 1575.81 1593.33 1622.02 1650.71 1679.41 1708.1 1736.79 1765.49 1794.18 1822.87 1851.57 1880.26 1908.95 1937.65 1966.34 1995.03 2023.73 2052.42 2081.11 2109.8 2138.5 2167.19 2195.88 2224.58 2253.27 2281.96 2310.66 2339.35 2368.04 2396.74 2425.43 2454.12 2482.82 2511.51 2540.2 2568.9 2597.59 2626.28 2654.98 2683.67 2712.36 2741.06 2769.75 2798.44 2827.14 2855.83
3135.98 3050.4 2964.82 2879.25 2793.67 2708.09 2622.52 2536.94 2451.36 2365.79 2280.21 2194.63 2123.45 2052.27 1981.08 1909.9 1838.72 1767.54 1696.35 1647.52 1598.68 1549.85 1501.01 1452.18 1403.34 1354.51 1335.29 1316.06 1296.84 1277.62 1258.4 1239.18 1219.95 1223.08 1226.2 1229.33 1232.45 1235.58 1238.7 1241.83 1259.35 1276.87 1294.39 1311.91 1329.43 1346.95 1364.47 1381.99 1399.51 1417.03 1434.55 1452.07 1469.58 1487.1 1515.8 1544.49 1573.18 1601.88 1630.57 1659.26 1687.96 1716.65 1745.34 1774.04 1802.73 1831.42 1860.12 1888.81 1917.5 1946.2 1974.89 2003.58 2032.28 2060.97 2089.66 2118.36 2147.05 2175.74 2204.44 2233.13 2261.82 2290.52 2319.21 2347.9 2376.6 2405.29 2433.98 2462.67 2491.37 2520.06 2548.75 2577.45 2606.14 2634.83 2663.53 2692.22 2720.91 2749.61 2778.3 2806.99
3064.8 2979.22 2893.64 2808.06 2722.49 2636.91 2551.33 2465.76 2380.18 2294.6 2209.03 2123.45 2037.87 1966.69 1895.51 1824.32 1753.14 1681.96 1610.78 1550.77 1501.93 1453.1 1404.26 1355.43 1306.59 1257.76 1238.53 1219.31 1200.09 1180.87 1161.65 1142.42 1134.38 1137.5 1140.63 1143.75 1146.88 1150 1153.13 1170.65 1188.17 1205.69 1223.21 1240.73 1258.25 1275.77 1293.28 1310.8 1328.32 1345.84 1363.36 1380.88 1409.58 1438.27 1466.96 1495.66 1524.35 1553.04 1581.74 1610.43 1639.12 1667.82 1696.51 1725.2 1753.9 1782.59 1811.28 1839.97 1868.67 1897.36 1926.05 1954.75 1983.44 2012.13 2040.83 2069.52 2098.21 2126.91 2155.6 2184.29 2212.99 2241.68 2270.37 2299.07 2327.76 2356.45 2385.15 2413.84 2442.53 2471.23 2499.92 2528.61 2557.31 2586 2614.69 2643.39 2672.08 2700.77 2729.47 2758.16
3004.79 2908.04 2822.46 2736.88 2651.31 2565.73 2480.15 2394.57 2309 2223.42 2137.84 2052.27 1966.69 1881.11 1809.93 1738.75 1667.57 1596.38 1525.2 1454.02 1405.18 1356.35 1307.51 1258.68 1209.84 1161.01 1141.78 1122.56 1103.34 1084.12 1064.9 1045.67 1048.8 1051.92 1055.05 1058.18 1061.3 1064.43 1081.95 1099.46 1116.98 1134.5 1152.02 1169.54 1187.06 1204.58 1222.1 1239.62 1257.14 1274.66 1303.35 1332.05 1360.74 1389.43 1418.13 1446.82 1475.51 1504.21 1532.9 1561.59 1590.29 1618.98 1647.67 1676.37 1705.06 1733.75 1762.45 1791.14 1819.83 1848.53 1877.22 1905.91 1934.61 1963.3 1991.99 2020.69 2049.38 2078.07 2106.77 2135.46 2164.15 2192.84 2221.54 2250.23 2278.92 2307.62 2336.31 2365 2393.7 2422.39 2451.08 2479.78 2508.47 2537.16 2565.86 2594.55 2623.24 2651.94 2680.63 2709.32
2955.95 2859.2 2762.45 2665.7 2580.12 2494.55 2408.97 2323.39 2237.81 2152.24 2066.66 1981.08 1895.51 1809.93 1724.35 1653.17 1581.99 1510.81 1439.62 1368.44 1308.43 1259.6 1210.76 1161.93 1113.09 1064.26 1045.03 1025.81 1006.59 987.37 968.15 960.1 963.22 966.35 969.47 972.6 975.72 993.24 1010.76 1028.28 1045.8 1063.32 1080.84 1098.36 1115.88 1133.4 1150.92 1168.44 1197.13 1225.83 1254.52 1283.21 1311.91 1340.6 1369.29 1397.99 1426.68 1455.37 1484.07 1512.76 1541.45 1570.14 1598.84 1627.53 1656.22 1684.92 1713.61 1742.3 1771 1799.69 1828.38 1857.08 1885.77 1914.46 1943.16 1971.85 2000.54 2029.24 2057.93 2086.62 2115.32 2144.01 2172.7 2201.4 2230.09 2258.78 2287.48 2316.17 2344.86 2373.56 2402.25 2430.94 2459.64 2488.33 2517.02 2545.72 2574.41 2603.1 2631.79 2660.49
2907.12 2810.37 2713.61 2616.86 2520.11 2423.36 2337.79 2252.21 2166.63 2081.06 1995.48 1909.9 1824.32 1738.75 1653.17 1567.59 1496.41 1425.23 1354.05 1282.86 1211.68 1162.85 1114.01 1065.18 1016.34 967.51 948.28 929.06 909.84 890.62 871.4 874.52 877.65 880.77 883.9 887.02 904.54 922.06 939.58 957.1 974.62 992.14 1009.66 1027.18 1044.7 1062.22 1090.91 1119.6 1148.3 1176.99 1205.68 1234.38 1263.07 1291.76 1320.46 1349.15 1377.84 1406.54 1435.23 1463.92 1492.62 1521.31 1550 1578.7 1607.39 1636.08 1664.78 1693.47 1722.16 1750.86 1779.55 1808.24 1836.94 1865.63 1894.32 1923.01 1951.71 1980.4 2009.09 2037.79 2066.48 2095.17 2123.87 2152.56 2181.25 2209.95 2238.64 2267.33 2296.03 2324.72 2353.41 2382.11 2410.8 2439.49 2468.19 2496.88 2525.57 2554.27 2582.96 2611.65
2858.28 2761.53 2664.78 2568.03 2471.28 2374.53 2277.78 2181.03 2095.45 2009.87 1924.3 1838.72 1753.14 1667.57 1581.99 1496.41 1410.83 1339.65 1268.47 1197.29 1126.1 1066.1 1017.26 968.43 919.59 870.75 851.53 832.31 813.09 793.87 785.82 788.94 792.07 795.19 798.32 815.84 833.36 850.88 868.4 885.92 903.44 920.96 938.48 956 984.69 1013.38 1042.08 1070.77 1099.46 1128.16 1156.85 1185.54 1214.24 1242.93 1271.62 1300.31 1329.01 1357.7 1386.39 1415.09 1443.78 1472.47 1501.17 1529.86 1558.55 1587.25 1615.94 1644.63 1673.33 1702.02 1730.71 1759.41 1788.1 1816.79 1845.49 1874.18 1902.87 1931.57 1960.26 1988.95 2017.65 2046.34 2075.03 2103.73 2132.42 2161.11 2189.81 2218.5 2247.19 2275.89 2304.58 2333.27 2361.96 2390.66 2419.35 2448.04 2476.74 2505.43 2534.12 2562.82
2809.45 2712.69 2615.94 2519.19 2422.44 2325.69 2228.94 2132.19 2035.44 1938.69 1853.11 1767.54 1681.96 1596.38 1510.81 1425.23 1339.65 1254.08 1182.89 1111.71 1040.53 969.35 920.51 871.67 822.84 774 754.78 735.56 716.34 697.12 700.24 703.37 706.49 709.62 727.14 744.66 762.18 779.7 797.22 814.73 832.25 849.77 878.47 907.16 935.85 964.55 993.24 1021.93 1050.63 1079.32 1108.01 1136.71 1165.4 1194.09 1222.79 1251.48 1280.17 1308.87 1337.56 1366.25 1394.95 1423.64 1452.33 1481.03 1509.72 1538.41 1567.11 1595.8 1624.49 1653.18 1681.88 1710.57 1739.26 1767.96 1796.65 1825.34 1854.04 1882.73 1911.42 1940.12 1968.81 1997.5 2026.2 2054.89 2083.58 2112.28 2140.97 2169.66 2198.36 2227.05 2255.74 2284.44 2313.13 2341.82 2370.52 2399.21 2427.9 2456.6 2485.29 2513.98
2760.61 2663.86 2567.11 2470.36 2373.61 2276.86 2180.11 2083.36 1986.61 1889.86 1793.1 1696.35 1610.78 1525.2 1439.62 1354.05 1268.47 1182.89 1097.32 1026.13 954.95 883.77 823.76 774.92 726.09 677.25 658.03 638.81 619.59 611.54 614.66 617.79 620.91 638.43 655.95 673.47 690.99 708.51 726.03 743.55 772.25 800.94 829.63 858.33 887.02 915.71 944.41 973.1 1001.79 1030.48 1059.18 1087.87 1116.56 1145.26 1173.95 1202.64 1231.34 1260.03 1288.72 1317.42 1346.11 1374.8 1403.5 1432.19 1460.88 1489.58 1518.27 1546.96 1575.66 1604.35 1633.04 1661.74 1690.43 1719.12 1747.82 1776.51 1805.2 1833.9 1862.59 1891.28 1919.98 1948.67 1977.36 2006.06 2034.75 2063.44 2092.13 2120.83 2149.52 2178.21 2206.91 2235.6 2264.29 2292.99 2321.68 2350.37 2379.07 2407.76 2436.45 2465.15
2711.77 2615.02 2518.27 2421.52 2324.77 2228.02 2131.27 2034.52 1937.77 1841.02 1744.27 1647.52 1550.77 1454.02 1368.44 1282.86 1197.29 1111.71 1026.13 940.56 869.37 798.19 727.01 678.17 629.34 580.5 561.28 542.06 522.84 525.96 529.09 532.21 549.73 567.25 584.77 602.29 619.81 637.33 666.02 694.72 723.41 752.1 780.8 809.49 838.18 866.88 895.57 924.26 952.96 981.65 1010.34 1039.04 1067.73 1096.42 1125.12 1153.81 1182.5 1211.2 1239.89 1268.58 1297.28 1325.97 1354.66 1383.35 1412.05 1440.74 1469.43 1498.13 1526.82 1555.51 1584.21 1612.9 1641.59 1670.29 1698.98 1727.67 1756.37 1785.06 1813.75 1842.45 1871.14 1899.83 1928.53 1957.22 1985.91 2014.61 2043.3 2071.99 2100.69 2129.38 2158.07 2186.77 2215.46 2244.15 2272.85 2301.54 2330.23 2358.93 2387.62 2416.31
2662.94 2566.19 2469.44 2372.69 2275.94 2179.19 2082.44 1985.69 1888.94 1792.18 1695.43 1598.68 1501.93 1405.18 1308.43 1211.68 1126.1 1040.53 954.95 869.37 783.8 712.61 641.43 581.42 532.59 483.75 464.53 445.31 437.26 440.39 443.51 461.03 478.55 496.07 513.59 531.11 559.8 588.5 617.19 645.88 674.58 703.27 731.96 760.65 789.35 818.04 846.73 875.43 904.12 932.81 961.51 990.2 1018.89 1047.59 1076.28 1104.97 1133.67 1162.36 1191.05 1219.75 1248.44 1277.13 1305.83 1334.52 1363.21 1391.91 1420.6 1449.29 1477.99 1506.68 1535.37 1564.07 1592.76 1621.45 1650.15 1678.84 1707.53 1736.23 1764.92 1793.61 1822.3 1851 1879.69 1908.38 1937.08 1965.77 1994.46 2023.16 2051.85 2080.54 2109.24 2137.93 2166.62 2195.32 2224.01 2252.7 2281.4 2310.09 2338.78 2367.48
2614.1 2517.35 2420.6 2323.85 2227.1 2130.35 2033.6 1936.85 1840.1 1743.35 1646.6 1549.85 1453.1 1356.35 1259.6 1162.85 1066.1 969.35 883.77 798.19 712.61 627.04 555.86 484.67 435.84 387 367.78 348.56 351.68 354.81 372.33 389.85 407.37 424.89 453.58 482.27 510.97 539.66 568.35 597.05 625.74 654.43 683.13 711.82 740.51 769.21 797.9 826.59 855.29 883.98 912.67 941.37 970.06 998.75 1027.45 1056.14 1084.83 1113.52 1142.22 1170.91 1199.6 1228.3 1256.99 1285.68 1314.38 1343.07 1371.76 1400.46 1429.15 1457.84 1486.54 1515.23 1543.92 1572.62 1601.31 1630 1658.7 1687.39 1716.08 1744.78 1773.47 1802.16 1830.86 1859.55 1888.24 1916.94 1945.63 1974.32 2003.02 2031.71 2060.4 2089.1 2117.79 2146.48 2175.17 2203.87 2232.56 2261.25 2289.95 2318.64
2565.27 2468.52 2371.77 2275.02 2178.27 2081.52 1984.77 1888.02 1791.26 1694.51 1597.76 1501.01 1404.26 1307.51 1210.76 1114.01 1017.26 920.51 823.76 727.01 641.43 555.86 470.28 399.1 339.09 290.25 271.03 262.98 266.11 283.63 301.15 318.67 347.36 376.05 404.75 433.44 462.13 490.82 519.52 548.21 576.9 605.6 634.29 662.98 691.68 720.37 749.06 777.76 806.45 835.14 863.84 892.53 921.22 949.92 978.61 1007.3 1036 1064.69 1093.38 1122.08 1150.77 1179.46 1208.16 1236.85 1265.54 1294.24 1322.93 1351.62 1380.32 1409.01 1437.7 1466.4 1495.09 1523.78 1552.47 1581.17 1609.86 1638.55 1667.25 1695.94 1724.63 1753.33 1782.02 1810.71 1839.41 1868.1 1896.79 1925.49 1954.18 1982.87 2011.57 2040.26 2068.95 2097.65 2126.34 2155.03 2183.73 2212.42 2241.11 2269.81
2516.43 2419.68 2322.93 2226.18 2129.43 2032.68 1935.93 1839.18 1742.43 1645.68 1548.93 1452.18 1355.43 1258.68 1161.93 1065.18 968.43 871.67 774.92 678.17 581.42 484.67 399.1 313.52 242.34 193.5 174.28 177.4 194.92 212.44 241.14 269.83 298.52 327.22 355.91 384.6 413.3 441.99 470.68 499.38 528.07 556.76 585.46 614.15 642.84 671.54 700.23 728.92 757.62 786.31 815 843.69 872.39 901.08 929.77 958.47 987.16 1015.85 1044.55 1073.24 1101.93 1130.63 1159.32 1188.01 1216.71 1245.4 1274.09 1302.79 1331.48 1360.17 1388.87 1417.56 1446.25 1474.95 1503.64 1532.33 1561.03 1589.72 1618.41 1647.11 1675.8 1704.49 1733.19 1761.88 1790.57 1819.27 1847.96 1876.65 1905.34 1934.04 1962.73 1991.42 2020.12 2048.81 2077.5 2106.2 2134.89 2163.58 2192.28 2220.97
2467.6 2370.85 2274.1 2177.35 2080.6 1983.85 1887.1 1790.34 1693.59 1596.84 1500.09 1403.34 1306.59 1209.84 1113.09 1016.34 919.59 822.84 726.09 629.34 532.59 435.84 339.09 242.34 156.76 96.75 88.7 106.22 134.92 163.61 192.3 220.99 249.69 278.38 307.07 335.77 364.46 393.15 421.85 450.54 479.23 507.93 536.62 565.31 594.01 622.7 651.39 680.09 708.78 737.47 766.17 794.86 823.55 852.25 880.94 909.63 938.33 967.02 995.71 1024.41 1053.1 1081.79 1110.49 1139.18 1167.87 1196.57 1225.26 1253.95 1282.64 1311.34 1340.03 1368.72 1397.42 1426.11 1454.8 1483.5 1512.19 1540.88 1569.58 1598.27 1626.96 1655.66 1684.35 1713.04 1741.74 1770.43 1799.12 1827.82 1856.51 1885.2 1913.9 1942.59 1971.28 1999.98 2028.67 2057.36 2086.06 2114.75 2143.44 2172.14
2418.76 2322.01 2225.26 2128.51 2031.76 1935.01 1838.26 1741.51 1644.76 1548.01 1451.26 1354.51 1257.76 1161.01 1064.26 967.51 870.75 774 677.25 580.5 483.75 387 290.25 193.5 96.75 0 28.69 57.39 86.08 114.77 143.47 172.16 200.85 229.55 258.24 286.93 315.63 344.32 373.01 401.71 430.4 459.09 487.79 516.48 545.17 573.86 602.56 631.25 659.94 688.64 717.33 746.02 774.72 803.41 832.1 860.8 889.49 918.18 946.88 975.57 1004.26 1032.96 1061.65 1090.34 1119.04 1147.73 1176.42 1205.12 1233.81 1262.5 1291.2 1319.89 1348.58 1377.28 1405.97 1434.66 1463.36 1492.05 1520.74 1549.44 1578.13 1606.82 1635.51 1664.21 1692.9 1721.59 1750.29 1778.98 1807.67 1836.37 1865.06 1893.75 1922.45 1951.14 1979.83 2008.53 2037.22 2065.91 2094.61 2123.3
2399.54 2302.79 2206.04 2109.29 2012.54 1915.79 1819.04 1722.29 1625.54 1528.79 1432.04 1335.29 1238.53 1141.78 1045.03 948.28 851.53 754.78 658.03 561.28 464.53 367.78 271.03 174.28 88.7 28.69 20.64 38.16 66.86 95.55 124.24 152.94 181.63 210.32 239.02 267.71 296.4 325.1 353.79 382.48 411.18 439.87 468.56 497.26 525.95 554.64 583.34 612.03 640.72 669.42 698.11 726.8 755.5 784.19 812.88 841.58 870.27 898.96 927.66 956.35 985.04 1013.73 1042.43 1071.12 1099.81 1128.51 1157.2 1185.89 1214.59 1243.28 1271.97 1300.67 1329.36 1358.05 1386.75 1415.44 1444.13 1472.83 1501.52 1530.21 1558.91 1587.6 1616.29 1644.99 1673.68 1702.37 1731.07 1759.76 1788.45 1817.15 1845.84 1874.53 1903.23 1931.92 1960.61 1989.31 2018 2046.69 2075.38 2104.08
2380.32 2283.57 2186.82 2090.07 1993.32 1896.57 1799.82 1703.07 1606.31 1509.56 1412.81 1316.06 1219.31 1122.56 1025.81 929.06 832.31 735.56 638.81 542.06 445.31 348.56 262.98 177.4 106.22 57.39 38.16 41.29 58.81 76.33 105.02 133.72 162.41 191.1 219.8 248.49 277.18 305.87 334.57 363.26 391.95 420.65 449.34 478.03 506.73 535.42 564.11 592.81 621.5 650.19 678.89 707.58 736.27 764.97 793.66 822.35 851.05 879.74 908.43 937.13 965.82 994.51 1023.21 1051.9 1080.59 1109.29 1137.98 1166.67 1195.37 1224.06 1252.75 1281.45 1310.14 1338.83 1367.52 1396.22 1424.91 1453.6 1482.3 1510.99 1539.68 1568.38 1597.07 1625.76 1654.46 1683.15 1711.84 1740.54 1769.23 1797.92 1826.62 1855.31 1884 1912.7 1941.39 1970.08 1998.78 2027.47 2056.16 2084.86
2361.1 2264.35 2167.6 2070.85 1974.09 1877.34 1780.59 1683.84 1587.09 1490.34 1393.59 1296.84 1200.09 1103.34 1006.59 909.84 813.09 716.34 619.59 522.84 437.26 351.68 266.11 194.92 134.92 86.08 66.86 58.81 61.93 79.45 96.97 114.49 143.19 171.88 200.57 229.27 257.96 286.65 315.35 344.04 372.73 401.43 430.12 458.81 487.51 516.2 544.89 573.59 602.28 630.97 659.67 688.36 717.05 745.74 774.44 803.13 831.82 860.52 889.21 917.9 946.6 975.29 1003.98 1032.68 1061.37 1090.06 1118.76 1147.45 1176.14 1204.84 1233.53 1262.22 1290.92 1319.61 1348.3 1377 1405.69 1434.38 1463.08 1491.77 1520.46 1549.16 1577.85 1606.54 1635.24 1663.93 1692.62 1721.32 1750.01 1778.7 1807.39 1836.09 1864.78 1893.47 1922.17 1950.86 1979.55 2008.25 2036.94 2065.63
2341.88 2245.12 2148.37 2051.62 1954.87 1858.12 1761.37 1664.62 1567.87 1471.12 1374.37 1277.62 1180.87 1084.12 987.37 890.62 793.87 697.12 611.54 525.96 440.39 354.81 283.63 212.44 163.61 114.77 95.55 76.33 79.45 82.58 100.1 117.62 135.14 152.66 181.35 210.04 238.74 267.43 296.12 324.82 353.51 382.2 410.9 439.59 468.28 496.98 525.67 554.36 583.06 611.75 640.44 669.14 697.83 726.52 755.22 783.91 812.6 841.3 869.99 898.68 927.38 956.07 984.76 1013.46 1042.15 1070.84 1099.53 1128.23 1156.92 1185.61 1214.31 1243 1271.69 1300.39 1329.08 1357.77 1386.47 1415.16 1443.85 1472.55 1501.24 1529.93 1558.63 1587.32 1616.01 1644.71 1673.4 1702.09 1730.79 1759.48 1788.17 1816.87 1845.56 1874.25 1902.95 1931.64 1960.33 1989.03 2017.72 2046.41
2322.65 2225.9 2129.15 2032.4 1935.65 1838.9 1742.15 1645.4 1548.65 1451.9 1355.15 1258.4 1161.65 1064.9 968.15 871.4 785.82 700.24 614.66 529.09 443.51 372.33 301.15 241.14 192.3 143.47 124.24 105.02 96.97 100.1 103.22 120.74 138.26 155.78 173.3 190.82 219.52 248.21 276.9 305.6 334.29 362.98 391.68 420.37 449.06 477.75 506.45 535.14 563.83 592.53 621.22 649.91 678.61 707.3 735.99 764.69 793.38 822.07 850.77 879.46 908.15 936.85 965.54 994.23 1022.93 1051.62 1080.31 1109.01 1137.7 1166.39 1195.09 1223.78 1252.47 1281.17 1309.86 1338.55 1367.25 1395.94 1424.63 1453.33 1482.02 1510.71 1539.4 1568.1 1596.79 1625.48 1654.18 1682.87 1711.56 1740.26 1768.95 1797.64 1826.34 1855.03 1883.72 1912.42 1941.11 1969.8 1998.5 2027.19
2303.43 2206.68 2109.93 2013.18 1916.43 1819.68 1722.93 1626.18 1529.43 1432.68 1335.93 1239.18 1142.42 1045.67 960.1 874.52 788.94 703.37 617.79 532.21 461.03 389.85 318.67 269.83 220.99 172.16 152.94 133.72 114.49 117.62 120.74 123.87 141.39 158.91 176.43 193.95 211.47 228.99 257.68 286.37 315.07 343.76 372.45 401.15 429.84 458.53 487.23 515.92 544.61 573.31 602 630.69 659.39 688.08 716.77 745.47 774.16 802.85 831.54 860.24 888.93 917.62 946.32 975.01 1003.7 1032.4 1061.09 1089.78 1118.48 1147.17 1175.86 1204.56 1233.25 1261.94 1290.64 1319.33 1348.02 1376.72 1405.41 1434.1 1462.8 1491.49 1520.18 1548.88 1577.57 1606.26 1634.96 1663.65 1692.34 1721.04 1749.73 1778.42 1807.12 1835.81 1864.5 1893.19 1921.89 1950.58 1979.27 2007.97
2284.21 2187.46 2090.71 1993.96 1897.21 1800.46 1703.71 1606.96 1510.2 1413.45 1316.7 1219.95 1134.38 1048.8 963.22 877.65 792.07 706.49 620.91 549.73 478.55 407.37 347.36 298.52 249.69 200.85 181.63 162.41 143.19 135.14 138.26 141.39 144.51 162.03 179.55 197.07 214.59 232.11 249.63 267.15 295.84 324.54 353.23 381.92 410.62 439.31 468 496.7 525.39 554.08 582.78 611.47 640.16 668.86 697.55 726.24 754.94 783.63 812.32 841.02 869.71 898.4 927.1 955.79 984.48 1013.18 1041.87 1070.56 1099.26 1127.95 1156.64 1185.34 1214.03 1242.72 1271.41 1300.11 1328.8 1357.49 1386.19 1414.88 1443.57 1472.27 1500.96 1529.65 1558.35 1587.04 1615.73 1644.43 1673.12 1701.81 1730.51 1759.2 1787.89 1816.59 1845.28 1873.97 1902.67 1931.36 1960.05 1988.75
2264.99 2168.24 2071.49 1974.74 1877.98 1781.23 1684.48 1587.73 1490.98 1394.23 1308.66 1223.08 1137.5 1051.92 966.35 880.77 795.19 709.62 638.43 567.25 496.07 424.89 376.05 327.22 278.38 229.55 210.32 191.1 171.88 152.66 155.78 158.91 162.03 165.16 182.68 200.2 217.72 235.24 252.76 270.28 287.8 305.32 334.01 362.7 391.4 420.09 448.78 477.48 506.17 534.86 563.55 592.25 620.94 649.63 678.33 707.02 735.71 764.41 793.1 821.79 850.49 879.18 907.87 936.57 965.26 993.95 1022.65 1051.34 1080.03 1108.73 1137.42 1166.11 1194.81 1223.5 1252.19 1280.89 1309.58 1338.27 1366.97 1395.66 1424.35 1453.05 1481.74 1510.43 1539.13 1567.82 1596.51 1625.21 1653.9 1682.59 1711.28 1739.98 1768.67 1797.36 1826.06 1854.75 1883.44 1912.14 1940.83 1969.52
2245.76 2149.01 2052.26 1955.51 1858.76 1762.01 1665.26 1568.51 1482.93 1397.36 1311.78 1226.2 1140.63 1055.05 969.47 883.9 798.32 727.14 655.95 584.77 513.59 453.58 404.75 355.91 307.07 258.24 239.02 219.8 200.57 181.35 173.3 176.43 179.55 182.68 185.8 203.32 220.84 238.36 255.88 273.4 290.92 308.44 325.96 343.48 372.17 400.87 429.56 458.25 486.95 515.64 544.33 573.03 601.72 630.41 659.11 687.8 716.49 745.19 773.88 802.57 831.27 859.96 888.65 917.35 946.04 974.73 1003.42 1032.12 1060.81 1089.5 1118.2 1146.89 1175.58 1204.28 1232.97 1261.66 1290.36 1319.05 1347.74 1376.44 1405.13 1433.82 1462.52 1491.21 1519.9 1548.6 1577.29 1605.98 1634.68 1663.37 1692.06 1720.76 1749.45 1778.14 1806.84 1835.53 1864.22 1892.92 1921.61 1950.3
2226.54 2129.79 2033.04 1936.29 1839.54 1742.79 1657.21 1571.64 1486.06 1400.48 1314.91 1229.33 1143.75 1058.18 972.6 887.02 815.84 744.66 673.47 602.29 531.11 482.27 433.44 384.6 335.77 286.93 267.71 248.49 229.27 210.04 190.82 193.95 197.07 200.2 203.32 206.45 223.97 241.49 259.01 276.53 294.05 311.57 329.09 346.61 364.13 381.64 410.34 439.03 467.72 496.42 525.11 553.8 582.5 611.19 639.88 668.58 697.27 725.96 754.66 783.35 812.04 840.74 869.43 898.12 926.82 955.51 984.2 1012.9 1041.59 1070.28 1098.98 1127.67 1156.36 1185.06 1213.75 1242.44 1271.14 1299.83 1328.52 1357.22 1385.91 1414.6 1443.29 1471.99 1500.68 1529.37 1558.07 1586.76 1615.45 1644.15 1672.84 1701.53 1730.23 1758.92 1787.61 1816.31 1845 1873.69 1902.39 1931.08
2207.32 2110.57 2013.82 1917.07 1831.49 1745.92 1660.34 1574.76 1489.18 1403.61 1318.03 1232.45 1146.88 1061.3 975.72 904.54 833.36 762.18 690.99 619.81 559.8 510.97 462.13 413.3 364.46 315.63 296.4 277.18 257.96 238.74 219.52 211.47 214.59 217.72 220.84 223.97 227.09 244.61 262.13 279.65 297.17 314.69 332.21 349.73 367.25 384.77 402.29 419.81 448.5 477.2 505.89 534.58 563.28 591.97 620.66 649.36 678.05 706.74 735.43 764.13 792.82 821.51 850.21 878.9 907.59 936.29 964.98 993.67 1022.37 1051.06 1079.75 1108.45 1137.14 1165.83 1194.53 1223.22 1251.91 1280.61 1309.3 1337.99 1366.69 1395.38 1424.07 1452.77 1481.46 1510.15 1538.85 1567.54 1596.23 1624.93 1653.62 1682.31 1711.01 1739.7 1768.39 1797.08 1825.78 1854.47 1883.16 1911.86
2188.1 2091.35 2005.77 1920.19 1834.62 1749.04 1663.46 1577.89 1492.31 1406.73 1321.16 1235.58 1150 1064.43 993.24 922.06 850.88 779.7 708.51 637.33 588.5 539.66 490.82 441.99 393.15 344.32 325.1 305.87 286.65 267.43 248.21 228.99 232.11 235.24 238.36 241.49 244.61 247.74 265.26 282.78 300.3 317.82 335.34 352.86 370.38 387.9 405.41 422.93 440.45 457.97 486.67 515.36 544.05 572.75 601.44 630.13 658.83 687.52 716.21 744.91 773.6 802.29 830.99 859.68 888.37 917.07 945.76 974.45 1003.15 1031.84 1060.53 1089.23 1117.92 1146.61 1175.3 1204 1232.69 1261.38 1290.08 1318.77 1347.46 1376.16 1404.85 1433.54 1462.24 1490.93 1519.62 1548.32 1577.01 1605.7 1634.4 1663.09 1691.78 1720.48 1749.17 1777.86 1806.56 1835.25 1863.94 1892.64
2180.05 2094.47 2008.9 1923.32 1837.74 1752.17 1666.59 1581.01 1495.44 1409.86 1324.28 1238.7 1153.13 1081.95 1010.76 939.58 868.4 797.22 726.03 666.02 617.19 568.35 519.52 470.68 421.85 373.01 353.79 334.57 315.35 296.12 276.9 257.68 249.63 252.76 255.88 259.01 262.13 265.26 268.38 285.9 303.42 320.94 338.46 355.98 373.5 391.02 408.54 426.06 443.58 461.1 478.62 496.14 524.83 553.52 582.22 610.91 639.6 668.3 696.99 725.68 754.38 783.07 811.76 840.46 869.15 897.84 926.54 955.23 983.92 1012.62 1041.31 1070 1098.7 1127.39 1156.08 1184.78 1213.47 1242.16 1270.86 1299.55 1328.24 1356.94 1385.63 1414.32 1443.02 1471.71 1500.4 1529.09 1557.79 1586.48 1615.17 1643.87 1672.56 1701.25 1729.95 1758.64 1787.33 1816.03 1844.72 1873.41
2183.18 2097.6 2012.02 1926.45 1840.87 1755.29 1669.71 1584.14 1498.56 1412.98 1327.41 1241.83 1170.65 1099.46 1028.28 957.1 885.92 814.73 743.55 694.72 645.88 597.05 548.21 499.38 450.54 401.71 382.48 363.26 344.04 324.82 305.6 286.37 267.15 270.28 273.4 276.53 279.65 282.78 285.9 289.03 306.55 324.07 341.59 359.11 376.63 394.15 411.67 429.18 446.7 464.22 481.74 499.26 516.78 534.3 563 591.69 620.38 649.08 677.77 706.46 735.16 763.85 792.54 821.24 849.93 878.62 907.31 936.01 964.7 993.39 1022.09 1050.78 1079.47 1108.17 1136.86 1165.55 1194.25 1222.94 1251.63 1280.33 1309.02 1337.71 1366.41 1395.1 1423.79 1452.49 1481.18 1509.87 1538.57 1567.26 1595.95 1624.65 1653.34 1682.03 1710.73 1739.42 1768.11 1796.81 1825.5 1854.19
2186.3 2100.72 2015.15 1929.57 1843.99 1758.42 1672.84 1587.26 1501.69 1416.11 1330.53 1259.35 1188.17 1116.98 1045.8 974.62 903.44 832.25 772.25 723.41 674.58 625.74 576.9 528.07 479.23 430.4 411.18 391.95 372.73 353.51 334.29 315.07 295.84 287.8 290.92 294.05 297.17 300.3 303.42 306.55 309.67 327.19 344.71 362.23 379.75 397.27 414.79 432.31 449.83 467.35 484.87 502.39 519.91 537.43 554.95 572.47 601.16 629.85 658.55 687.24 715.93 744.63 773.32 802.01 830.71 859.4 888.09 916.79 945.48 974.17 1002.87 1031.56 1060.25 1088.95 1117.64 1146.33 1175.03 1203.72 1232.41 1261.1 1289.8 1318.49 1347.18 1375.88 1404.57 1433.26 1461.96 1490.65 1519.34 1548.04 1576.73 1605.42 1634.12 1662.81 1691.5 1720.2 1748.89 1777.58 1806.28 1834.97
2189.43 2103.85 2018.27 1932.7 1847.12 1761.54 1675.96 1590.39 1504.81 1419.23 1348.05 1276.87 1205.69 1134.5 1063.32 992.14 920.96 849.77 800.94 752.1 703.27 654.43 605.6 556.76 507.93 459.09 439.87 420.65 401.43 382.2 362.98 343.76 324.54 305.32 308.44 311.57 314.69 317.82 320.94 324.07 327.19 330.32 347.84 365.36 382.88 400.4 417.92 435.44 452.96 470.47 487.99 505.51 523.03 540.55 558.07 575.59 593.11 610.63 639.32 668.02 696.71 725.4 754.1 782.79 811.48 840.18 868.87 897.56 926.26 954.95 983.64 1012.34 1041.03 1069.72 1098.42 1127.11 1155.8 1184.5 1213.19 1241.88 1270.58 1299.27 1327.96 1356.66 1385.35 1414.04 1442.74 1471.43 1500.12 1528.82 1557.51 1586.2 1614.9 1643.59 1672.28 1700.97 1729.67 1758.36 1787.05 1815.75
2192.55 2106.97 2021.4 1935.82 1850.24 1764.67 1679.09 1593.51 1507.94 1436.75 1365.57 1294.39 1223.21 1152.02 1080.84 1009.66 938.48 878.47 829.63 780.8 731.96 683.13 634.29 585.46 536.62 487.79 468.56 449.34 430.12 410.9 391.68 372.45 353.23 334.01 325.96 329.09 332.21 335.34 338.46 341.59 344.71 347.84 350.96 368.48 386 403.52 421.04 438.56 456.08 473.6 491.12 508.64 526.16 543.68 561.2 578.72 596.24 613.76 631.28 648.8 677.49 706.18 734.88 763.57 792.26 820.96 849.65 878.34 907.04 935.73 964.42 993.12 1021.81 1050.5 1079.19 1107.89 1136.58 1165.27 1193.97 1222.66 1251.35 1280.05 1308.74 1337.43 1366.13 1394.82 1423.51 1452.21 1480.9 1509.59 1538.29 1566.98 1595.67 1624.37 1653.06 1681.75 1710.45 1739.14 1767.83 1796.53
2195.68 2110.1 2024.52 1938.95 1853.37 1767.79 1682.22 1596.64 1525.46 1454.27 1383.09 1311.91 1240.73 1169.54 1098.36 1027.18 956 907.16 858.33 809.49 760.65 711.82 662.98 614.15 565.31 516.48 497.26 478.03 458.81 439.59 420.37 401.15 381.92 362.7 343.48 346.61 349.73 352.86 355.98 359.11 362.23 365.36 368.48 371.61 389.13 406.65 424.17 441.69 459.21 476.73 494.24 511.76 529.28 546.8 564.32 581.84 599.36 616.88 634.4 651.92 669.44 686.96 715.65 744.35 773.04 801.73 830.43 859.12 887.81 916.51 945.2 973.89 1002.59 1031.28 1059.97 1088.67 1117.36 1146.05 1174.75 1203.44 1232.13 1260.83 1289.52 1318.21 1346.91 1375.6 1404.29 1432.98 1461.68 1490.37 1519.06 1547.76 1576.45 1605.14 1633.84 1662.53 1691.22 1719.92 1748.61 1777.3
2198.8 2113.23 2027.65 1942.07 1856.49 1770.92 1685.34 1614.16 1542.98 1471.79 1400.61 1329.43 1258.25 1187.06 1115.88 1044.7 984.69 935.85 887.02 838.18 789.35 740.51 691.68 642.84 594.01 545.17 525.95 506.73 487.51 468.28 449.06 429.84 410.62 391.4 372.17 364.13 367.25 370.38 373.5 376.63 379.75 382.88 386 389.13 392.25 409.77 427.29 444.81 462.33 479.85 497.37 514.89 532.41 549.93 567.45 584.97 602.49 620.01 637.53 655.05 672.57 690.09 707.61 725.13 753.82 782.51 811.2 839.9 868.59 897.28 925.98 954.67 983.36 1012.06 1040.75 1069.44 1098.14 1126.83 1155.52 1184.22 1212.91 1241.6 1270.3 1298.99 1327.68 1356.38 1385.07 1413.76 1442.46 1471.15 1499.84 1528.54 1557.23 1585.92 1614.62 1643.31 1672 1700.7 1729.39 1758.08
2201.93 2116.35 2030.77 1945.2 1859.62 1774.04 1702.86 1631.68 1560.5 1489.31 1418.13 1346.95 1275.77 1204.58 1133.4 1062.22 1013.38 964.55 915.71 866.88 818.04 769.21 720.37 671.54 622.7 573.86 554.64 535.42 516.2 496.98 477.75 458.53 439.31 420.09 400.87 381.64 384.77 387.9 391.02 394.15 397.27 400.4 403.52 406.65 409.77 412.9 430.42 447.94 465.46 482.98 500.5 518.01 535.53 553.05 570.57 588.09 605.61 623.13 640.65 658.17 675.69 693.21 710.73 728.25 745.77 763.29 791.98 820.68 849.37 878.06 906.76 935.45 964.14 992.84 1021.53 1050.22 1078.92 1107.61 1136.3 1164.99 1193.69 1222.38 1251.07 1279.77 1308.46 1337.15 1365.85 1394.54 1423.23 1451.93 1480.62 1509.31 1538.01 1566.7 1595.39 1624.09 1652.78 1681.47 1710.17 1738.86
2205.05 2119.48 2033.9 1948.32 1862.74 1791.56 1720.38 1649.2 1578.01 1506.83 1435.65 1364.47 1293.28 1222.1 1150.92 1090.91 1042.08 993.24 944.41 895.57 846.73 797.9 749.06 700.23 651.39 602.56 583.34 564.11 544.89 525.67 506.45 487.23 468 448.78 429.56 410.34 402.29 405.41 408.54 411.67 414.79 417.92 421.04 424.17 427.29 430.42 433.54 451.06 468.58 486.1 503.62 521.14 538.66 556.18 573.7 591.22 608.74 626.26 643.78 661.3 678.82 696.34 713.86 731.38 748.9 766.41 783.93 801.45 830.15 858.84 887.53 916.23 944.92 973.61 1002.31 1031 1059.69 1088.39 1117.08 1145.77 1174.47 1203.16 1231.85 1260.55 1289.24 1317.93 1346.63 1375.32 1404.01 1432.71 1461.4 1490.09 1518.79 1547.48 1576.17 1604.86 1633.56 1662.25 1690.94 1719.64
2208.18 2122.6 2037.02 1951.45 1880.26 1809.08 1737.9 1666.72 1595.53 1524.35 1453.17 1381.99 1310.8 1239.62 1168.44 1119.6 1070.77 1021.93 973.1 924.26 875.43 826.59 777.76 728.92 680.09 631.25 612.03 592.81 573.59 554.36 535.14 515.92 496.7 477.48 458.25 439.03 419.81 422.93 426.06 429.18 432.31 435.44 438.56 441.69 444.81 447.94 451.06 454.19 471.71 489.23 506.75 524.27 541.78 559.3 576.82 594.34 611.86 629.38 646.9 664.42 681.94 699.46 716.98 734.5 752.02 769.54 787.06 804.58 822.1 839.62 868.31 897 925.7 954.39 983.08 1011.78 1040.47 1069.16 1097.86 1126.55 1155.24 1183.94 1212.63 1241.32 1270.02 1298.71 1327.4 1356.1 1384.79 1413.48 1442.18 1470.87 1499.56 1528.26 1556.95 1585.64 1614.34 1643.03 1671.72 1700.42
2211.3 2125.73 2040.15 1968.97 1897.78 1826.6 1755.42 1684.24 1613.05 1541.87 1470.69 1399.51 1328.32 1257.14 1197.13 1148.3 1099.46 1050.63 1001.79 952.96 904.12 855.29 806.45 757.62 708.78 659.94 640.72 621.5 602.28 583.06 563.83 544.61 525.39 506.17 486.95 467.72 448.5 440.45 443.58 446.7 449.83 452.96 456.08 459.21 462.33 465.46 468.58 471.71 474.83 492.35 509.87 527.39 544.91 562.43 579.95 597.47 614.99 632.51 650.03 667.55 685.07 702.59 720.11 737.63 755.15 772.67 790.18 807.7 825.22 842.74 860.26 877.78 906.48 935.17 963.86 992.56 1021.25 1049.94 1078.64 1107.33 1136.02 1164.72 1193.41 1222.1 1250.8 1279.49 1308.18 1336.87 1365.57 1394.26 1422.95 1451.65 1480.34 1509.03 1537.73 1566.42 1595.11 1623.81 1652.5 1681.19
2214.43 2128.85 2057.67 1986.49 1915.3 1844.12 1772.94 1701.76 1630.57 1559.39 1488.21 1417.03 1345.84 1274.66 1225.83 1176.99 1128.16 1079.32 1030.48 981.65 932.81 883.98 835.14 786.31 737.47 688.64 669.42 650.19 630.97 611.75 592.53 573.31 554.08 534.86 515.64 496.42 477.2 457.97 461.1 464.22 467.35 470.47 473.6 476.73 479.85 482.98 486.1 489.23 492.35 495.48 513 530.52 548.04 565.56 583.07 600.59 618.11 635.63 653.15 670.67 688.19 705.71 723.23 740.75 758.27 775.79 793.31 810.83 828.35 845.87 863.39 880.91 898.43 915.95 944.64 973.33 1002.03 1030.72 1059.41 1088.11 1116.8 1145.49 1174.19 1202.88 1231.57 1260.27 1288.96 1317.65 1346.35 1375.04 1403.73 1432.43 1461.12 1489.81 1518.51 1547.2 1575.89 1604.59 1633.28 1661.97
2217.55 2146.37 2075.19 2004.01 1932.82 1861.64 1790.46 1719.28 1648.09 1576.91 1505.73 1434.55 1363.36 1303.35 1254.52 1205.68 1156.85 1108.01 1059.18 1010.34 961.51 912.67 863.84 815 766.17 717.33 698.11 678.89 659.67 640.44 621.22 602 582.78 563.55 544.33 525.11 505.89 486.67 478.62 481.74 484.87 487.99 491.12 494.24 497.37 500.5 503.62 506.75 509.87 513 516.12 533.64 551.16 568.68 586.2 603.72 621.24 638.76 656.28 673.8 691.32 708.84 726.36 743.88 761.4 778.92 796.44 813.95 831.47 848.99 866.51 884.03 901.55 919.07 936.59 954.11 982.81 1011.5 1040.19 1068.88 1097.58 1126.27 1154.96 1183.66 1212.35 1241.04 1269.74 1298.43 1327.12 1355.82 1384.51 1413.2 1441.9 1470.59 1499.28 1527.98 1556.67 1585.36 1614.06 1642.75
2235.07 2163.89 2092.71 2021.53 1950.34 1879.16 1807.98 1736.8 1665.61 1594.43 1523.25 1452.07 1380.88 1332.05 1283.21 1234.38 1185.54 1136.71 1087.87 1039.04 990.2 941.37 892.53 843.69 794.86 746.02 726.8 707.58 688.36 669.14 649.91 630.69 611.47 592.25 573.03 553.8 534.58 515.36 496.14 499.26 502.39 505.51 508.64 511.76 514.89 518.01 521.14 524.27 527.39 530.52 533.64 536.77 554.29 571.81 589.33 606.84 624.36 641.88 659.4 676.92 694.44 711.96 729.48 747 764.52 782.04 799.56 817.08 834.6 852.12 869.64 887.16 904.68 922.2 939.72 957.24 974.76 992.28 1020.97 1049.66 1078.36 1107.05 1135.74 1164.44 1193.13 1221.82 1250.52 1279.21 1307.9 1336.6 1365.29 1393.98 1422.68 1451.37 1480.06 1508.75 1537.45 1566.14 1594.83 1623.53
2252.59 2181.41 2110.23 2039.05 1967.86 1896.68 1825.5 1754.32 1683.13 1611.95 1540.77 1469.58 1409.58 1360.74 1311.91 1263.07 1214.24 1165.4 1116.56 1067.73 1018.89 970.06 921.22 872.39 823.55 774.72 755.5 736.27 717.05 697.83 678.61 659.39 640.16 620.94 601.72 582.5 563.28 544.05 524.83 516.78 519.91 523.03 526.16 529.28 532.41 535.53 538.66 541.78 544.91 548.04 551.16 554.29 557.41 574.93 592.45 609.97 627.49 645.01 662.53 680.05 697.57 715.09 732.61 750.13 767.65 785.17 802.69 820.21 837.73 855.24 872.76 890.28 907.8 925.32 942.84 960.36 977.88 995.4 1012.92 1030.44 1059.13 1087.83 1116.52 1145.21 1173.91 1202.6 1231.29 1259.99 1288.68 1317.37 1346.07 1374.76 1403.45 1432.15 1460.84 1489.53 1518.23 1546.92 1575.61 1604.31
