testDir/InputMaps/malcataHeight_350.grass
north: 40:14:17.01N
south: 40:12:39.7468N
east: 7:02:14.5154W
west: 7:04:21.43W
rows: 350
cols: 350
[rows 64 to 95 of 350, columns 72 to 143 of 350]
924.98 921.84 918.03 914.22 911.16 908.39 905.62 903.2 900.8 898.72 897.95 897.18 896.37 895.5 894.64 894.21 893.99 893.76 892.52 891.2 889.72 887.45 885.19 882.71 879.94 877.17 875.31 873.91 872.5 871.63 870.82 869.94 868.71 867.49 866.19 864.79 863.38 862.33 861.46 860.6 860.02 859.47 859.01 859.1 859.19 859.2 859.06 858.92 859.01 859.24 859.47 859.19 858.82 858.74 861.06 863.38 865.79 868.37 870.96 872.36 872.95 873.53 873.67 873.71 873.8 874.35 874.89 875.18 874.95 874.73 874.14 873.28
926.92 923.6 919.38 915.17 912.06 909.39 906.73 904.41 902.1 900.05 898.98 897.9 896.52 894.75 892.98 892.34 892.22 892.09 890.95 889.74 888.37 886.3 884.24 881.92 879.25 876.59 874.96 873.86 872.75 872.09 871.48 870.76 869.43 868.1 866.87 865.76 864.66 863.65 862.68 861.72 860.77 859.82 858.99 858.87 858.76 858.61 858.37 858.13 858.62 859.55 860.48 859.6 858.43 857.82 861.84 865.87 869.22 871.3 873.38 874.51 875 875.49 875.86 876.21 876.54 876.68 876.82 876.88 876.75 876.62 876.02 875.06
928.86 925.35 920.73 916.12 912.96 910.4 907.83 905.61 903.41 901.37 900 898.62 896.67 894 891.32 890.47 890.45 890.42 889.38 888.27 887.02 885.15 883.29 881.13 878.56 876 874.61 873.8 873 872.55 872.14 871.57 870.15 868.72 867.54 866.74 865.94 864.97 863.9 862.84 861.52 860.17 858.96 858.65 858.34 858.01 857.68 857.34 858.22 859.86 861.49 860.02 858.04 856.89 862.63 868.36 872.64 874.22 875.8 876.67 877.06 877.45 878.05 878.7 879.28 879.02 878.76 878.57 878.55 878.52 877.9 876.84
929.4 926.03 921.39 916.75 913.76 911.45 909.14 906.81 904.48 902.3 900.7 899.1 897.15 894.77 892.4 891.61 891.53 891.46 890.5 889.49 888.32 886.43 884.54 882.47 880.16 877.85 876.59 875.86 875.14 874.6 874.09 873.45 872.07 870.69 869.49 868.53 867.58 866.4 865.09 863.77 862.27 860.74 859.38 859.09 858.8 858.54 858.33 858.12 859.06 860.73 862.39 861.39 859.97 859.25 864.52 869.79 873.79 875.47 877.15 878.09 878.53 878.97 879.52 880.09 880.58 880.07 879.55 879.11 878.81 878.51 877.89 877.02
929.46 926.36 921.82 917.27 914.53 912.52 910.51 908 905.47 903.09 901.29 899.49 897.74 896.07 894.39 893.75 893.58 893.4 892.54 891.63 890.52 888.53 886.54 884.54 882.53 880.52 879.36 878.63 877.91 877.19 876.48 875.68 874.4 873.13 871.86 870.61 869.35 867.87 866.25 864.64 863.01 861.38 859.94 859.76 859.57 859.45 859.44 859.43 860.33 861.79 863.25 863.09 862.67 862.73 866.79 870.85 874.18 876.16 878.13 879.26 879.8 880.33 880.74 881.11 881.39 880.68 879.97 879.25 878.55 877.85 877.23 876.67
929.52 926.68 922.24 917.8 915.3 913.59 911.88 909.2 906.47 903.88 901.88 899.87 898.33 897.36 896.39 895.9 895.62 895.35 894.57 893.76 892.72 890.63 888.54 886.61 884.9 883.19 882.13 881.41 880.68 879.78 878.87 877.91 876.74 875.56 874.23 872.68 871.13 869.34 867.42 865.5 863.75 862.03 860.51 860.43 860.34 860.36 860.54 860.73 861.59 862.85 864.11 864.79 865.38 866.2 869.05 871.91 874.56 876.84 879.12 880.43 881.06 881.7 881.95 882.13 882.21 881.29 880.38 879.4 878.3 877.19 876.57 876.31
929.49 926.94 922.69 918.45 916.24 914.84 913.45 910.6 907.68 904.92 902.78 900.65 899.3 898.92 898.54 898.16 897.79 897.41 896.7 895.96 894.96 892.75 890.55 888.64 887.15 885.65 884.69 883.99 883.29 882.27 881.21 880.14 879.05 877.96 876.58 874.75 872.93 870.9 868.76 866.63 864.87 863.15 861.66 861.67 861.69 861.84 862.21 862.59 863.37 864.4 865.44 866.78 868.18 869.62 871.43 873.25 875.3 877.82 880.33 881.75 882.44 883.12 883.18 883.13 882.98 881.84 880.69 879.44 877.98 876.51 875.88 875.88
928.89 926.76 923.32 919.88 918.19 917.19 916.2 913.27 910.25 907.47 905.64 903.81 902.58 902.1 901.62 901.14 900.67 900.19 899.37 898.53 897.42 895.01 892.6 890.45 888.66 886.86 885.93 885.44 884.94 884.11 883.25 882.36 881.27 880.18 878.76 876.83 874.9 873.03 871.2 869.37 868.26 867.25 866.38 866.5 866.61 866.86 867.34 867.82 868.39 869.02 869.65 870.59 871.59 872.67 874.48 876.29 878.28 880.59 882.9 884.07 884.45 884.83 884.51 884.05 883.5 881.96 880.41 878.86 877.29 875.72 875.05 875.05
928.28 926.58 923.95 921.31 920.14 919.55 918.95 915.95 912.83 910.03 908.5 906.96 905.86 905.28 904.7 904.12 903.55 902.97 902.05 901.11 899.87 897.27 894.66 892.27 890.17 888.07 887.17 886.88 886.58 885.96 885.3 884.58 883.49 882.4 880.94 878.91 876.88 875.17 873.64 872.1 871.66 871.35 871.11 871.32 871.54 871.89 872.47 873.04 873.41 873.63 873.86 874.4 874.99 875.71 877.53 879.34 881.26 883.37 885.48 886.38 886.46 886.54 885.84 884.98 884.02 882.08 880.13 878.27 876.6 874.94 874.22 874.22
927.67 926.4 924.57 922.75 922.09 921.9 921.71 918.62 915.4 912.58 911.35 910.12 909.14 908.46 907.78 907.1 906.42 905.75 904.73 903.69 902.33 899.52 896.72 894.08 891.68 889.28 888.42 888.32 888.23 887.8 887.35 886.79 885.7 884.62 883.11 880.98 878.85 877.3 876.07 874.84 875.05 875.45 875.83 876.15 876.46 876.91 877.59 878.27 878.42 878.25 878.07 878.21 878.4 878.76 880.58 882.39 884.24 886.15 888.06 888.7 888.48 888.26 887.16 885.9 884.55 882.19 879.84 877.68 875.92 874.15 873.39 873.39
926.83 925.86 924.67 923.49 922.96 922.69 922.42 919.7 916.86 914.37 913.28 912.19 911.27 910.54 909.81 909.13 908.45 907.78 906.77 905.73 904.38 901.53 898.68 895.94 893.34 890.75 889.85 889.79 889.74 889.36 888.94 888.44 887.46 886.47 885.14 883.29 881.43 880.17 879.24 878.31 878.76 879.37 879.95 880.2 880.46 880.83 881.4 881.96 882.02 881.76 881.51 881.56 881.67 881.96 883.77 885.59 887.36 889.07 890.78 891.16 890.64 890.11 888.59 886.87 885.08 882.49 879.89 877.52 875.6 873.68 872.76 872.6
925.77 924.98 924.3 923.62 922.88 922.11 921.34 919.36 917.32 915.48 914.39 913.3 912.37 911.65 910.92 910.3 909.73 909.16 908.25 907.31 906.06 903.31 900.56 897.84 895.14 892.45 891.44 891.29 891.14 890.65 890.13 889.58 888.8 888.02 887.05 885.79 884.54 883.69 883.06 882.44 882.73 883.15 883.52 883.58 883.63 883.77 884.03 884.29 884.36 884.31 884.25 884.51 884.82 885.28 887.1 888.91 890.62 892.13 893.63 893.75 892.93 892.1 890.11 887.89 885.63 882.93 880.24 877.73 875.61 873.49 872.31 871.85
924.72 924.11 923.93 923.75 922.79 921.52 920.25 919.02 917.79 916.59 915.5 914.41 913.48 912.76 912.03 911.48 911.01 910.54 909.73 908.89 907.74 905.09 902.44 899.73 896.94 894.14 893.04 892.78 892.53 891.95 891.33 890.72 890.14 889.56 888.95 888.3 887.65 887.21 886.88 886.56 886.71 886.93 887.1 886.95 886.81 886.7 886.66 886.63 886.7 886.85 886.99 887.45 887.96 888.61 890.42 892.24 893.87 895.18 896.48 896.34 895.22 894.09 891.63 888.9 886.17 883.38 880.58 877.94 875.62 873.3 871.86 871.1
923.66 923.24 923.56 923.89 922.71 920.94 919.16 918.68 918.25 917.7 916.61 915.52 914.59 913.87 913.14 912.66 912.29 911.92 911.21 910.47 909.42 906.87 904.32 901.63 898.74 895.84 894.64 894.28 893.93 893.24 892.52 891.86 891.48 891.1 890.85 890.81 890.76 890.73 890.7 890.68 890.69 890.71 890.68 890.33 889.98 889.64 889.3 888.96 889.04 889.39 889.74 890.4 891.11 891.94 893.75 895.56 897.13 898.23 899.34 898.94 897.51 896.08 893.14 889.92 886.72 883.82 880.93 878.15 875.63 873.1 871.41 870.35
922.81 922.36 922.63 922.9 921.88 920.35 918.81 918.31 917.85 917.27 916.18 915.09 914.37 914.11 913.85 913.64 913.47 913.29 912.43 911.52 910.35 908 905.64 903.13 900.42 897.7 896.43 895.88 895.33 894.62 893.89 893.27 893.18 893.1 893.08 893.18 893.27 893.24 893.15 893.06 893.21 893.4 893.53 893.36 893.18 892.9 892.44 891.99 892.04 892.4 892.76 893.52 894.34 895.21 896.56 897.91 899.04 899.76 900.48 899.79 898.16 896.52 893.52 890.25 887.03 884.31 881.6 878.88 876.15 873.43 871.42 869.96
921.98 921.48 921.65 921.82 920.99 919.75 918.52 917.94 917.38 916.72 915.63 914.54 914.04 914.28 914.52 914.62 914.64 914.66 913.63 912.51 911.22 909.06 906.91 904.6 902.09 899.57 898.23 897.48 896.73 896 895.28 894.7 894.91 895.13 895.34 895.53 895.73 895.67 895.48 895.28 895.61 895.99 896.33 896.36 896.38 896.19 895.63 895.07 895.09 895.45 895.81 896.65 897.57 898.48 899.33 900.18 900.84 901.16 901.47 900.51 898.67 896.83 893.79 890.53 887.32 884.81 882.29 879.64 876.72 873.79 871.47 869.61
921.15 920.6 920.67 920.74 920.1 919.16 918.23 917.56 916.9 916.16 915.07 913.98 913.71 914.45 915.2 915.58 915.81 916.03 914.82 913.51 912.08 910.13 908.18 906.07 903.76 901.44 900.04 899.09 898.14 897.39 896.66 896.13 896.65 897.17 897.6 897.89 898.18 898.1 897.81 897.51 898 898.59 899.13 899.35 899.58 899.47 898.82 898.16 898.13 898.5 898.86 899.79 900.81 901.76 902.1 902.45 902.64 902.55 902.47 901.22 899.18 897.14 894.07 890.81 887.62 885.3 882.99 880.41 877.28 874.15 871.52 869.25
920.18 919.59 919.66 919.72 919.22 918.5 917.77 917.07 916.38 915.62 914.59 913.57 913.43 914.39 915.35 915.9 916.26 916.63 915.36 913.97 912.52 910.8 909.08 907.18 905.04 902.89 901.47 900.41 899.36 898.72 898.12 897.73 898.48 899.24 899.83 900.16 900.49 900.36 899.96 899.57 900.08 900.71 901.31 901.71 902.1 902.1 901.44 900.78 900.79 901.21 901.64 902.61 903.67 904.6 904.54 904.48 904.24 903.69 903.14 901.58 899.34 897.1 894.13 891.02 888 885.85 883.71 881.17 877.84 874.52 871.55 868.85
918.9 918.3 918.57 918.83 918.39 917.66 916.94 916.34 915.75 915.11 914.28 913.46 913.25 913.81 914.37 914.79 915.16 915.52 914.44 913.25 912.02 910.6 909.18 907.5 905.46 903.41 902.09 901.14 900.18 899.91 899.72 899.68 900.54 901.4 902.01 902.24 902.47 902.23 901.74 901.24 901.48 901.81 902.16 902.65 903.15 903.28 902.82 902.36 902.57 903.2 903.83 904.74 905.7 906.52 906.26 905.99 905.42 904.26 903.1 901.18 898.74 896.3 893.72 891.12 888.56 886.51 884.47 881.94 878.41 874.88 871.54 868.34
917.62 917.01 917.48 917.94 917.56 916.83 916.11 915.6 915.11 914.59 913.97 913.35 913.07 913.23 913.39 913.68 914.05 914.41 913.51 912.53 911.52 910.4 909.29 907.82 905.88 903.93 902.71 901.86 901 901.11 901.32 901.64 902.6 903.55 904.18 904.31 904.44 904.11 903.51 902.92 902.87 902.9 903 903.6 904.19 904.47 904.21 903.95 904.36 905.19 906.02 906.87 907.73 908.44 907.98 907.51 906.59 904.83 903.07 900.79 898.14 895.5 893.31 891.21 889.12 887.18 885.23 882.71 878.97 875.24 871.53 867.82
916.34 915.72 916.39 917.05 916.73 916 915.28 914.87 914.48 914.08 913.66 913.23 912.89 912.65 912.4 912.58 912.94 913.3 912.59 911.81 911.02 910.2 909.39 908.14 906.3 904.45 903.33 902.58 901.82 902.31 902.92 903.59 904.65 905.71 906.36 906.39 906.42 905.98 905.29 904.59 904.27 903.99 903.85 904.54 905.24 905.65 905.59 905.53 906.15 907.18 908.21 909 909.76 910.36 909.69 909.03 907.76 905.4 903.04 900.39 897.55 894.7 892.9 891.3 889.68 887.84 886 883.47 879.54 875.61 871.52 867.31
915.85 915.21 915.65 916.09 915.9 915.46 915.02 914.72 914.43 914.14 913.85 913.55 913.26 912.97 912.68 912.84 913.2 913.56 912.91 912.18 911.46 910.73 910.01 908.88 907.21 905.54 904.5 903.77 903.04 903.64 904.36 905.13 906.15 907.17 907.75 907.68 907.61 907.17 906.51 905.86 905.46 905.1 904.87 905.52 906.18 906.61 906.68 906.76 907.37 908.31 909.26 909.89 910.48 910.89 909.88 908.87 907.38 904.98 902.58 899.93 897.09 894.26 892.59 891.14 889.65 887.76 885.88 883.26 879.12 874.99 870.81 866.6
915.69 915.02 915.06 915.1 915.08 915.04 915 914.82 914.63 914.43 914.24 914.05 913.86 913.67 913.48 913.67 914.03 914.39 913.74 913.02 912.29 911.56 910.84 909.8 908.33 906.86 905.88 905.16 904.43 905.02 905.75 906.51 907.42 908.34 908.82 908.65 908.48 908.06 907.51 906.95 906.57 906.21 905.96 906.52 907.07 907.48 907.65 907.83 908.35 909.1 909.84 910.28 910.66 910.85 909.44 908.03 906.34 904.14 901.95 899.43 896.7 893.97 892.31 890.86 889.36 887.38 885.39 882.64 878.3 873.97 869.82 865.81
915.53 914.83 914.47 914.1 914.26 914.62 914.98 914.91 914.82 914.73 914.64 914.55 914.46 914.37 914.28 914.5 914.86 915.23 914.57 913.85 913.12 912.4 911.67 910.71 909.44 908.17 907.27 906.54 905.82 906.41 907.14 907.88 908.69 909.51 909.89 909.62 909.35 908.96 908.51 908.05 907.68 907.32 907.06 907.51 907.97 908.35 908.62 908.9 909.34 909.88 910.42 910.66 910.84 910.81 908.99 907.18 905.3 903.31 901.31 898.94 896.31 893.67 892.03 890.58 889.08 886.99 884.9 882.02 877.48 872.95 868.83 865.02
915.34 914.62 913.94 913.25 913.56 914.28 915 915 914.97 914.95 914.95 914.95 914.95 914.95 914.95 915.21 915.59 915.97 915.33 914.62 913.9 913.21 912.51 911.66 910.59 909.52 908.69 907.97 907.25 907.83 908.54 909.25 909.97 910.7 911 910.64 910.29 909.93 909.57 909.2 908.82 908.44 908.15 908.47 908.8 909.13 909.49 909.84 910.2 910.58 910.95 910.98 910.96 910.72 908.59 906.46 904.45 902.63 900.82 898.58 896.06 893.54 891.94 890.5 889 886.76 884.51 881.44 876.66 871.89 867.76 864.12
914.84 914.26 913.97 913.69 914.05 914.66 915.28 914.99 914.66 914.39 914.39 914.39 914.39 914.39 914.39 914.79 915.38 915.96 915.43 914.81 914.23 913.84 913.45 912.85 911.98 911.12 910.42 909.8 909.19 909.59 910.09 910.63 911.36 912.08 912.42 912.17 911.92 911.59 911.23 910.87 910.31 909.72 909.21 909.13 909.05 909.09 909.35 909.6 909.99 910.46 910.93 910.81 910.59 910.22 908.59 906.97 905.28 903.46 901.65 899.53 897.21 894.9 893.49 892.26 890.89 887.94 884.99 881.24 875.86 870.48 866.04 862.3
914.33 913.89 914.01 914.13 914.53 915.04 915.56 914.98 914.34 913.84 913.84 913.84 913.84 913.84 913.84 914.38 915.16 915.95 915.52 915 914.56 914.47 914.38 914.04 913.38 912.71 912.15 911.63 911.12 911.35 911.65 912.02 912.74 913.47 913.85 913.69 913.54 913.26 912.89 912.53 911.79 911.01 910.26 909.78 909.3 909.06 909.21 909.36 909.77 910.35 910.92 910.64 910.21 909.72 908.6 907.47 906.11 904.29 902.48 900.49 898.37 896.25 895.04 894.01 892.77 889.11 885.46 881.04 875.06 869.08 864.32 860.48
913.83 913.53 914.05 914.57 915.01 915.43 915.84 914.96 914.03 913.28 913.28 913.28 913.28 913.28 913.28 913.96 914.95 915.93 915.61 915.2 914.9 915.1 915.31 915.24 914.77 914.31 913.88 913.46 913.05 913.1 913.21 913.4 914.13 914.86 915.27 915.22 915.17 914.92 914.56 914.19 913.28 912.29 911.32 910.44 909.55 909.02 909.07 909.12 909.56 910.23 910.91 910.46 909.84 909.22 908.6 907.98 906.94 905.13 903.31 901.44 899.52 897.6 896.6 895.77 894.65 890.29 885.93 880.85 874.26 867.68 862.6 858.66
913.58 913.27 913.85 914.43 914.78 915.05 915.31 914.42 913.48 912.74 912.79 912.84 912.84 912.79 912.74 913.41 914.4 915.39 915.16 914.85 914.68 915.19 915.7 915.87 915.55 915.24 914.93 914.61 914.3 914.27 914.27 914.37 914.99 915.62 916.04 916.14 916.24 916.01 915.59 915.18 914.17 913.08 912.01 911.02 910.03 909.39 909.34 909.29 909.63 910.21 910.78 910.28 909.6 908.97 908.65 908.34 907.5 905.69 903.87 902 900.09 898.17 897.17 896.35 895.21 890.59 885.97 880.56 873.52 866.48 861.26 857.42
913.58 913.13 913.41 913.68 913.81 913.87 913.93 913.32 912.69 912.2 912.35 912.5 912.52 912.37 912.22 912.72 913.51 914.3 914.15 913.94 913.91 914.72 915.53 915.91 915.7 915.48 915.27 915.06 914.85 914.83 914.83 914.89 915.32 915.74 916.12 916.42 916.72 916.5 915.98 915.47 914.45 913.36 912.31 911.52 910.73 910.18 910.03 909.88 910 910.27 910.55 910.09 909.51 908.98 908.76 908.55 907.78 905.96 904.15 902.16 900.04 897.93 896.73 895.7 894.4 889.98 885.56 880.19 872.84 865.5 860.33 856.78
913.58 912.99 912.96 912.94 912.83 912.69 912.56 912.23 911.89 911.67 911.92 912.17 912.2 911.95 911.7 912.02 912.61 913.2 913.14 913.02 913.13 914.24 915.36 915.95 915.84 915.73 915.62 915.5 915.39 915.38 915.38 915.41 915.64 915.86 916.2 916.7 917.2 916.99 916.37 915.76 914.73 913.64 912.61 912.03 911.44 910.98 910.73 910.48 910.36 910.34 910.31 909.9 909.42 908.99 908.88 908.76 908.05 906.24 904.43 902.31 900 897.68 896.28 895.06 893.58 889.36 885.15 879.81 872.17 864.52 859.39 856.15
913.58 912.85 912.52 912.19 911.86 911.52 911.18 911.13 911.09 911.14 911.49 911.84 911.88 911.53 911.17 911.33 911.72 912.11 912.12 912.11 912.35 913.77 915.18 915.99 915.98 915.97 915.96 915.95 915.94 915.93 915.93 915.94 915.96 915.99 916.28 916.98 917.68 917.48 916.76 916.05 915 913.91 912.92 912.53 912.14 911.77 911.42 911.07 910.73 910.41 910.08 909.71 909.33 909 908.99 908.97 908.33 906.52 904.7 902.47 899.96 897.44 895.84 894.41 892.77 888.75 884.74 879.44 871.49 863.54 858.45 855.52
