testDir/InputMaps/malcataSlope_350.grass
north: 40:14:17.01N
south: 40:12:39.7468N
east: 7:02:14.5154W
west: 7:04:21.43W
rows: 350
cols: 350
[rows 140 to 174 of 350, columns 0 to 77 of 350]
0 0 39 35.13 33.86 34.02 33.97 37.21 45.89 56.15 66.25 76.05 81.78 82.8 80.85 77.47 71.41 59.14 49.59 44.91 42.17 42.54 43.58 43.98 43.91 43.72 42.31 37.72 31.93 29.58 29.63 33.12 36.74 36.59 34.94 33.59 33.43 33.85 34 32.96 31.54 31.04 31.61 32.26 32.69 35.13 37.22 36 32.58 32.02 33.62 33.26 33.42 36.74 42.26 47.36 57.56 67.6 68.52 60.88 49.84 40.39 31.99 25.96 19.86 14.67 12.74 13.64 15.09 14.14 13.42 13.62 9.7 8.89 13.56 12.35 10.51 9.31
0 0 42.58 38.39 35.22 34.02 31.58 32.91 42.25 53.51 64.29 74.54 81.44 82.83 80.8 76.22 68.34 57.4 50.01 45.92 42.79 42.32 43.21 43.81 43.91 44.24 45.52 44.14 36.89 30.49 28.71 33.32 38.52 38.71 36.54 34.69 34.71 35.72 36.3 35.61 34.78 34.55 34.17 33.65 33.79 35.09 36.08 35.94 36.45 38.34 38.01 34.96 34.1 38.55 45.64 50.85 60.99 70.84 70.29 58.62 46.31 36.63 28.75 22.78 17.53 13.79 12.18 12.44 13.1 12.47 13.91 15.76 9.97 11.91 19.41 15.21 9.46 7.08
0 0 46.51 43.29 39.39 37.71 34.08 32.64 36.79 42.66 50.68 59.64 65.82 67.16 65.2 60.54 52.69 44.07 40.09 38.63 36.56 35.67 36 36.04 35.04 35.16 41.25 46.01 39.72 30.63 26 30.62 37.35 38.32 35.67 33.26 33.96 36.36 38.14 38.13 38.02 38.22 37.13 35.47 35.14 36.27 37.64 39.15 43.34 47.71 46.59 42.7 42.65 47.64 53.28 55.42 60.91 65.55 59.12 40.54 30.27 25.85 22.55 20.11 17.67 15.44 13.65 12.58 11.74 10.53 12.46 14.59 5.83 14.62 25.44 20.82 15.38 14.79
0 0 48.93 46.82 43.06 41.59 38.1 33.91 31.97 32.58 38.6 45.91 49.98 51.14 49.35 45.14 38.04 31.73 30.51 31.1 30.15 29.14 28.99 28.94 27.57 27.91 37.47 45.31 41.2 33.23 28.57 33.52 40.62 42.32 38.62 34.63 35.43 39.18 42.27 42.33 41.66 41.29 39.29 36.54 35.66 38.47 42.32 45.44 51.43 56.55 55.11 51.34 52.44 56.82 58.87 57.14 56.53 54.73 45.01 23.68 14.84 15.98 17.43 18.75 18.86 17.54 15.39 13.11 10.69 8.03 8.14 11.3 11.58 22.97 31.84 27.64 24.2 26.28
0 0 49.82 47.43 42.89 41.04 38.16 34.13 31.79 32.82 41.12 48.06 49.82 50.87 49.24 45.68 39.34 33.3 31.09 30.91 29.99 28.97 28.87 29.74 29.56 29.94 38.45 45.31 43.04 38.39 35.44 39.1 44.47 45.7 39.73 33.65 34.9 40.32 44.58 44.03 42.26 41.38 38.94 35.65 34.7 40.2 46.64 49.64 55.58 60.62 58.84 54.43 55.08 57.86 57.65 55.17 51.83 46.44 37.15 21.04 14.58 15.93 17.62 19.08 18.87 17.45 15.33 12.7 9.59 6.01 2.63 6.18 12.46 25.22 32.98 29.25 25.91 27.78
0 0 52.3 49.63 44.57 42.79 41.17 38.39 36.79 37.96 46.5 50.48 47.31 47.31 45.88 44.05 40.34 34.99 31.4 29.82 27.96 26.2 25.76 27.77 29.42 30.36 38.42 44.46 43.66 42.32 41.57 44.38 48.07 48.74 40.78 33.1 34.9 41.68 46.79 45.59 42.85 41.61 38.9 35.31 34.48 42.48 51.29 54 59.43 63.81 61.09 55.17 54.34 54.69 52.42 49.9 45.24 38.18 30.2 19.17 14.82 15.73 16.88 17.62 16.41 15.1 13.7 11.55 8.53 5.09 3.23 7.69 16.24 28.09 34.61 31.16 27.32 27.79
0 0 57.79 54.91 49.84 49.01 49.57 49.51 50.27 50.89 53.21 49.6 39.5 37.54 36.33 37.41 38.13 35.2 31.32 27.94 23.7 19.84 18.64 22.56 26.79 29.31 38.77 45.4 45.76 46.53 47.28 49 50.61 50.36 41.77 34.15 36.57 43.53 48.38 46.66 43.61 42.44 39.83 36.48 36.2 45.87 56.09 58.15 62.07 64.73 60.23 51.69 48.07 45.26 41.2 39.57 35.24 29.48 24.72 18.1 15 14.59 13.96 12.68 9.71 8.76 9.06 8.8 7.46 6.29 9.54 14.76 22.39 32.24 37.43 33.39 27.42 24.56
0 0 61.66 58.41 52.93 52.68 54.68 56.43 58.75 58.84 54.96 45.71 34.03 31.96 30.97 33.55 36.25 35.55 33.21 29.94 24.07 18.45 17.2 22.13 27.07 30.72 42.47 50.93 51.38 51.3 51.42 51.36 50.7 49.6 42.28 36.27 38.79 44.67 48.38 46.75 44.33 43.58 41.11 38.03 38.17 48.69 59.52 60.88 62.96 63.92 58.51 48.68 43.72 39.71 35.07 34 29.45 24.49 21.83 17.47 14.94 13.55 11.42 8.51 5.2 4.76 5.89 7.83 9.46 10.08 15.58 21.62 27.91 35.65 39.61 34.18 25.9 20.7
0 0 62.42 58.6 52.05 51.69 54.09 56.3 58.76 58.51 52.61 42.76 34.15 32.89 31.89 34.03 36.25 36.79 36.84 34.98 28.03 20.86 19.39 23.83 28.24 32.64 46.73 56.73 55.79 53.39 52.52 51.13 48.82 47.49 42.39 38.4 40.43 44.73 47.29 46.24 44.91 44.65 42.15 39.03 39.16 50.27 61.66 62.56 63.06 62.87 57.47 47.68 42.75 39.12 34.96 34 28.69 23.25 20.67 16.91 14.77 13.29 10.91 7.68 5.05 4.58 5.47 8.7 12.8 13.99 20.98 27.77 32.42 37.82 40.54 33.55 24.11 18.76
0 0 59.98 57.52 50.87 48.83 49.08 50.11 52.02 52.04 48.18 42.03 37.78 37.22 35.99 37.05 37.79 38.37 40.33 40.01 32.72 24.39 22.34 26.05 29.91 35.09 50.91 61.93 59.89 55.84 54.52 52.42 49.3 48.33 45.17 42.59 43.76 46.33 47.75 46.99 46.16 45.78 42.62 38.58 37.77 48.58 59.59 59.21 58.39 57.8 52.12 41.08 35.25 31.4 26.71 25.32 17.86 10.59 9.36 5.19 3.04 2.82 2.6 2.55 1.91 1.24 0.65 7.94 15.65 18.03 26.25 33.17 35.35 37.71 38.91 30.17 20.52 17.67
0 0 54.74 55.01 49.99 45.94 42.9 41.99 43.17 43.66 43.3 42.21 42.1 42.61 41.24 41.63 41.08 40.79 43.25 43.81 37.76 30.11 27.97 30.6 33.6 39.15 54.51 64.93 62.59 58.6 57.65 55.43 52.44 52.46 50.01 47.13 47.17 48.44 49.14 48.21 46.94 45.82 41.56 36.19 34.28 44.24 54.67 54.58 55.43 56.06 49.37 36.47 30.72 29.07 27.16 28.14 24.99 21.03 18.95 15.49 12.85 10.96 9.83 9.41 8.6 8.07 7.89 11.91 19.76 22.14 29.78 35.8 36.16 36.52 36.7 26.91 17.05 17.2
0 0 50.39 52.54 49.97 46.08 41.71 40.03 41.17 41.65 42.13 42.28 43.42 44.72 43.6 44.7 44.59 43.91 45.8 46.26 42.35 37.28 35.63 36.16 37.25 42.43 56.26 65.52 63.87 61.27 60.96 58.33 54.96 55.11 51.65 47.6 47.32 48.27 48.8 47.6 45.77 44.21 39.35 33.24 30.89 39.63 49.08 50.08 54.34 57.3 49.18 33.84 27.62 27.51 27.41 29.47 29.11 26.67 24.11 20.19 16.98 14.5 12.52 11.39 10.32 9.78 9.7 13.65 21.71 23.87 30.83 36.25 36.25 36.25 36.25 26.82 16.99 17.45
0 0 45.49 48.93 48.77 46.13 41.23 39.1 40.22 40.27 40.47 40.39 41.85 43.96 43.25 45.73 46.87 46.17 47.47 47.69 46.16 44.29 43.39 41.78 40.84 45.45 57.51 65.48 64.73 63.73 64 60.62 56.25 55.81 50.68 45.42 45.34 46.53 47.28 45.95 43.64 41.82 36.78 30.61 28.38 35.54 43.33 45.04 52.54 57.96 48.61 30.96 24.01 24.58 25.16 27.3 28.56 27.75 25.64 21.93 18.78 16.24 13.8 12.27 11.08 10.52 10.42 14.52 22.92 24.89 31.25 36.17 36.11 36.05 35.99 27.2 17.49 17.47
0 0 32.9 37.15 39.6 39.76 35.5 32.77 32.7 30.81 29.47 27.88 29.97 34.18 34.56 40.15 43.99 44.55 46.39 47.08 47.99 49.3 49.64 47.32 45.7 49.82 59.26 65.07 64.78 65 65.41 60.02 52.81 50.45 43.72 37.9 38.89 41.47 43.54 42.49 39.55 37.43 33.64 30.1 30.69 35.9 39.41 39.9 47.95 54.66 46.67 31.57 25.88 25.62 25.04 25.45 26.56 28.04 28.94 28.12 26.8 25.14 22.45 19.37 16.73 15.49 15.27 18.24 25.29 26.46 31.56 35.53 35.05 34.62 34.24 25.8 15.41 14.39
0 0 21.75 26.63 31.32 33.87 30.56 27.34 25.97 22.73 20.88 18.61 23.55 30.81 32.6 39.99 45.02 46.32 48.6 49.74 51.26 52.97 53.32 51.72 50.99 54.26 60.17 63.12 63.26 64.76 65.52 57.63 47.26 44.22 40.17 36.64 37.7 40.91 43.56 41.52 36.57 33.6 32.71 33.39 36.71 39.09 37.13 35.07 39.51 44.93 41.68 34.07 30.24 28.34 26.16 24.91 24.48 26.73 30.62 32.89 33.42 32.68 30.07 25.9 21.77 19.72 19.4 21.44 26.79 27.09 30.88 33.88 33.03 32.33 31.79 24.5 14.98 13.31
0 0 18.39 24.08 29.86 33.2 30.52 27.34 25.55 22.93 22.31 20.6 26.59 34.18 35.87 42.71 47.37 48.66 50.94 52.07 53.09 54.22 54.59 54.68 55.41 57.36 59.5 59.82 60.84 64.01 65.51 55.34 42.13 38.62 38.62 38.98 40.2 43.96 46.97 43.36 35.66 31.43 33.95 38.81 42.36 38.94 31.71 28.11 28.86 32.23 33.53 32.49 30.96 29.04 26.83 25.58 23.61 25.06 29.37 32.42 33.42 32.97 30.98 27.26 22.43 19.75 19.4 21.18 25.95 26.09 29.26 31.74 30.83 30.07 29.49 23.84 16.56 15.33
0 0 19.73 23.91 28.98 32.55 30.31 25.98 21.74 18.52 19.45 18.85 27.58 36.65 38.92 45.57 50.01 51.42 53.6 54.63 54.96 55.16 55.2 56.21 57.42 57.4 56.18 54.89 57.25 62.05 64.18 52.2 37.16 34.03 37.6 41.2 42.41 46.1 48.75 43.38 33.23 28.37 34.09 42.09 44.68 34.31 22.97 20.31 19.63 21.01 23.89 26.27 26.79 25.45 23.89 23.57 20.71 21.57 25.19 28.31 30.22 31.1 31.28 29.82 25.61 22.67 21.8 22.24 25.08 24.21 26.5 28.58 27.6 26.8 26.29 22.38 17.07 15.64
0 0 25.19 25.99 28.84 31.94 30.25 24.39 16.53 14.42 19.39 21.88 33.04 43.22 46.27 51.86 55.27 56.1 57.16 57.26 56.11 54.58 53.66 54.41 55.28 54.52 52.98 51.97 55 60.37 62.72 50.57 35.51 32.89 38.07 43.01 43.79 45.99 47.39 41.89 31.83 27.21 34.22 43.14 44.69 29.45 14.69 14.61 14.77 14.95 16.29 18.86 20.33 19.12 17.88 18.78 15.97 16.41 18.44 21.02 24.06 27.03 30.23 32.09 30.38 28.06 26.27 24.36 23.62 20.75 22.2 24.44 23.49 22.79 22.92 21.7 19.47 18.62
0 0 27.84 27.16 28.81 31.36 30.99 26.84 20.28 20.57 25.72 29.03 40.09 50.09 52.88 56.59 58.54 58.52 58.18 57.33 54.76 51.58 49.89 49.91 50.33 50.63 52.02 52.83 55.31 59.84 61.89 51.21 37.77 35.28 39.92 44.36 44.36 43.95 43.56 39.78 32.66 29.15 35.2 43.06 44.38 29.33 14.65 14.53 14.51 14.58 15.45 16.89 17.55 15.52 13.61 14.85 13.26 14.23 15.48 17.52 20.78 24.57 28.93 32.25 32.35 30.69 28.49 25.13 21.55 17.1 17.93 20.69 19.62 18.79 19.43 20.73 21.24 21.31
0 0 27.94 27.29 28.65 30.81 32.26 32.47 29.43 29.08 31.84 34.48 44.91 54.37 56.31 57.93 58.54 57.93 56.55 55.24 51.75 47.42 45.37 44.69 44.48 45.89 50.8 54 55.82 59.18 60.72 51.93 40.83 38.74 42.2 45.53 44.66 41.33 38.87 36.99 33.38 31.49 36.16 42.27 43.24 29.36 15.81 15.7 15.68 15.75 15.71 15.4 15.2 12.79 10.68 12.34 12.6 14.42 15.66 17.54 20.56 24.05 28.06 31.35 32.17 31.01 28.88 25.13 20.19 14.84 14.34 17.31 15.85 14.46 15.13 18.21 20.71 21.31
0 0 14.8 14.36 16.19 17.91 22.78 32.12 36.05 37.68 40.23 43.3 52.55 60.47 61.14 60.66 60.09 58.9 56.5 54.67 50.41 45.16 42.68 41.03 39.68 41.32 48.71 53.88 55.47 58.27 59.55 52.64 43.89 42.18 44.02 45.74 44.09 38.58 34.83 34.7 34.05 33.6 36.94 41.51 42.69 31.51 21.16 20.78 20.4 20.05 19.15 18.07 18.15 17.08 16.49 17.89 18.41 18.79 18.47 18.86 20.27 22.09 25.29 29.13 31.58 32.07 31.14 28.7 24.92 20.8 19.84 23.04 22.39 20.37 18.3 17.57 17.37 16.22
0 0 5.34 7.27 12.33 15.86 24.63 38.81 45.39 47.38 49.73 52.79 59.84 65.19 64.67 62.99 61.88 60.14 56.8 54.49 49.75 44.04 41.35 38.9 36.52 37.77 45.85 51.69 53.51 56.86 58.38 53.36 46.94 45.58 44.96 44.32 42.47 36.34 32.28 33.04 33.98 34.58 37.08 40.72 42.89 36.2 30.24 30.21 30.17 30.14 29.53 28.48 28.07 26.84 25.75 25.67 24.87 23.28 21.23 20.04 19.88 20.22 22.54 26.81 30.78 32.92 33.28 32.39 30.37 27.87 28.8 35.23 38.03 39.27 40.11 39.48 35.12 28.12
0 0 6.63 8.85 14.48 18.4 27.91 43.26 50.22 52.02 54.17 56.88 61.98 65.52 64.91 63.15 62.01 59.71 55.44 52.73 47.61 41.47 38.55 35.45 32.38 33.53 42.05 48.26 50.71 55.19 57.21 54.08 50 48.95 45.43 42.03 40.18 34.03 29.99 31.11 32.7 33.62 34.91 37.1 39.29 35.07 30.91 30.91 30.91 30.91 30.33 29.28 28.82 27.55 26.39 26.21 25.37 23.51 21.31 20 19.86 20.25 22.36 26.41 30.35 32.84 33.42 32.91 31.27 28.58 29.98 38.38 40.7 41.21 41.92 40.68 35.59 27.99
0 0 8.05 10.63 17 21.52 31.84 48.37 55.94 57.39 58.62 60.23 62.83 64.38 63.51 61.58 60.32 57.38 52.2 49.22 43.99 37.85 35.27 32.2 29.1 30.37 38.95 45.16 47.87 53.06 55.41 54.21 52.57 51.85 45.45 39.42 37.82 32.16 28.59 30.14 32.31 33.54 33.8 34.63 36.42 33.81 30.8 30.66 30.68 31.08 31.14 30.56 30.24 29.01 27.8 27.45 26.72 25.25 23.52 22.43 22.43 22.93 24.91 28.32 31.06 33.15 33.64 33.29 32 28.88 30.3 40.27 41.22 40.34 40.82 39.57 36.24 31.11
0 0 10.46 13.85 21.56 27.45 38.91 56.59 65.25 65.12 62.71 61.3 60.91 60.53 59.05 56.93 55.57 51.94 45.91 42.97 38.2 32.95 31.79 30.19 28.83 31.24 39.3 44.78 46.61 50.43 51.89 52.36 53.17 52.9 44.21 36.51 36.3 33.01 31.05 32.82 35.25 36.73 36.65 36.32 36.58 33.66 30.58 29.93 29.74 31.3 33.51 34.52 34.7 33.58 32.17 31.3 30.61 30.31 30.21 30.14 30.4 30.73 31.82 33.37 33.66 34.43 34.34 33.87 32.89 29.24 29.71 40.06 38.96 36.48 37.08 37.02 38.24 39.37
0 0 13.71 17.77 26.86 33.92 46.3 64.94 74.33 70.53 62.73 58.6 57.05 56.33 54.75 53.26 52.36 48.46 42.11 39.24 35.29 31.09 30.81 30.44 30.63 33.98 41.29 45.9 46.28 47.01 46.46 48.26 51.34 51.54 41.27 32.85 34.52 34.25 33.94 35.57 37.9 39.42 39.62 38.99 38.07 34.32 30.82 29.57 28.41 30.54 34.56 37.07 37.77 36.75 35.23 34 33.19 33.62 34.66 35.38 35.82 35.96 36.33 36.56 35.39 35.45 34.99 34.55 33.91 29.81 28.93 39.33 37.5 34.76 35.56 35.88 39.11 44.08
0 0 17.11 21.4 31.51 39.05 51.74 71.03 80.5 71.77 59 54.05 53.17 53.21 51.9 51.45 51.26 47.36 41.02 38.15 35.11 31.97 31.87 31.97 32.52 35.41 41.31 44.86 43.72 41.59 39.56 43.12 48.55 49.11 37.16 27.53 30.25 32.15 33.12 34.76 37.07 38.59 39.44 39.63 38.91 35.11 31.54 29.79 27.29 29.23 33.59 36.71 37.77 36.88 35.44 34.22 33.19 33.54 34.62 35.41 35.82 35.96 36.33 36.56 35.37 35.68 35.35 35.24 35.05 30.62 28.57 39.33 38.09 36.35 37.4 37.05 39.02 43.64
0 0 21.49 26.34 37.38 45.4 57.53 75.68 83.51 69.22 52.29 48.36 49.4 50.8 49.95 49.62 49 44.79 38.59 35.87 33.83 31.83 31.98 32.48 33.27 35.52 39.73 41.91 39.25 34.81 32.14 37.74 45.46 46.97 35.78 26.36 27.48 28.79 30.06 31.99 34.7 36.75 38.84 40.57 40.88 38.09 35.46 33.97 30.55 30.27 31.76 33.57 34.51 33.75 32.6 31.77 30.69 30.78 31.45 31.85 31.82 31.32 30.4 28.77 26.02 26.72 27.31 29.05 32.08 31.36 32.25 43.04 42.47 41.31 41.66 40.32 41.41 46.32
0 0 26.68 31.94 43.53 51.85 62.14 76.89 82.13 64.93 46.29 44.14 47.15 49.77 49.05 46.99 44.33 40.3 35.53 33.56 32.81 32.2 32.55 33.17 33.95 35.33 37.22 37.67 33.92 28.05 25.53 32.64 41.9 45.21 38.77 30.72 27.94 25.9 25.88 28.11 31.18 33.94 37.42 40.82 42.55 41.49 40.44 39.89 36.21 32.48 29.97 29.61 30.06 29.37 28.53 28.22 27.2 26.95 27.05 26.85 26.19 24.72 21.8 17.39 13.14 15.08 16.79 19.19 24.96 30.78 38.26 48.91 48.66 47.07 45.91 44.06 45.15 50.71
0 0 30.44 35.88 48.02 56.61 64.69 75.64 79.01 62.76 45.42 43.86 47 49.6 48.14 43.25 38.19 35.23 33.01 32.18 32.86 33.92 34.49 35.07 35.8 36.25 35.49 34.06 29.55 22.48 19.75 27.05 36.47 40.88 39.94 35.42 31.06 25.53 23.43 25.61 28.54 31.47 35.57 39.68 41.93 41.76 41.46 41.49 38.41 33.81 30.2 28.86 28.82 28.14 27.38 27.21 26.21 25.87 25.8 25.39 24.5 22.69 19.16 13.97 10.54 12.28 13.66 13.84 20.34 30.1 41.45 51.19 50.74 48.47 46.6 45.65 47.67 53.41
0 0 33.15 38.67 51.46 60.37 66.21 73.51 75.41 61.05 45.74 44.4 47.1 49.3 46.88 39.16 32.06 30.33 30.74 31.02 33.07 35.75 36.49 36.92 37.44 36.83 33.35 30.16 25.13 17.12 14.41 21.69 30.8 35.89 40.13 40.48 35.61 27 23 24.88 27.35 30.13 34.31 38.53 40.76 40.9 40.8 41.02 38.87 34.79 31.07 28.98 28.43 27.7 26.93 26.81 25.83 25.45 25.32 24.88 23.98 22.34 19.78 16.01 12.95 12.74 13.48 12.94 21.69 31.57 43.25 51.46 50.68 47.78 45.66 46.08 49.5 55.08
0 0 33.92 39.02 52.63 61.79 65.07 68.93 69.82 57.31 43.54 42.38 44.86 46.92 43.89 34.41 27.14 27.08 29.19 29.98 32.43 35.63 36.08 36.02 36.03 34.42 29.39 26.44 23.33 18.44 18.36 23.65 30.86 36.09 43.72 49.09 46.37 39.03 34.6 33.98 34.15 35.25 37.86 40.65 41.5 40.52 39.14 38.19 36.18 33.03 29.43 26.4 25 23.7 22.78 23.09 22.36 21.63 20.99 20.39 19.84 19.44 20.18 20.75 20.13 20.13 20.98 21.31 28.15 32.79 41.28 48.26 47.29 43.84 41.8 43.34 47.05 50.48
0 0 37.14 42.05 56.47 65.93 66.23 66.12 65.76 55.24 43.34 42.24 44.19 45.88 42.37 31.66 24.65 25.65 27.99 28.55 30.15 32.49 32.96 33.59 34.85 35.14 32.84 32.03 30.87 28.11 27.22 29.17 33.54 38.06 46.37 54.55 55.39 51.54 46.97 43.75 41.5 40.82 41.96 43.45 43.01 40.98 38.48 36.51 34.56 32.25 28.67 24.68 22.5 20.38 18.96 19.58 19.28 18.27 17.16 16.39 16.17 16.74 19.48 23.15 25.84 27.58 28.81 28.78 31.9 32.41 39.23 46.43 45.06 40.77 38.64 40.82 44.47 46.22
0 0 39.44 45.03 61.22 71.78 69.56 65.38 63.44 54.9 45.31 44.45 45.82 47 43.09 31.31 23.71 24.36 26.08 26.34 26.91 28.01 28.28 29.01 30.46 31.36 30.38 30.4 29.87 27.91 27.22 28.48 31.84 36.29 44.26 52.41 54.02 52 48.33 44.73 41.77 40.82 42.14 43.98 43.64 41.92 39.72 37.92 36.47 34.63 30.68 25.82 23.25 20.54 18.6 19.19 19.28 18.39 17.26 16.41 16.17 16.65 18.76 22.06 25.12 27.22 28.54 28.79 31.37 31.99 39.94 48.29 46.38 41.15 38.64 41.07 45.14 47.01
0 0 41.72 47.89 65.52 76.88 72.19 64.16 60.8 53.72 45.58 44.47 45.22 45.92 41.37 28.11 19.76 21 22.64 22.99 23.08 23.59 24.32 25.73 27.67 29.18 29.26 29.51 28.9 27.5 27.62 28.97 31.73 35.67 42.57 50.25 52.31 52.08 49.98 46.65 43.3 41.98 43.24 45.38 45.32 44.19 42.71 41.48 40.78 39.4 35.03 29.39 26.5 23.38 20.97 21.06 21.21 20.97 20.61 20.06 19.48 19.37 20.72 23.48 26.09 27.09 26.61 25.25 27.26 28.06 37.22 46.15 42.82 36.12 33.68 37.31 41.95 43.58
