testDir/InputMaps/malcataAspect_200.grass
north: 40:14:17.01N
south: 40:12:39.7468N
east: 7:02:14.5154W
west: 7:04:21.43W
rows: 200
cols: 200
[rows 33 to 65 of 200, columns 0 to 73 of 200]
0 0 228.95 209.38 205 195.38 180.57 169.83 147.5 54.37 36.27 23.84 14.65 4.07 349.52 342.17 342.13 347.56 359.03 16.71 35.29 44.6 48.58 49.85 43.82 43.17 55.84 46.62 29.05 19.81 1.88 358.52 2.75 7.45 9.91 14.34 22.9 32.82 37.98 35.73 25.67 7.82 356.27 349.23 342.64 338.61 337.63 342.67 350.88 358.93 5.81 11.02 12.22 13.71 11.04 6.53 358.76 339.96 316.86 308 299.46 289.57 281.56 280.83 284.01 281.99 281.98 288.64 318.73 343.35 5.49 28.51 37.04 174.44
0 0 252.41 213.12 196.4 182.38 170.14 171.46 187.4 345.85 16.3 17.28 11.91 1.63 354.05 353.47 4.64 29.32 41.46 47.14 51.73 48.78 44.59 42.57 37.33 37.45 43.07 27.3 9.58 355.81 341.67 336.54 333.3 335.29 343.14 348.18 358.15 23.98 39.96 38.24 30.01 17.08 3.72 350.97 339.74 331.42 320.63 310.03 311.78 337.74 2.05 8.39 2.49 352.48 348.2 345.01 335.26 321.4 311.46 309.09 309.94 306.01 291.8 284.84 287.69 279.92 273.31 282.69 321.86 350.87 30.8 56.53 70.24 125.25
0 0 238.92 214.76 197.89 188.92 183.58 192.88 228 250.5 6.44 22.88 21.44 15.18 11.07 13.76 37.63 63.74 54.34 50.7 52.13 44.91 39.08 38.81 37.82 38.71 37.73 23.02 9.6 359.1 346.73 337.29 327.03 321.33 328.21 331.98 338.65 36.81 58.12 46.43 35.09 22.6 10.54 358.83 348.93 341.25 327.3 302.3 292.07 301.23 331.45 347.73 348.03 341.98 339.65 337.96 331.67 322.92 317.47 318.83 323.94 325.04 311.61 295.33 290.96 274.31 262.36 275.25 319.37 1.35 67.29 86.25 95.17 122.61
0 0 222.68 221.09 213.76 213.12 217.73 231.79 235.43 217.13 151.65 51.29 44.62 40.49 39.14 44.01 63 71.28 44.02 38.36 41.89 37.3 36.84 42.97 47.82 47.87 42.04 31.86 24.31 18.39 10.08 1.05 349.2 331.97 327.09 326.84 337.13 123.47 95.09 61.94 42.19 27.75 17.76 11.79 10.41 11.19 15.36 10.94 323.07 293.67 291.74 311.74 328.87 336.41 341.2 343.02 343.95 349.47 0.34 4.05 4.46 10.26 18.94 19.35 355.85 290.93 263.17 275.86 283.78 33.84 60.54 143.82 135.5 130.46
0 0 216.29 228.65 227.78 226.58 227.85 230.29 223.26 208.74 182.78 95.53 54.8 44.52 43.29 51.31 59.16 51.33 29.64 28.84 33.21 31.4 33.85 41.73 51.81 50.88 40.16 32.71 28.92 24.48 19.96 16.55 10.55 356.84 341.85 331.17 155.71 145.09 125.01 76.58 41.64 25.38 17.68 16.88 22.36 26.66 33.71 29.83 356.91 319.77 290.26 311.39 333.17 344.81 352.82 359.19 12.52 37.53 48.89 41.07 39.18 45.51 49.97 47.03 34.1 16.58 305.24 297.95 208.12 146.42 44.75 155.13 156.03 139.45
0 0 217.32 223.97 220.28 212.98 211.44 214.49 214.96 210.69 199.82 193.61 8.04 11.38 19.56 32.24 32.03 21.44 18.16 23.4 25.84 24.09 22.04 16.88 21.82 33.56 26.89 25.32 25.01 22.21 22.23 27.24 28.21 25.8 22.78 43.91 140.73 152.56 155.79 70.61 13.54 10.87 10.16 14.57 24.23 25.56 25.7 22.01 18.07 32.99 66.31 50.7 35.43 29.5 29.18 38.89 57.99 69.6 67.68 58.25 55.89 55.94 48.58 37.49 27.44 31.62 64.17 71.89 133.8 135.61 76.14 128.08 156.11 152.84
0 0 214.89 210.95 200.52 188.08 191.17 205.82 212.17 208.57 204.88 221.69 308.5 337.5 357.4 12.29 11.9 8.78 13.46 20.28 19.43 16.3 10.63 0.88 346.45 356.3 13.92 19.54 21.92 21.25 24.92 34.37 34.07 31.64 31.04 51.91 133.67 154.94 200.46 294.02 337.46 359.1 6.32 16.85 30.99 27.89 26.01 29.62 42.88 66.68 79.61 72.99 58.66 48.02 47.14 56.44 69.49 73.59 69.74 64.73 60.35 54.43 44.91 37.65 38.01 58.49 87.53 91.84 111.66 120.79 100.42 119.38 146.12 155.32
0 0 201.97 202.95 203.57 195.26 193.25 200.54 200.25 199.22 203.68 221.88 298.63 351.62 15.74 22.23 18.72 18.21 25.48 24.79 16.39 9.37 5.91 10.2 19.31 2.78 0.36 12.13 18.1 21.39 26.88 31.77 26.09 22.49 19.34 27.81 147.25 209.53 278.76 294.88 322.21 353.88 9.04 30.83 47.5 38.62 40.49 53.56 67.84 78.06 79.19 74.36 59.61 46.24 44.04 51.84 66.49 70.6 66.92 64.92 57.54 49.64 47.17 53.18 65.51 81.25 92.43 94.87 99.24 103.52 104.42 114.71 128.57 135.77
0 0 199.86 207.54 208.55 200.74 193.83 188.71 186.54 193.19 204.07 218.02 240.81 27.92 35.73 31.45 25.58 25.4 30.7 24.18 13.08 5.13 4.07 20.27 27.32 1.76 340.39 354.93 8.59 17.89 23.83 23.49 18.52 17.27 14.4 18.05 157.68 324.87 303.28 291.54 310.37 344.71 11.55 45.49 56.05 41.87 47.61 64.62 74.07 78.56 76.91 72.5 57.12 42.67 38.11 43.33 64.74 73.46 68.36 65.24 55.58 49.59 54.8 69.64 83.19 89.73 93.62 95.62 94.76 94.17 97.54 108.7 119.72 124.21
0 0 231.02 228.93 218.2 206.49 192.95 181.94 182.41 190.43 199.62 206.67 203.5 151.93 51.68 42.47 32.29 26.1 24.62 17.44 10.61 7.34 8.94 20.24 11.87 356.59 330.66 318.08 329.13 347.18 359.35 6.05 12.08 17.76 19.8 28.98 42.7 346.3 339.28 315.25 311.86 326.97 356.94 29.72 29.18 23.85 38.7 59.48 66.47 70.74 70.26 66.08 50.02 37.77 34.95 41.97 67.33 77.64 68.67 63.71 56.65 57.23 67.41 81.78 92.21 93.62 93.9 96.38 93.26 89.98 93.13 106.05 117.8 119.94
0 0 245.78 235.96 220.37 206.23 193.03 184.53 187.6 194.48 201.25 205.26 202.49 192.55 80.28 44.14 27.93 18.51 13.33 7.39 5.22 6.35 8.58 6.15 357.69 353 336.42 312.59 302.48 318.89 335.07 349.96 5.82 18.23 24.58 29.92 21.37 2.33 8.42 347.1 321.85 310.33 316.89 338.88 340.17 357.27 26.44 44.45 51.87 61.27 65.41 61.79 45.22 35.09 33.64 41.04 64.82 73.88 65.3 65.4 66.98 71.93 79.28 87.18 92.84 91.87 89.94 91.29 91.68 92.93 96.19 107.38 116.63 116.43
0 0 244.65 227.22 211.23 202.79 203.14 218.08 232.54 230.87 232.08 232.17 232.78 241.34 260.27 284.31 323.28 340.15 339.54 336.45 340.46 347.67 345.7 331.75 333.1 344.28 350.45 345.47 325.75 328.93 335.18 342.09 352.99 8.15 19.91 26.98 31.93 45.17 16.5 350.85 330.88 304.94 282.97 323.02 336.88 342.15 1.29 11.96 37.6 68.13 72.11 61.86 41.18 31.74 31.61 39.73 60.32 68.11 66.75 76.82 84.13 86.2 86.57 89.26 92.36 89.96 86.28 84.55 89.67 97.55 101.02 108.43 115.18 115.21
0 0 233.83 215.09 203.71 202.82 213.43 237.05 249.75 246.36 244.93 244.9 247.75 254.69 263.12 269.67 287.98 309.52 318.31 317.03 318.04 331.62 332.73 322.22 318.54 333.03 358.81 14.27 8.08 347.64 339.92 337.56 338.99 354.36 14.67 28.78 39.23 45.39 13.76 352.28 335.6 304.71 276.57 307 329.3 326.22 328.37 329.89 332.64 106.73 82.09 55.17 32.82 27.79 30.52 39.42 55.33 63.11 71.12 89.37 96.16 93.46 88.44 90.2 96.54 94.01 87.57 82.1 88.24 99.19 103.87 106.1 106.37 104.63
0 0 213.75 203.17 199.33 200.05 208.51 228.37 243.53 242.87 245.35 249.6 254.25 259 263.75 267.13 278.14 291.15 301.28 305.41 305.95 322.58 333.9 337.8 337.96 340.57 353.63 3.59 1.51 355.76 353.99 355.5 358.8 4.58 6.79 8.31 10.64 10.72 1.01 351.88 336.26 303.45 275.5 296.43 317.67 318.85 328.04 327.66 230.28 203.05 241.65 359.65 5.22 13.76 21.18 29.23 42.7 59.04 80.93 100.65 103.2 95.14 85.83 87.84 100.64 102.36 92.39 80.13 88.82 103.42 108.3 103.93 91.8 76.32
0 0 199.7 196.78 196.86 197.29 200.69 208.27 223.84 243.19 260.02 263.84 262.77 262.57 265.85 271.54 279.07 283.37 283.31 288.44 298.06 311.32 327.69 348.76 2.01 354.74 346.02 350.71 356.43 0.78 6.22 12.18 17.62 10.61 354.74 342.46 335.84 338.29 351.93 351.02 337.68 303.45 266.94 287.06 309.73 309.71 322.29 327.62 263.86 248.02 262.57 302.89 332.87 353.67 8.54 16.76 31.49 67.12 99.16 109.28 105.75 93.1 80.88 79.55 93.51 110.64 105.83 83.67 96.98 111.84 112.71 100.44 73.77 39.99
0 0 201.17 206.21 213.27 220.24 226.11 231.53 245.52 265.97 279.81 280.46 272.91 266.35 268.45 278.41 285.74 285.23 274.94 277.39 288.92 293.61 299.48 306.85 320.69 323.52 315.35 318.58 331.19 340.28 340.48 333.41 321.52 317.93 323.71 324.09 317.2 306.01 324.88 339.35 339.27 317.18 261.99 279.7 309.81 321.83 346.85 15.38 27.23 189.19 206.34 358.4 9.86 21.53 24.05 30.27 46.94 85.59 114.69 118.68 109.25 88.65 73.5 69.66 79.04 104.29 113.78 95.48 108.4 122.66 121.57 91.79 27.62 1.13
0 0 205.24 218.29 230.78 236.06 236.2 236.02 246.19 267.57 278.53 287.22 287.42 274.41 271.77 283.25 290.47 290.25 281.99 280.64 283.18 280.42 283.95 293.81 303 307.17 302.87 296.88 300.71 320.1 324.97 316.82 303.88 298.09 303.53 311.55 309.98 298.5 304.58 321.26 334.57 335.32 285.81 269.83 277.75 22.28 57.89 68.8 74.32 94.68 100.99 66.88 48.89 47.09 40.06 44.03 57.58 90.59 119.26 123.67 110.84 80.39 66.27 65.1 73.54 98.45 114.66 105.05 114.8 130.32 138.71 357.16 339.25 336.78
0 0 224.77 231.6 238.46 236.98 233.68 235.59 245.78 260.41 267.42 284.9 295.7 282.17 274.4 281.93 284.52 286.04 290.01 287.84 281.95 273.71 278.22 295.83 308.18 316.28 319.64 307.17 295.52 318.52 326.11 322.52 311.05 299.31 297.33 308.22 314.87 309.67 308.46 316.89 329.72 333.32 321.24 230.61 186.92 349.41 328.57 319.79 47.61 137.89 129.02 55.69 41.18 49.76 49.72 54.06 64.03 89.69 114.15 118.43 103.96 79.79 74.28 72.07 72.23 86.7 110.14 119.41 133.73 142.05 147.16 350.27 353.62 357.34
0 0 235.61 235.35 237.74 235.78 236.05 243.04 247.77 248.74 255.03 286.48 303.23 288.34 276.51 282.12 280.61 280.29 289.89 289.76 280.59 271.88 273.85 288.1 306.87 328.55 348.63 352.96 326.85 324.14 326.13 324.76 317.24 303.48 293.82 302.33 313.54 316.21 318.22 324.48 333.33 328.66 352.71 133.39 127.39 346.07 300.64 270.07 270.07 235.76 206.6 14.89 35.54 66.82 65.36 65.32 71.57 87.53 105.71 113.71 103.01 84.22 79.49 72.97 65.14 62.07 64.32 205.18 206.38 203.14 292.38 342.45 7.56 22.04
0 0 236.42 236.45 241.69 245.3 249.15 254.9 252.34 247.86 255.02 277.32 298.61 292.02 279.24 286.13 282.84 281 295.01 294.29 281.58 275.41 274.8 278.57 287.22 298.49 306.49 309.94 309.94 313.69 317.38 318.27 316.36 307.84 295.99 298.13 307.78 315.56 329.81 343.54 347.02 334.57 222.66 210.96 272.63 319.04 304.87 267.47 272.24 233.97 218.59 262.33 298.6 134.79 78.68 65.26 71.09 83.89 101.59 117.96 113.64 90.21 76.73 59.24 44.76 38.27 40.7 61.07 157.91 186.86 326.23 346.37 11.86 19.11
0 0 240.68 242.78 248.1 252.36 256.57 261.06 258.11 253.87 257.06 266.61 280.2 282.54 277.27 283.21 287.61 294.37 308.44 303.66 285.38 287.92 287.11 282.21 282.48 286.95 291.8 296.23 299.71 303.53 307.57 309.87 310.2 307.45 300.85 292.02 287.62 300.2 30.04 15.75 2.34 349.3 263.56 262.52 278.34 295.34 287.08 258.08 280.67 246.91 235.79 262.4 256.08 211.77 179.48 51.56 65.34 80.41 99.46 126.25 146.03 121.34 63.59 29.16 19.33 25.53 45.91 66.06 93.95 123.2 342.1 355.08 16.86 11.99
0 0 238.01 242.19 246.85 250.95 255.43 260.84 258.91 253.34 250.77 251.84 256.42 264.37 271.58 267.22 283.79 302.4 308.19 298.31 279.29 297.75 307.72 300.08 292.58 291.1 294.72 300.19 303.56 304.58 306.24 307.35 304.63 302.83 304.45 284.08 253.41 242.13 284.36 342.46 355.61 359.78 334.51 299.74 293.92 293.77 265.37 244.75 292.63 261.43 238.52 260.29 236.52 207.76 221.11 284.22 280.78 169.94 122.04 110.35 133.33 133.53 69.15 35.93 34.77 48.12 63.63 65.5 65.36 51.97 20.87 10.68 352.88 349.73
0 0 224.3 235.83 244.03 247.61 250.46 257.72 255.81 246.34 236.08 228.69 225.07 240.97 271.52 258.72 287.92 308.15 306.94 290.42 265.39 292.22 328.27 327.24 313.09 300.91 296.04 303.19 309.8 308.5 306.89 305.47 299.34 297.43 305.27 279 244.81 247.6 262.84 292.81 340.08 10.42 27.9 29.6 27.58 19.91 248.89 236.71 299.35 275.67 231.38 256.73 222.32 212.23 244.43 274.44 263.85 229.7 179.44 118.09 120.93 131.19 79.73 50.8 55.24 66.39 70.31 61.37 55.3 50.59 40.25 17.18 341.15 333.64
0 0 225.49 242.15 252.7 253.73 252.85 258.76 256.1 246.03 234.42 227.5 227.65 245.28 270.59 266.98 286.55 302.4 302.69 282.67 253.66 271.84 314.8 329.77 328.84 318.87 304.42 307.37 312.82 309.19 304.78 300.68 292.1 289.35 299.51 275.82 247.08 252.4 255.67 260.4 282.12 306.92 314.21 321.26 324.49 314.99 287.08 269.99 270.01 264.28 258.2 264.57 245.41 238.37 264.92 272.94 251.62 212.66 189 163.78 142.04 153.78 89.05 47.44 56.78 61.69 53.08 35.32 28.91 31.3 34.89 23.29 2.5 348.66
0 0 230.71 242.08 258.6 262.54 259.02 260.63 255.97 246.98 237.57 233.85 237.33 248.25 264.83 275.76 284.88 290.59 292.82 274.37 250.59 267.92 299.82 321.27 336.79 340.2 327.11 318.94 316.37 309.16 301.4 294.93 285.19 280.69 288.78 273.19 253.96 256.5 255.1 256.05 265.66 275.65 280.13 282.81 292.18 299.95 290.19 275.8 264.92 256.99 255.6 262.77 266.56 266.82 277.59 268.06 232.2 202.53 195.23 200.46 199.16 209.15 245.78 344.83 39.01 26.04 4.85 354.19 351.56 0.89 39.64 34.43 17.4 3.44
0 0 234.2 242.21 261.46 266.06 259.79 257.93 251.14 242.4 234.59 233.14 238.77 247.11 263.2 281.56 284.05 279.59 279.08 266.72 254.99 270.99 289.15 297.3 308.28 319.88 324.44 326.34 325.95 319.88 309.9 299.07 282.89 272.53 276.58 271.37 262.23 259.23 257.57 259.23 263.29 268.22 271.68 272.16 281.37 296.11 294.93 279.58 258.6 245.91 246.51 257.62 277.37 286.95 290.32 260.72 216.86 206.85 209.92 218.96 235.7 248.51 254.15 262 281.9 328.49 338.24 339.3 338.3 329.35 314.22 0.39 358.15 354.2
0 0 241.2 248.78 261.46 258.69 247.3 247.05 243.42 235.47 228.08 228.84 239.65 254.56 271.2 283.43 282.02 273.87 270.11 262.06 258.71 274.36 286.48 287.09 287 293.15 308.67 325.34 336.91 342.3 339.76 323.38 287.86 260.84 263.29 270.78 271.84 263.83 263.62 266.97 268.05 269.21 269.75 268.15 273.01 285.47 288.29 274.61 248.44 237.85 243.21 253.81 277.16 299.45 306.52 247.5 214.53 216.64 220.04 231.27 247.93 254.13 261.45 265.48 267.66 297.11 318.93 325.91 329.68 313.6 281.08 314.71 334.29 341.08
0 0 246.42 253.05 257.57 244.55 229.74 235.96 241.91 236.05 230.15 234.6 249.19 268.83 282.33 286.63 282.02 271.81 264.53 258.5 261.05 277.07 288.93 289.28 283 280.95 293.07 312.33 329.15 334.19 332.1 324.18 290.48 257.61 260.28 269.53 274.85 268.86 269.88 273.86 273.94 272.63 270.49 266.82 268.09 274.91 272.07 259.92 249.17 244.66 246.75 250.19 266.91 293.33 301.66 236.53 218.02 211.85 208.98 222.88 242.94 250.47 270.44 272.18 263.54 285.12 305.58 307.21 315.26 312.6 293.89 311.69 329.36 340.51
0 0 246.95 253.89 251.31 230.34 218.28 229.71 242.71 240.98 239.62 246.52 258.29 276.3 289.07 290.3 282.43 269.09 260.63 260.16 267.28 276.91 286.36 291.28 287 279.93 280.09 293.23 313.04 319.1 316.94 312.42 289.89 264.79 263.54 267.4 270.61 267.71 268.65 271.82 272.4 273.64 274.06 270.16 268.63 270.25 263.18 253.94 251.06 248.7 246.89 244.77 252.9 271.64 267.24 214.14 201.28 191.15 190.39 198.07 226.72 263.92 286.24 278.41 260.2 276.16 294.08 289.44 301.16 311.1 304.33 312.57 326.61 343.37
0 0 246.68 253.53 248.1 227.57 221.78 235.84 246.75 247.39 250.46 257.3 264.16 277.03 288.19 290.66 280.91 266.29 261.72 267.71 275.69 275.31 277.19 283.66 291.17 286.67 271.66 278.61 305.01 320.66 321.34 313.09 295.18 271.71 263.78 262.83 263.99 262.75 262.86 263.43 263.04 270.13 279.77 279.37 275.24 271.59 260.28 250.69 248.97 248.09 248.57 249.19 254.21 259.68 254.49 243.15 232.49 200.27 196.85 209.35 250.14 290.63 300.53 284.27 255.27 269.66 288.47 281.08 294.72 309.69 312.47 321.91 334.04 348.41
0 0 244.77 249.18 246.76 235.88 235.82 243.87 246.51 246.95 255.06 266.56 271.25 275.32 281.32 288.24 280.73 267.84 265.65 272.7 280.52 275.25 271.83 276.14 289.47 289.59 264.37 270.51 300.89 322.04 333.08 328.13 306.77 273.65 256.71 247.09 245.03 250.69 251.88 249.77 253.32 267.19 282.81 290.48 288.22 279.5 264.18 253.29 249.05 250.4 256.28 260.08 262.23 261.57 254.66 247.3 244.77 222.32 215.8 231.2 260.42 288.75 304.14 288.4 247.58 264.79 288.73 281.35 294.96 306.2 310.36 341.01 0.95 1.63
0 0 239.87 242.67 246.81 249.08 248.94 246.87 244.58 245.73 256.09 270.6 276.1 271.77 270.89 282.57 282.4 274.38 271.05 273.9 278.28 274.97 271.75 273.05 283.55 284.02 263.05 270.84 290.31 299.77 317.28 324.44 302.39 259.1 244.45 230.82 230.21 248.97 251.58 246.33 254.67 264.88 274.11 296.61 308.29 299.09 283.75 266.24 252.76 255.7 265.43 268.74 266.6 260.33 248.43 240.39 241.41 230.64 228.42 242.53 261.51 277.52 289.08 278.64 249.9 262.15 284.28 284.42 299.47 303.12 283.13 315.63 357.3 358.15
0 0 234.42 238.82 247.88 257.75 259.44 254.94 250.22 248.94 256.14 266.3 271.6 265.15 262.62 276.77 285.03 282.99 277.53 275.87 276.03 272.54 270.41 272.17 278.42 278.96 269.07 275.47 282.93 278.21 287.8 304.85 285.6 249.06 239.68 234.11 242.59 260.02 259.67 252.37 257.29 254.98 243.7 291.12 338.91 330.35 316.79 291.72 263.75 265.7 274.26 273.09 264.9 252.06 238.05 234.31 238.94 236.97 240.07 251.47 264.17 272.6 275.29 267.8 254.35 257.8 270.98 282.32 303.73 303.02 265.87 271.1 321.22 343.15
