testDir/InputMaps/malcataAspect_200.grass
north: 40:14:17.01N
south: 40:12:39.7468N
east: 7:02:14.5154W
west: 7:04:21.43W
rows: 200
cols: 200
[rows 66 to 98 of 200, columns 0 to 73 of 200]
0 0 234.1 239.54 249.08 258.13 265.31 271.81 259.91 249.26 251.87 257.33 260.9 257.33 259.32 272.83 287.67 291.54 284.91 279.57 276.15 270.79 268.81 271.95 275.86 277.71 275.59 281.51 283.02 268.94 271.47 290.05 271.5 239.95 232.58 236.7 252.25 262.6 258.78 248.39 247.47 230.74 203.16 163.11 22.35 9.68 351.3 327.17 289.42 283.1 283.77 273.19 258.03 245.2 240.5 242.56 245.58 246.97 250.67 256.75 265.33 270.73 267.13 258.27 250.22 250.04 259.74 275.95 302 304.85 266.67 266.32 298.1 323.63
0 0 237.77 240.5 248.84 254.21 261.5 283.06 269.6 245.18 242.61 244.56 249.66 253.47 261.03 270.8 288.01 297.32 292.32 282.73 274.52 273.26 272.2 270.94 273.45 276.87 278.12 287.26 288.33 263.85 260.14 274.4 254.1 230.13 230.11 242.4 256.75 259.13 248.5 229.32 213.55 188.52 173.4 139.38 61.35 36.83 16.06 356.93 327.18 308.4 297.2 275.25 255.69 247.83 251.56 256.37 256.38 255.78 255.61 256.52 260.18 262.68 255.76 243.99 234.81 243.16 262.42 271.35 291.16 302.63 277.46 275.7 290.04 303.46
0 0 238.94 239.08 245.88 248.17 252.18 273.57 274.24 249.61 239.19 238.78 247.63 257.87 266.51 270.3 284.6 296.96 296.44 283.04 268.88 280.71 280.9 269.04 270.14 274.75 274.08 284.38 289.55 265.69 255.62 257.54 242.05 231.98 237.21 247.45 253.55 247.79 225.6 197.44 173.94 159.42 156.19 139.45 79.31 40.13 23.92 12.1 352.75 331.9 315.52 283.51 255.41 250.46 258.08 264.48 263.91 259.18 254.34 252.76 251.18 248.59 245.5 237.27 228.89 251.83 274.82 267.65 277.52 293.75 290.32 291.18 294.92 298.48
0 0 240.26 240.8 241.63 241.66 247.21 259.17 267.84 261.29 246.94 245.55 254.58 265.09 271.38 270.65 278.35 289.47 295.28 282.78 266.81 285.56 287.55 267.62 266 271.62 272.43 278.38 280.96 267.97 256.4 251.95 243.94 240.84 244.32 246.03 240.87 223.82 192.74 168.83 148.32 138.15 140.39 135.34 84.17 35.29 28.64 22.78 6.15 349.19 339.89 317.15 263.55 260.22 265.39 268.74 268.35 259.59 251.69 251.57 247.35 242.17 243.64 242.52 240.1 258.76 272.89 256.98 269.65 290.74 290.16 302.43 312.83 310.96
0 0 245.1 245.09 236.35 237.4 247.89 252.77 260.91 265.77 258.37 256.56 261.54 269.23 273.42 270.93 272.67 279 288.17 282.1 270.48 285.33 287.31 267.62 262.35 268.53 277.39 276.96 270.94 264.35 257.42 253.12 245.85 241.91 242.14 236.8 222.64 199.74 175.2 158.91 138.38 123.13 125.54 121.44 77.08 35.29 29.55 21.02 6.4 356.98 356.67 359.46 318.87 291.17 278.41 271.71 269.09 259.95 253.29 255.22 246.72 237.69 239.92 243.76 245.81 253.97 256.05 242.25 270.88 296.62 280.36 295.71 323.27 322.45
0 0 247.7 246.37 233.31 239.89 252.38 252.87 258.97 266.65 265.48 264.57 266.14 269.06 270.76 269.39 269.23 272.64 280.36 279.42 273.49 280.24 280.71 267.97 262.91 269.62 281.9 276.38 263.16 258.36 254.04 249.89 242.14 236.77 233.79 223.06 205.08 183.6 166.2 154.43 134 110.96 107.76 104.47 72.08 32.65 12.3 1.03 358.74 358.94 0.1 350.84 331.85 314.18 296.2 278.63 266.29 258.92 257 257.54 244.17 232.5 234.62 239.11 241.25 241.6 240.57 240.21 268.63 296.12 274.23 286.16 310.26 310.37
0 0 247.49 245.86 237.31 245.74 254.6 251.74 256.41 265.28 266.23 267.16 268.72 265.94 263.41 265 268.17 272.21 276.75 277.46 274.38 273.01 270.64 267.6 267.63 274.04 283.68 274.85 257.26 249.89 242.29 235.24 231.01 226.66 218.77 204.28 188.52 174.11 163.3 154.75 136.81 104.36 88.62 93.9 66.13 24.28 4.95 354.99 357.53 3.3 6.73 353.99 342.28 330.03 316.74 292.1 262.13 254.84 257.71 252.53 237.55 228.89 231.3 233.65 233.21 232.06 236.37 245.63 260.47 274.78 277.47 292.55 304.41 303.43
0 0 249.7 243.63 239.91 246.37 251.01 242.32 245.16 258.78 263.2 270.69 275.99 265.72 257.82 260.44 265.21 270.47 274.06 277.62 277.13 270.19 265.49 266.39 269.36 274.87 281.52 269.66 245.07 231.02 216.36 201.86 189.23 178.25 172.1 168.28 166.04 164.16 163.05 163.32 159.99 117.84 52.42 78.2 40.47 18.81 16.31 11.35 9.62 14.19 17.07 9.05 3.49 353.28 341.94 321.11 261.08 251.12 252.5 231.97 217.77 224.18 231.05 232.75 232.42 231.66 236.46 250.26 254.68 255.24 271.68 296.36 310.13 309.74
0 0 247.64 234.86 234.82 242.54 245.48 231.13 231.61 248.79 259.73 281.58 292.23 272.97 257.11 256.93 258.87 263.1 268.39 277.68 281.77 274.11 266.06 263.02 264.63 267.86 268.05 248.02 215.61 198.29 185.02 172.72 155.7 143.99 145.68 149.73 153.91 157.69 160.93 167.84 180.86 209.07 350.7 357.98 7.92 22.5 24.1 19.7 18.12 21.23 23.45 22.49 18.6 9.05 1.83 357.71 303.02 258.44 242.99 210.65 204.21 233.58 237.52 233.82 231.74 229.27 233.8 252.87 255.7 250.35 257.29 276.75 299.91 290.46
0 0 233.42 222.41 232.85 243.36 244.25 232.72 237.25 254.01 263.28 281.72 296.51 280.25 258.78 255.59 254.85 257.27 262.63 272.16 279.42 276.05 262.16 246.56 240.51 229.55 187.2 153.08 145.74 147.15 149.02 149.36 143.2 138.31 141.52 147.16 152.94 158.08 160.16 161.17 163.97 139.89 64.93 69.4 59.54 37.61 19.47 14.82 17.05 23 31.01 38.3 31.06 22.26 22.33 28.97 38.72 17.28 245.14 218.2 226.9 249.17 238.34 227.28 226.27 228.12 238.07 256.71 258.23 251.24 252.29 261.33 272.26 266.24
0 0 216.66 220.25 237.62 242.8 239.03 234.47 244.08 259.13 265 276.88 290.31 280.7 262.17 257.92 254.64 254.13 257.27 261.58 263.77 260.21 234.6 199.09 174.9 151.01 139.17 130.19 126.72 130.41 132.49 134.24 136.05 136.41 138.49 143.66 150.27 157.24 159.92 156.68 151.28 124.7 84.25 72.96 58.23 34.7 11.87 10.28 15.44 24.31 37.02 48.34 39.99 32.03 34.51 41.26 51.18 38.83 349.3 244.97 238.49 237.58 229.26 226.47 230.71 237.42 246.96 257.06 256 251.12 252.36 256.85 261.5 263.29
0 0 230.88 229.54 234.54 228.3 222.99 229.99 251.5 267.99 268.53 271.94 278.67 274.13 264.06 260.37 253.82 248.73 248.25 246.25 240.23 228.96 201.85 179.79 165.65 152.12 144.48 135.52 130.58 135.92 137.84 137.51 142.09 142.66 140.5 141.13 145.03 153.1 160.28 161.84 157.59 136.63 83.19 36.69 6.14 355.51 359.68 3.43 7.45 12.85 22.76 39.62 38.8 35.02 35.83 35.65 32.46 10.13 348.58 290.61 243.6 236.19 242.3 248.48 250.25 251.76 252.39 250.86 248.96 249.18 249.59 249.26 249.44 255.8
0 0 237.26 229.09 220.6 210.14 212.55 234.25 270.66 283.29 274.55 268.44 268.08 265.08 261.09 259.3 250.67 241.44 236.94 230.1 220.2 205.31 184.6 170.63 161.88 153.83 148.43 139 131.18 137.03 141.45 142.38 146.99 146.46 142.05 138.97 138.58 145.01 158.52 166.69 163.26 144.66 36.63 348.43 334.26 327.73 348.32 356.79 359.54 0.04 0.94 19.4 40.64 40.03 35.62 28.37 16.3 357.92 347.35 323.34 265.46 250.55 251.12 251.75 253.1 254.21 250.68 240.78 242.17 250.38 245.58 240.17 237.92 243.37
0 0 232.3 226.01 227.21 232.73 243.84 258.81 279.94 290.58 278.55 263.64 258.2 256.12 254.61 250.45 239.15 228.52 222.03 214.61 207.16 197.61 186.23 175.22 166.57 161.37 159.14 151.36 137.06 131.13 129.46 129.61 134.23 134.53 132.08 132.71 133.07 134.01 146.81 160 157.84 125.55 15.75 347.15 340.41 335.48 349.11 356.86 1.01 0.37 349.84 316.88 308.94 359.79 14.82 16.2 13.07 5.04 355.81 338.69 299.44 267.97 249.49 242.45 246.35 250.49 247.08 237.24 242.34 250.43 239.79 232.51 232.87 242.22
0 0 225.33 228.76 244.1 254.99 261.1 266.03 275.78 283.69 272.55 255.54 251.34 251.66 247.19 232.82 219.99 214.23 207.73 201.97 198.12 193.09 186.37 177.6 169.39 165.72 166.43 162.72 148.23 131.97 126.56 127.79 130.5 126.8 117.8 117.8 122.41 121.98 133.37 151.48 155.52 109.21 5.61 343.59 337.62 340.35 347.76 355.29 1.18 359.63 345.51 310.45 282.33 289.59 339.42 6.38 12.05 9.45 2.41 349.24 324.66 287.06 243.82 232.21 242.79 251.38 248.79 240.25 241.91 242.53 231.91 227.42 232.65 248.18
0 0 226.5 238.49 258.77 271.45 272.37 268.31 269.36 271.28 258.7 247.09 247.63 246.62 234.39 215.7 207.88 201.13 188.95 182.06 178.91 176.31 171.8 166.56 162.49 160.58 159.23 155.17 145.87 130.59 124.89 129.38 136 133.25 113.42 105.1 109.06 106.7 115.76 141.17 170.7 294.39 334.81 317.32 295.92 296.34 309.77 326.74 336.97 344.16 343.41 327.86 295.03 281.06 305.22 343.05 0.91 8.44 11.95 13.4 12.65 356.9 237.07 230.73 248.87 256.09 250.26 239.39 235.38 232.96 229.74 232.93 242.63 256.3
0 0 229.37 243.68 261 285.8 288.53 271.38 259.81 252.87 242.68 239.11 241.88 235.55 217.94 204.52 198.97 187.48 173.53 165.57 161.78 162.82 161.01 157.73 155.85 156.14 155.24 151.38 144.37 131.16 122.91 125.01 133.64 137.35 117.24 105.19 105.26 95.32 93.76 108.2 211.42 305.78 322.11 309.3 290.19 285 288.94 302.69 317.15 330.2 338.49 336.58 315.29 292.55 291.69 312.48 344.85 9.24 21.98 32.4 39.16 38.75 32.86 252.1 262.61 259.29 247.47 236.1 230.78 230.24 232.22 240.01 250.82 258.53
0 0 235.56 250.6 262.24 284.5 293 271.66 248.77 236.76 230.8 228.73 227.47 214.86 198.31 187.46 179.69 172 167.1 162.86 158.21 159.6 159.75 156.84 152.9 152.45 154.32 153.53 150 141.56 132.23 128.59 129.19 126.33 112.48 109.41 108.45 88.06 68.63 35.25 323.39 318.67 321.68 312.38 296.31 287.01 286.7 301.49 319.82 331.78 337.76 338.42 332.39 320.5 308.64 314.97 340.65 3.97 13.19 19.06 18.79 12.65 356.21 307.22 282.77 263.87 247.94 241.16 238.06 238.51 240.78 247.74 255.42 257.28
0 0 241.62 258.21 266.59 277.72 282.1 262.45 236.84 225.93 218.77 210.67 201.42 188.77 179.82 172.18 164.81 160.17 160.4 159.66 155.8 156.32 157.85 156.18 151.14 149.83 153.11 153.91 153.04 149.52 143.53 138.09 130.28 117.7 105.33 101.05 99.35 78.96 36.78 0.66 333.99 324.49 320.66 309.02 291.51 285.97 291.82 309.22 323.93 334.65 338.33 338.86 343.41 347.53 342.86 336.8 341.23 353.92 0.14 0.55 357.05 353.68 345.78 324.59 300.92 271.94 251.92 248.03 246.99 247.98 249.22 252.92 256.31 254.9
0 0 242.87 261.09 270.17 272.81 266.84 252.45 235.83 224.33 213.57 205.03 194.45 178.63 171.27 168.72 164.47 158.78 155.11 151.53 148.88 150.4 152.74 153.54 152.07 155.43 163.09 166.67 166.98 166.34 168.43 173.89 178.35 181.12 177.28 355.21 323 297.32 342.26 343.17 337.72 333.64 328.4 309.67 278.5 274.88 287.11 303.15 312.75 324.59 330.88 329.83 333.15 341.82 343.55 339.92 335.49 341.32 348.34 351.05 350.91 350.11 347.32 338.3 322.69 287.82 257.59 250.87 250.3 251.68 250.18 250.01 250.4 248.92
0 0 243.32 258.63 272.25 271.58 260.01 248.17 233.5 220.7 209.95 201.63 189.12 171.81 164.29 165.08 163.74 158.27 151.53 144.71 141.46 143.92 146.88 149.27 150.62 159.57 174.05 182.1 184.71 190.67 208.55 224.23 234.7 243.62 251.54 266.91 279.04 273.51 311.71 331.71 336.58 338.77 336.48 317.31 279.25 273.11 285.44 298.94 303.53 313.51 321.22 319.23 320.25 332.63 342.33 343.4 335.25 331.32 335.32 341.03 344.2 345.9 347.45 347.6 342.83 317.77 273.16 250.93 250.43 254.84 248.06 242.6 241.11 244.98
0 0 240.29 252.39 272.16 271.24 252.66 234.08 214.81 202.09 193.7 186.6 177.97 167.59 161.54 162.78 163.97 162.01 158.82 155.61 152.95 152.73 152.16 152.03 150.72 152.06 163.2 177.73 188.58 203.94 224.53 233.21 238.15 244.26 250.88 259.34 267.25 268.92 303.27 326.81 334.99 340.09 341.14 329.35 293.21 277.94 292.32 303.57 302.03 309.21 317.53 315.46 312.06 316.14 321.58 328.8 331.65 330.15 331.07 336.65 342 347.22 353.89 4.07 15.44 16.3 350.3 255.17 258.4 263.59 249.4 239.92 239.56 248.25
0 0 237.82 246.34 268.92 263.99 232.25 206.47 190.14 182.2 176.93 172.67 169.01 163.94 159.23 159.86 163.56 165.12 166.36 170.78 171.44 166.89 161.3 157.39 154.83 148.01 146.72 167.41 194.76 218.81 232.34 235.77 243.64 251.86 254.46 254.83 256.84 264.61 295.67 320.21 331.7 340.29 345.51 342.09 316.57 290.11 305.49 311.19 300.55 303.21 313.85 314.78 310.38 307.7 309.27 317.12 325.33 328.22 328.12 331.42 338.47 348.83 4.06 31.09 54.84 49.88 39.82 9.42 295.99 275.68 249.52 237.29 240.22 248.99
0 0 245.18 243.81 256.22 236.7 195.69 177.05 169.59 166.59 165.16 164.89 165.78 166.98 167.48 168.59 171.3 172.79 173.22 174.84 174.29 172.35 170.58 168.28 167.16 162.4 154.84 166.62 193.32 211.25 220.03 228.83 248.25 259.69 256.23 250.03 249.47 260.8 287.54 314.43 332 345.21 356.03 3.49 358.55 327.82 324.02 323.07 305.56 299.6 307.67 310.88 310.54 308.56 309.67 315.03 320.99 324.93 325.7 326.75 332.87 345.35 2.74 39.67 74.24 46.61 30.88 17.62 346.32 300.9 248.94 235.03 242.37 249.68
0 0 250.17 238.92 228.16 191.45 165.89 157.23 153.92 152.82 153.84 156.54 161.68 169.89 177.91 181.73 182.19 182.61 182.02 177.65 174.56 175.94 180.49 182.38 180.07 179.44 179.05 177.55 178.79 184.53 197.26 220.74 254.79 269.69 262.84 252.07 249.65 258.21 274.42 300.4 331.56 354.32 14.46 28.94 28.25 5.32 342.05 334.96 319.79 305.97 306.45 307.6 309.37 309.62 310.89 314.29 317.66 320.95 321.8 320.42 323.78 337.98 355.32 26.93 117.37 39.53 26.45 22.33 9.23 341 258.24 236.01 245.78 252.61
0 0 237.51 213.46 189.78 168.1 155.69 151.9 149.94 148.38 148.68 150.31 154.81 163.9 174.98 181.37 183.51 184.52 183.46 178.94 176.91 179.98 186.56 190.15 190.12 194.17 204.94 211.29 209.22 211.53 224.75 245.34 266.08 277.02 273.87 260.75 253.88 256.54 262 275.95 303.95 317.4 320.39 334.77 350.64 350.78 342.98 333.64 321.3 315.67 321.96 325.38 325.74 322.84 320.01 318.53 318.38 320.46 320.49 315.4 311.17 315.33 321.8 286.8 221.92 349.56 11.49 12.66 4.23 347.4 279.43 237.67 246.93 255.12
0 0 178.57 169.99 163.93 156.12 149.38 147.76 147.01 145.51 144.52 143.97 146.03 152.92 166.02 176.93 182.47 184.52 183.21 179.8 179.99 185.4 192.91 197.37 201.45 210.79 225.72 233.39 234.33 237.79 247.18 258.16 266.63 274.83 278.81 271.77 262.56 257.91 256.01 265.08 291.5 297.42 288.46 283.95 299.03 330.12 339.58 331.21 311.61 312.87 355.66 4.27 355.26 343.35 333.55 325.46 319.93 320.04 319.64 311.62 303.87 303.37 301.29 278.27 251.21 271.57 337.48 358.36 357.45 347.1 292.79 235.41 245.36 258.78
0 0 156.11 156.56 155.48 151.03 147.67 148.77 149.71 149.27 147.78 145.59 144.96 146.89 156.1 167.01 174.79 180.06 182.16 182.97 188.05 197.98 206.27 209.13 213.04 220.8 230.76 237.3 241.03 244.69 251.91 259.79 263.87 270.17 277.11 279.33 272.3 260.44 252.44 260.4 294.69 302.29 289.09 274.04 276.2 301.94 319.66 316.15 286.28 268 287.51 319.72 331.2 330.96 330.48 326.66 319.23 313.94 310.09 301.65 299.97 306.03 303.3 282.58 257.15 256.43 309.26 349.05 355.57 350.45 305.94 238.59 244.95 261.89
0 0 153.82 153.06 151.75 146.29 143.88 150.11 154.76 156.65 155.96 153.5 150.49 146.52 147.86 154.26 162.12 172.4 180.85 187.78 201.37 215.32 221.39 221.81 222.94 225.73 230.16 239.64 248.88 249.91 253.52 259.37 263.43 269.59 275.5 280.42 275.75 260.76 248.55 255.18 297.83 310.75 296.94 275.82 272.46 287.69 302.31 302.16 278.27 263.65 269.22 289.29 305.98 312.59 320.03 323.45 319.06 306.98 294.72 290.64 293.93 304.91 309.04 290.53 259.27 249.45 290.31 338.81 354.62 354.1 324.61 249.37 240.02 255.53
0 0 153.61 154.13 154.44 148.26 142.04 148.7 154.39 158.78 161.19 160.86 157.89 152.4 150.1 153.41 159.72 173.05 186.43 197.35 212.54 221.66 225.17 226.19 226.54 228.22 232.6 245.39 256.38 251.92 251.83 257.04 263.5 270.93 275.58 280.13 274.83 255.82 242.74 253.95 296.47 310.57 301.38 283.98 277.82 285.7 295.98 296.57 278.92 264.92 265.46 279.96 293.67 301.08 312.13 321.46 325.19 313.67 289.03 286.74 291.81 309.34 328.41 315.8 266.84 257.26 287.31 319.21 342.82 346.09 326.43 258.08 227.26 237.46
0 0 152.88 154.9 157.59 153.75 144.99 147.73 150.7 156.8 164.96 168.37 166 160.43 156.47 158.21 164.82 183.1 199.78 210.48 217.18 219.91 225.47 229.22 230.13 232.44 238.22 248.5 255.41 249.27 248.38 254 262.99 271.59 274.72 274.66 263.8 240.04 240.76 267.71 297.83 306.37 300.69 291.36 284.89 285.59 291.55 292.71 281.29 269.41 266.88 274.31 281.06 285.88 302.3 318.34 332.1 341.17 317.13 286.75 279.08 5.72 23.14 19.29 334.95 290.7 297.35 308.16 327.12 332.58 317.57 254.01 212.73 213.32
0 0 161.68 160.72 161.81 159.6 152.11 151.66 150.14 152.61 163.27 170.12 171.87 171.39 171.29 175.31 187.51 210.57 219.51 222.41 222.74 228.4 237.28 239.43 237.15 236.62 240.67 244.87 245.83 242.48 244.74 251.65 261.89 270.46 271.78 262.42 246.79 238.61 262.35 290.9 305.2 307.48 301.6 298.87 293.45 287.81 289.21 290.04 283.78 274.95 270.34 271.85 271.8 271.42 283.77 295.4 297.58 312.52 309.57 272.3 247.12 254.67 351.38 359.99 341.77 318.59 311.99 313.25 324.88 329.43 314.32 240.56 207.18 209.76
0 0 175.42 170.56 168.74 167.21 162.03 159.35 153.87 148.61 156.8 167.15 176.69 186.31 196.72 208.84 227.26 242.43 241.3 235.13 232.23 238.96 246.49 248.03 242.75 238.09 238.64 236.69 233.15 232.72 239.58 249.79 259.68 267.4 268.99 258.18 249.91 251.97 275.18 301.36 313.76 313.02 305.05 306.52 303.52 294.28 290.67 288.82 284.52 277.94 273.51 273.98 272.72 271.11 273.64 274.66 270.92 280.37 287.03 267.82 251.98 250.72 275.93 314.2 325.83 325.71 323.19 321.78 328.5 332.76 318.76 229.95 208.95 216.9
