testDir/InputMaps/malcataHeight_300.grass
north: 40:14:17.01N
south: 40:12:39.7468N
east: 7:02:14.5154W
west: 7:04:21.43W
rows: 300
cols: 300
[rows 160 to 191 of 300, columns 216 to 287 of 300]
749.79 749.28 748.77 747.33 745.9 744.73 743.71 742.51 740.82 739.13 737.43 735.74 733.68 731.3 729.12 727.76 726.4 725.81 725.39 724.66 723.56 722.27 719.14 716.01 712.76 709.46 706.13 702.74 699.35 695.45 691.55 688.31 685.43 682.98 681.62 680.26 680.54 680.95 681.8 682.98 684.21 685.65 687.09 687.75 688.26 688.13 687.28 686.36 684.83 683.3 682.23 681.3 680.48 679.8 679.08 677.12 675.16 672.03 668.31 664.38 659.99 655.6 652.4 649.27 646.43 643.82 641.18 638.47 635.76 633.93 632.25 630.73
751.51 751.27 751.03 749.46 747.89 746.58 745.43 744.13 742.44 740.74 739.05 737.36 735.37 733.13 731.11 730.02 728.94 728.4 727.97 726.99 725.35 723.55 720.28 717.02 713.53 709.95 706.45 703.06 699.68 696.05 692.43 689.55 687.07 685 683.91 682.83 683.76 684.86 686.16 687.61 689.09 690.67 692.24 692.69 692.93 692.65 691.81 690.9 689.51 688.12 686.77 685.44 684.41 683.87 683.31 682.17 681.03 677.99 674 669.63 664.42 659.21 655.83 652.56 649.43 646.4 643.41 640.57 637.72 635.29 632.92 630.85
753.1 753.13 753.17 751.52 749.86 748.42 747.12 745.7 743.99 742.28 740.54 738.79 736.86 734.78 732.92 732.06 731.19 730.68 730.24 729.02 726.91 724.67 721.32 717.97 714.29 710.5 706.86 703.5 700.13 696.85 693.57 691.12 689.13 687.51 686.8 686.09 687.58 689.23 690.88 692.52 694.15 695.72 697.29 697.53 697.51 697.1 696.25 695.36 694.1 692.85 691.35 689.76 688.6 688.11 687.61 687.06 686.52 683.49 679.22 674.46 668.55 662.64 659.07 655.65 652.29 648.97 645.71 642.66 639.61 636.56 633.51 630.89
753.84 754.15 754.46 753.08 751.7 750.19 748.61 746.96 745.11 743.26 741.13 738.98 737.01 735.2 733.54 732.54 731.54 730.89 730.31 729.02 726.91 724.7 721.62 718.54 715.04 711.38 707.89 704.65 701.43 698.97 696.51 694.98 693.94 693.32 693.71 694.1 695.41 696.79 698.09 699.32 700.42 701.03 701.65 701.62 701.46 700.98 700.13 699.25 698.14 697.02 696.17 695.4 694.53 693.49 692.43 690.93 689.42 685.9 681.36 676.44 670.67 664.9 661.08 657.38 654.22 651.45 648.48 644.74 641 637.27 633.53 630.37
754.59 755.17 755.75 754.65 753.54 751.96 750.1 748.21 746.23 744.24 741.73 739.16 737.16 735.63 734.17 733.03 731.89 731.1 730.39 729.02 726.91 724.72 721.92 719.12 715.79 712.27 708.91 705.81 702.73 701.1 699.46 698.83 698.76 699.13 700.61 702.1 703.24 704.35 705.29 706.11 706.7 706.35 706 705.7 705.41 704.86 704.01 703.15 702.17 701.19 700.99 701.04 700.46 698.87 697.26 694.79 692.33 688.3 683.49 678.42 672.79 667.15 663.08 659.11 656.16 653.94 651.24 646.82 642.4 637.98 633.56 629.84
755.33 756.17 757.01 756.18 755.34 753.7 751.59 749.48 747.35 745.22 742.34 739.38 737.35 736.09 734.82 733.56 732.29 731.36 730.5 729.06 726.94 724.79 722.25 719.72 716.56 713.18 709.97 707.03 704.11 703.29 702.47 702.75 703.62 704.96 707.49 710.02 710.98 711.8 712.4 712.81 712.89 711.62 710.35 709.78 709.34 708.72 707.87 707.03 706.19 705.34 705.75 706.57 706.25 704.16 702.02 698.62 695.22 690.7 685.63 680.43 674.93 669.43 665.11 660.86 658.07 656.33 653.88 648.83 643.78 638.71 633.64 629.39
756.21 756.77 757.33 756.77 756.21 754.84 753.01 750.98 748.44 745.9 743.23 740.55 738.72 737.59 736.47 735.34 734.21 732.96 731.69 730.03 727.91 725.77 723.37 720.97 718.06 714.95 712.11 709.72 707.35 707.35 707.36 708.28 709.69 711.35 713.6 715.86 716.29 716.57 716.77 716.91 716.77 715.5 714.23 713.43 712.72 712.01 711.31 710.59 709.74 708.9 708.79 708.93 708.41 706.86 705.24 701.43 697.62 693.06 688.12 683.05 677.69 672.33 667.63 662.97 659.37 656.55 653.41 649.19 644.96 640.12 635.18 630.94
757.08 757.37 757.66 757.37 757.08 755.99 754.43 752.49 749.54 746.58 744.13 741.72 740.09 739.1 738.11 737.12 736.13 734.57 732.88 731 728.88 726.75 724.49 722.23 719.55 716.72 714.26 712.41 710.59 711.42 712.24 713.81 715.77 717.74 719.72 721.7 721.6 721.33 721.14 721.01 720.64 719.37 718.1 717.08 716.1 715.31 714.74 714.14 713.3 712.45 711.83 711.28 710.56 709.56 708.47 704.24 700.02 695.41 690.61 685.68 680.46 675.23 670.15 665.09 660.68 656.76 652.95 649.54 646.13 641.53 636.73 632.49
757.95 757.97 757.98 757.97 757.95 757.13 755.84 753.99 750.63 747.27 745.02 742.89 741.46 740.6 739.75 738.9 738.04 736.17 734.07 731.97 729.85 727.74 725.61 723.49 721.05 718.49 716.4 715.1 713.84 715.48 717.13 719.34 721.85 724.12 725.83 727.54 726.92 726.1 725.51 725.11 724.52 723.25 721.98 720.73 719.47 718.61 718.18 717.7 716.85 716.01 714.87 713.64 712.71 712.26 711.69 707.06 702.42 697.77 693.1 688.31 683.22 678.14 672.68 667.2 661.99 656.97 652.48 649.89 647.3 642.94 638.28 634.04
757.18 757.44 757.69 757.95 758.21 757.66 756.65 755.14 752.27 749.39 747.44 745.59 744.14 743.04 741.93 740.83 739.72 737.78 735.67 733.61 731.62 729.61 727.36 725.12 723.13 721.24 719.82 719.19 718.6 720.29 721.98 723.89 725.91 727.73 729.04 730.34 730.02 729.56 729.04 728.49 727.77 726.37 724.97 723.68 722.41 721.42 720.74 719.99 718.76 717.53 716.17 714.77 713.6 712.79 711.88 707.35 702.82 698.21 693.55 688.73 683.52 678.31 673.06 667.82 663.04 658.61 654.47 651.42 648.36 645.37 642.39 639.01
756.31 756.84 757.37 757.9 758.43 758.16 757.42 756.25 753.93 751.61 749.96 748.37 746.9 745.52 744.14 742.76 741.39 739.4 737.28 735.29 733.44 731.54 729.15 726.77 725.25 724.04 723.31 723.37 723.44 725.14 726.83 728.38 729.86 731.17 732.06 732.96 732.98 732.93 732.52 731.83 730.97 729.44 727.9 726.59 725.32 724.2 723.24 722.21 720.57 718.92 717.36 715.82 714.41 713.19 711.88 707.49 703.1 698.53 693.87 689.01 683.66 678.32 673.32 668.35 664.09 660.34 656.62 653.01 649.41 647.86 646.66 644.18
755.43 756.24 757.05 757.85 758.66 758.66 758.19 757.37 755.6 753.82 752.47 751.16 749.66 748.01 746.36 744.7 743.05 741.02 738.9 736.97 735.26 733.46 730.94 728.42 727.37 726.85 726.8 727.54 728.29 729.99 731.68 732.88 733.81 734.61 735.09 735.58 735.95 736.31 736 735.18 734.18 732.51 730.84 729.5 728.23 726.98 725.75 724.43 722.37 720.32 718.55 716.88 715.22 713.59 711.88 707.63 703.38 698.85 694.2 689.29 683.81 678.32 673.58 668.88 665.13 662.06 658.76 654.61 650.46 650.35 650.93 649.35
752.02 753.68 755.34 756.31 757.27 757.8 758.07 757.91 756.57 755.22 753.73 752.23 750.69 749.11 747.55 746.09 744.63 743.11 741.58 740.02 738.45 736.81 734.62 732.43 731.71 731.52 731.72 732.56 733.41 734.64 735.87 736.7 737.31 737.87 738.3 738.72 738.93 739.12 738.79 738.06 737.14 735.44 733.75 732.21 730.71 729.21 727.71 726.05 723.24 720.42 718.01 715.74 713.46 711.19 708.86 704.86 700.86 696.5 691.96 687.24 682.08 676.93 672.57 668.26 665.14 662.87 660.44 657.37 654.3 653.78 653.69 652.23
748.16 750.78 753.4 754.51 755.61 756.7 757.8 758.34 757.41 756.48 754.78 753 751.41 749.97 748.58 747.39 746.2 745.29 744.44 743.32 741.88 740.41 738.63 736.85 736.44 736.52 736.89 737.74 738.58 739.26 739.94 740.4 740.74 741.11 741.53 741.95 741.91 741.82 741.45 740.86 740.05 738.35 736.66 734.9 733.12 731.34 729.57 727.58 723.94 720.3 717.18 714.22 711.26 708.3 705.32 701.59 697.86 693.69 689.28 684.78 680.03 675.29 671.34 667.44 664.97 663.52 662.03 660.32 658.62 657.37 656.19 654.71
744.3 747.88 751.46 752.7 753.94 755.61 757.52 758.78 758.26 757.73 755.82 753.77 752.13 750.83 749.6 748.68 747.77 747.47 747.31 746.62 745.31 744 742.63 741.26 741.17 741.52 742.06 742.91 743.75 743.88 744.01 744.1 744.17 744.34 744.76 745.18 744.89 744.53 744.12 743.66 742.95 741.26 739.57 737.58 735.53 733.47 731.42 729.1 724.64 720.18 716.34 712.69 709.05 705.41 701.77 698.31 694.86 690.87 686.6 682.31 677.98 673.65 670.11 666.63 664.8 664.17 663.61 663.28 662.95 660.96 658.69 657.19
740.99 745.01 749.02 750.82 752.61 754.28 755.88 757.01 756.9 756.79 755.13 753.33 751.93 750.87 749.88 749.24 748.6 748.66 748.87 748.63 747.88 747.13 746.38 745.63 745.74 746.17 746.71 747.45 748.19 748.19 748.19 748.25 748.36 748.52 748.84 749.16 748.6 747.97 747.28 746.55 745.54 743.43 741.32 738.94 736.52 733.94 731.2 728.24 723.59 718.93 715.07 711.46 707.7 703.68 699.68 696.19 692.7 688.92 685 681.04 677.02 672.99 669.86 666.79 665.61 665.8 665.96 665.96 665.96 663.79 661.25 660.06
737.85 742.15 746.44 748.92 751.39 752.87 753.79 754.53 754.83 755.13 753.89 752.49 751.43 750.64 749.93 749.57 749.2 749.53 750.01 750.24 750.18 750.11 750.04 749.97 750.27 750.69 751.18 751.79 752.39 752.39 752.39 752.54 752.79 753.01 753.19 753.37 752.55 751.65 750.61 749.46 748.01 745.36 742.7 739.89 737.05 733.87 730.31 726.63 721.97 717.31 713.66 710.33 706.62 702.33 698.06 694.43 690.8 687.25 683.74 680.16 676.41 672.65 669.92 667.26 666.73 667.75 668.55 668.55 668.55 666.38 663.84 663.05
734.72 739.28 743.85 747.01 750.17 751.47 751.7 752.06 752.77 753.48 752.65 751.66 750.93 750.42 749.98 749.89 749.8 750.4 751.16 751.85 752.47 753.09 753.7 754.32 754.79 755.22 755.66 756.13 756.59 756.59 756.59 756.84 757.21 757.5 757.54 757.59 756.5 755.32 753.93 752.38 750.49 747.29 744.08 740.84 737.59 733.8 729.42 725.01 720.35 715.7 712.24 709.19 705.55 700.98 696.44 692.67 688.91 685.59 682.49 679.27 675.79 672.31 669.99 667.73 667.85 669.69 671.13 671.13 671.13 668.96 666.42 666.04
731.15 735.99 740.83 744.22 747.61 749.2 749.74 750.32 750.99 751.65 751.44 751.14 751.02 751.05 751.07 751.07 751.07 751.92 752.95 753.94 754.87 755.79 756.45 757.11 757.53 757.87 758.2 758.53 758.86 758.77 758.68 758.86 759.19 759.38 759.2 759.01 757.99 756.91 755.53 753.93 752.02 748.91 745.79 742.07 738.23 733.91 729.07 724.26 719.7 715.13 711.63 708.49 704.86 700.48 696.12 692.49 688.86 685.61 682.56 679.51 676.49 673.47 671.73 670.06 670.43 672.28 673.78 674.05 674.33 672.89 671.17 671.07
727.37 732.48 737.6 740.99 744.38 746.48 747.85 748.95 749.34 749.73 750.24 750.76 751.39 752.11 752.69 752.69 752.69 753.76 755.07 756.26 757.34 758.35 758.74 759.13 759.37 759.57 759.76 759.96 760.15 759.92 759.69 759.74 759.94 759.95 759.49 759.03 758.25 757.43 756.25 754.79 753.07 750.37 747.67 743.43 738.91 734.1 728.99 723.96 719.53 715.1 711.43 708.01 704.37 700.4 696.45 693.09 689.74 686.49 683.3 680.33 677.85 675.38 674.31 673.33 673.75 675.18 676.45 677.14 677.82 677.5 677.01 677.14
723.59 728.98 734.36 737.76 741.14 743.77 745.96 747.59 747.7 747.82 749.05 750.39 751.77 753.17 754.31 754.31 754.31 755.61 757.18 758.59 759.8 760.9 761.02 761.14 761.21 761.27 761.33 761.39 761.44 761.08 760.71 760.62 760.68 760.51 759.78 759.05 758.5 757.96 756.98 755.65 754.12 751.83 749.54 744.8 739.59 734.3 728.91 723.65 719.36 715.06 711.22 707.53 703.89 700.33 696.78 693.7 690.62 687.37 684.04 681.14 679.21 677.28 676.89 676.6 677.07 678.09 679.13 680.22 681.32 682.11 682.86 683.2
720.54 725.65 730.76 734 737.23 740.17 742.94 745.14 745.76 746.39 748.2 750.13 751.71 753.01 754.13 754.45 754.76 756.34 758.19 759.77 761.04 762.19 762.27 762.35 762.43 762.51 762.55 762.55 762.55 762.21 761.86 761.69 761.61 761.36 760.67 759.98 759.46 758.96 757.8 756.14 754.34 751.99 749.64 744.78 739.43 734.08 728.74 723.52 719.28 715.05 711.31 707.74 704.33 701.17 698.03 695.31 692.58 689.78 686.94 684.52 683.06 681.6 681.66 681.82 682.33 683.1 683.92 684.96 685.99 687.03 688.06 688.34
718.03 722.46 726.88 729.84 732.8 735.9 739.09 741.88 743.6 745.32 747.6 749.94 751.34 751.96 752.62 753.48 754.34 756.24 758.36 760.09 761.36 762.53 762.74 762.96 763.18 763.39 763.53 763.53 763.52 763.31 763.11 762.89 762.68 762.41 761.99 761.57 760.95 760.31 758.71 756.37 753.94 751.17 748.41 743.71 738.64 733.57 728.49 723.52 719.28 715.05 711.62 708.46 705.46 702.72 699.99 697.67 695.35 693.32 691.44 689.82 688.77 687.72 688.06 688.49 689.04 689.67 690.3 690.93 691.55 692.18 692.8 692.8
715.52 719.26 723.01 725.69 728.37 731.64 735.23 738.62 741.43 744.25 747.01 749.76 750.96 750.9 751.1 752.51 753.92 756.14 758.54 760.42 761.69 762.87 763.22 763.57 763.92 764.27 764.5 764.5 764.49 764.42 764.35 764.1 763.75 763.45 763.31 763.17 762.44 761.67 759.62 756.59 753.53 750.36 747.19 742.65 737.85 733.05 728.25 723.52 719.28 715.05 711.93 709.18 706.59 704.26 701.94 700.03 698.12 696.87 695.95 695.11 694.48 693.84 694.46 695.17 695.75 696.25 696.68 696.89 697.11 697.32 697.53 697.26
713.69 716.49 719.28 721.69 724.1 727.52 731.53 735.44 739.09 742.74 745.94 749.1 750.52 750.49 750.71 752.01 753.3 755.63 758.17 760.15 761.49 762.76 763.44 764.13 764.72 765.27 765.67 765.8 765.93 765.93 765.93 765.61 765.12 764.72 764.52 764.32 763.47 762.55 760.36 757.17 753.95 750.63 747.31 742.87 738.21 733.56 728.9 724.31 720.28 716.24 713.53 711.25 709.19 707.47 705.75 704.32 702.89 702.13 701.7 701.24 700.69 700.13 700.77 701.49 701.88 702.04 702.17 702.17 702.17 702.06 701.93 701.35
712.6 714.17 715.73 717.86 720 723.58 728 732.36 736.55 740.75 744.38 747.95 750 750.79 751.52 752 752.48 754.65 757.19 759.24 760.72 762.16 763.4 764.63 765.57 766.39 767.06 767.47 767.87 767.87 767.87 767.46 766.84 766.22 765.61 765 763.99 762.94 760.91 758.13 755.27 752.09 748.91 744.49 739.83 735.17 730.52 725.98 722.35 718.73 716.53 714.8 713.39 712.49 711.59 710.7 709.82 709.24 708.82 708.27 707.44 706.62 706.98 707.42 707.39 707 706.7 706.7 706.7 706.35 705.95 705.02
711.52 711.85 712.18 714.04 715.9 719.64 724.47 729.27 734.02 738.76 742.81 746.79 749.48 751.09 752.34 752 751.66 753.68 756.22 758.34 759.95 761.57 763.35 765.13 766.41 767.52 768.46 769.14 769.81 769.81 769.81 769.31 768.55 767.72 766.7 765.68 764.51 763.32 761.47 759.1 756.59 753.55 750.5 746.1 741.45 736.79 732.13 727.64 724.43 721.21 719.52 718.34 717.59 717.51 717.42 717.08 716.75 716.36 715.93 715.3 714.2 713.1 713.19 713.36 712.89 711.96 711.22 711.22 711.22 710.64 709.96 708.7
710.66 710.39 710.13 711.71 713.29 717.09 722.18 727.3 732.54 737.78 742.24 746.64 749.84 752.06 753.79 753.31 752.83 754.54 756.7 758.68 760.43 762.21 764.38 766.55 768.02 769.24 770.3 771.09 771.87 771.77 771.66 771.01 770.05 768.99 767.67 766.35 765.12 763.91 762.24 760.23 758.05 755.19 752.34 748.15 743.7 739.28 734.89 730.68 727.88 725.07 723.7 722.8 722.39 722.76 723.12 723.07 723.02 722.61 722.03 721.24 719.97 718.7 718.53 718.42 717.64 716.37 715.31 714.99 714.67 713.72 712.66 711.03
710.16 710.3 710.45 711.76 713.07 716.77 721.85 727.09 732.74 738.39 743.26 748.07 751.61 754.1 756.23 756.71 757.19 758.27 759.48 761.01 762.89 764.81 767.12 769.43 770.83 771.91 772.83 773.49 774.13 773.75 773.37 772.45 771.22 769.93 768.47 767.01 765.9 764.82 763.37 761.63 759.72 757.14 754.56 750.87 746.97 743.17 739.46 735.9 733.51 731.11 729.74 728.7 728.16 728.39 728.62 728.43 728.24 727.51 726.52 725.44 724.17 722.9 722.47 722.09 721.2 719.93 718.69 717.55 716.41 714.87 713.26 711.22
709.66 710.21 710.77 711.81 712.85 716.45 721.53 726.87 732.93 738.99 744.28 749.5 753.37 756.14 758.67 760.11 761.55 762.01 762.27 763.33 765.35 767.41 769.86 772.3 773.64 774.58 775.37 775.89 776.39 775.74 775.09 773.88 772.38 770.86 769.26 767.66 766.67 765.73 764.49 763.03 761.39 759.08 756.77 753.59 750.24 747.05 744.02 741.12 739.14 737.15 735.78 734.61 733.93 734.02 734.11 733.78 733.46 732.41 731.01 729.65 728.38 727.11 726.42 725.76 724.75 723.48 722.06 720.1 718.14 716.02 713.87 711.41
709.41 710.3 711.19 712.15 713.12 716.64 721.64 726.99 733.26 739.53 745.03 750.45 754.57 757.61 760.51 762.75 764.98 765.3 765.19 766.08 768.11 770.17 772.39 774.6 775.96 777.01 777.78 778.08 778.37 777.44 776.51 774.99 773.13 771.31 769.58 767.84 767.04 766.32 765.35 764.2 762.88 760.84 758.8 756.06 753.17 750.49 748.03 745.68 744.1 742.53 741.25 740.06 739.28 739.16 739.03 738.49 737.94 736.66 735.01 733.46 732.15 730.84 729.89 728.96 727.79 726.44 724.82 722.24 719.66 717.08 714.5 711.71
709.79 710.81 711.83 713.21 714.59 718.09 722.81 727.88 733.88 739.88 745.1 750.25 754.4 757.71 760.91 763.56 766.2 767.49 768.48 769.83 771.59 773.29 774.42 775.54 777.11 778.84 779.89 779.78 779.66 778.46 777.26 775.28 772.87 770.63 768.76 766.88 766.45 766.14 765.58 764.85 763.9 762.14 760.38 757.9 755.29 752.89 750.7 748.63 747.47 746.31 745.33 744.42 743.65 743.12 742.58 741.62 740.67 739.34 737.82 736.33 734.88 733.43 732.22 731.02 729.57 727.95 726.08 723.37 720.65 717.93 715.22 712.29
