testDir/InputMaps/malcataHeight_350.grass
north: 40:14:17.01N
south: 40:12:39.7468N
east: 7:02:14.5154W
west: 7:04:21.43W
rows: 350
cols: 350
[rows 128 to 159 of 350, columns 216 to 287 of 350]
745.24 744.55 743.86 742.49 740.1 737.72 735.26 732.76 730.27 727.66 725.03 722.49 720.44 718.38 716.3 714.16 712.02 709.21 705.98 702.76 701.08 699.62 698.3 697.98 697.66 697.7 698.38 699.07 699.19 698.95 698.71 698.78 698.9 699.08 699.81 700.53 701.38 702.47 703.56 704.23 704.59 704.95 706.01 707.22 708.34 708.05 707.77 707.69 708.06 708.42 709.14 710.15 711.15 710.84 710.2 709.57 709.29 709.01 708.59 707.82 707.05 705.51 703.3 701.08 698.23 695.21 692.2 689.9 687.6 685.13 682.18 679.24
748.44 746.94 745.45 743.39 740.51 737.62 735.05 732.65 730.25 727.48 724.65 721.98 720.23 718.47 716.61 714.58 712.54 709.82 706.7 703.58 701.91 700.46 699.14 698.92 698.7 698.77 699.35 699.94 700.21 700.27 700.33 700.7 701.12 701.58 702.3 703.03 703.87 704.96 706.05 706.72 707.08 707.45 708.76 710.27 711.67 711.59 711.52 711.57 711.94 712.3 712.91 713.71 714.52 714.33 713.88 713.46 713.38 713.3 712.99 712.12 711.26 709.62 707.3 704.98 701.88 698.55 695.24 692.64 690.04 687.32 684.27 681.23
751.63 749.34 747.04 744.29 740.91 737.52 734.84 732.54 730.24 727.3 724.27 721.47 720.01 718.56 716.93 714.99 713.06 710.44 707.42 704.39 702.74 701.29 699.99 699.87 699.75 699.84 700.33 700.81 701.22 701.58 701.95 702.62 703.34 704.07 704.8 705.52 706.37 707.46 708.55 709.21 709.58 709.94 711.5 713.31 715.01 715.14 715.26 715.45 715.82 716.18 716.68 717.28 717.88 717.81 717.57 717.35 717.47 717.59 717.4 716.43 715.46 713.72 711.3 708.88 705.53 701.9 698.28 695.38 692.47 689.51 686.36 683.22
754.83 751.73 748.62 745.2 741.31 737.42 734.63 732.43 730.23 727.12 723.89 720.95 719.8 718.65 717.24 715.41 713.57 711.06 708.14 705.21 703.57 702.12 700.83 700.81 700.79 700.91 701.3 701.68 702.23 702.9 703.56 704.54 705.56 706.56 707.29 708.02 708.86 709.95 711.04 711.71 712.07 712.43 714.24 716.36 718.35 718.68 719 719.33 719.7 720.06 720.44 720.85 721.25 721.3 721.26 721.23 721.56 721.88 721.8 720.73 719.66 717.83 715.31 712.79 709.17 705.24 701.32 698.12 694.91 691.7 688.45 685.21
757.26 754.07 750.89 747.37 743.38 739.39 736.58 734.4 732.22 729.15 725.96 723.03 721.7 720.37 718.8 716.82 714.85 712.34 709.52 706.7 705.21 703.91 702.77 702.77 702.77 702.93 703.37 703.82 704.48 705.28 706.09 707.07 708.08 709.06 709.78 710.51 711.28 712.12 712.97 713.45 713.65 713.85 715.48 717.41 719.27 719.95 720.64 721.27 721.79 722.32 722.75 723.11 723.48 723.49 723.41 723.33 723.29 723.25 722.91 721.82 720.73 719.04 716.82 714.61 711.26 707.59 703.93 700.83 697.72 694.57 691.31 688.04
759.49 756.41 753.32 749.87 745.88 741.89 739.07 736.9 734.72 731.73 728.65 725.76 724.13 722.5 720.66 718.48 716.31 713.79 711.07 708.35 707.04 705.95 704.99 704.99 704.99 705.18 705.73 706.27 707.03 707.94 708.85 709.75 710.66 711.55 712.28 713 713.67 714.22 714.76 714.99 714.99 714.99 716.34 717.97 719.57 720.66 721.74 722.72 723.44 724.17 724.69 725.05 725.42 725.35 725.16 724.97 724.43 723.88 723.19 722.1 721.01 719.53 717.72 715.9 712.96 709.69 706.43 703.53 700.62 697.62 694.36 691.09
761.72 758.74 755.76 752.36 748.37 744.38 741.57 739.39 737.21 734.31 731.33 728.49 726.56 724.62 722.52 720.14 717.77 715.24 712.62 709.99 708.88 707.99 707.21 707.21 707.21 707.44 708.08 708.73 709.59 710.6 711.6 712.44 713.25 714.05 714.77 715.5 716.06 716.31 716.55 716.54 716.34 716.14 717.2 718.53 719.88 721.36 722.85 724.17 725.09 726.02 726.63 726.99 727.36 727.21 726.92 726.61 725.56 724.52 723.46 722.37 721.29 720.02 718.61 717.2 714.66 711.79 708.93 706.23 703.52 700.67 697.41 694.14
763.7 760.83 757.97 754.68 750.76 746.85 744.05 741.85 739.66 736.83 733.93 731.11 728.88 726.65 724.29 721.73 719.17 716.63 714.11 711.59 710.65 709.94 709.32 709.38 709.44 709.76 710.57 711.37 712.34 713.43 714.52 715.29 715.99 716.69 717.34 717.99 718.4 718.35 718.29 718.08 717.75 717.43 718.27 719.35 720.49 722.31 724.12 725.7 726.75 727.8 728.46 728.8 729.14 728.92 728.56 728.15 726.7 725.25 723.9 722.81 721.72 720.63 719.54 718.46 716.3 713.84 711.37 708.93 706.49 703.83 700.58 697.34
764.56 761.9 759.23 756.23 752.71 749.2 746.48 744.18 741.88 739.05 736.14 733.29 730.75 728.22 725.63 722.97 720.31 717.8 715.38 712.96 712.12 711.52 711.02 711.38 711.74 712.4 713.61 714.81 715.95 717.03 718.12 718.8 719.41 719.98 720.23 720.48 720.52 720.16 719.8 719.58 719.46 719.33 720.21 721.29 722.43 724.25 726.06 727.57 728.42 729.27 729.78 730.03 730.27 730.03 729.67 729.26 727.81 726.35 725.01 723.92 722.83 721.74 720.65 719.56 717.72 715.66 713.6 711.66 709.72 707.46 704.31 701.17
765.42 762.96 760.5 757.77 754.66 751.55 748.91 746.51 744.11 741.26 738.36 735.47 732.63 729.79 726.98 724.22 721.46 718.98 716.66 714.34 713.6 713.09 712.72 713.38 714.04 715.04 716.65 718.25 719.55 720.64 721.73 722.32 722.83 723.27 723.12 722.96 722.64 721.98 721.31 721.08 721.16 721.24 722.15 723.23 724.37 726.19 728 729.45 730.1 730.75 731.11 731.26 731.4 731.14 730.78 730.37 728.91 727.46 726.12 725.03 723.94 722.85 721.76 720.67 719.14 717.48 715.83 714.39 712.95 711.09 708.04 705
766.29 764.03 761.77 759.32 756.62 753.91 751.34 748.84 746.34 743.48 740.58 737.64 734.5 731.36 728.33 725.47 722.61 720.15 717.93 715.71 715.07 714.66 714.42 715.38 716.34 717.68 719.69 721.7 723.15 724.24 725.33 725.84 726.24 726.56 726 725.45 724.75 723.79 722.83 722.58 722.86 723.14 724.09 725.17 726.31 728.13 729.94 731.33 731.78 732.22 732.44 732.49 732.53 732.25 731.88 731.47 730.02 728.57 727.22 726.14 725.05 723.96 722.87 721.78 720.56 719.31 718.06 717.12 716.18 714.72 711.77 708.83
767.49 765.55 763.61 761.45 758.97 756.48 753.81 751.04 748.26 745.16 742.03 738.87 735.61 732.34 729.26 726.47 723.69 721.43 719.49 717.54 717.18 717.05 717.07 718.28 719.49 721.04 723.22 725.39 726.92 728 729.09 729.32 729.39 729.38 728.53 727.69 726.77 725.68 724.59 724.24 724.43 724.61 725.64 726.84 728.09 729.9 731.72 733.08 733.44 733.81 733.94 733.88 733.82 733.52 733.15 732.75 731.42 730.08 728.82 727.73 726.64 725.52 724.37 723.23 722.03 720.83 719.63 718.67 717.71 716.27 713.48 710.69
768.94 767.4 765.86 763.98 761.6 759.22 756.32 753.15 749.97 746.47 742.93 739.43 736.16 732.9 729.89 727.31 724.72 722.79 721.25 719.71 719.75 720.02 720.42 721.83 723.24 724.92 727.1 729.27 730.8 731.88 732.97 732.77 732.34 731.85 730.81 729.76 728.71 727.62 726.53 726 725.89 725.77 726.91 728.32 729.75 731.57 733.38 734.74 735.11 735.47 735.54 735.38 735.22 734.9 734.54 734.14 733.01 731.88 730.76 729.67 728.58 727.41 726.16 724.91 723.54 722.13 720.73 719.37 718 716.32 713.73 711.15
770.39 769.26 768.12 766.52 764.24 761.96 758.83 755.25 751.67 747.77 743.83 739.98 736.72 733.45 730.52 728.14 725.75 724.15 723.01 721.87 722.31 722.99 723.77 725.38 726.99 728.8 730.98 733.15 734.68 735.76 736.85 736.23 735.29 734.33 733.08 731.84 730.65 729.56 728.47 727.77 727.35 726.94 728.19 729.79 731.42 733.23 735.04 736.41 736.77 737.13 737.15 736.89 736.63 736.29 735.93 735.54 734.61 733.67 732.7 731.61 730.52 729.29 727.95 726.6 725.05 723.44 721.83 720.06 718.3 716.37 713.99 711.6
771.85 771.11 770.37 769.05 766.87 764.69 761.34 757.36 753.38 749.07 744.73 740.54 737.27 734 731.15 728.97 726.79 725.51 724.77 724.04 724.88 725.96 727.12 728.93 730.74 732.68 734.86 737.03 738.56 739.64 740.73 739.68 738.24 736.8 735.36 733.91 732.59 731.5 730.41 729.53 728.82 728.1 729.46 731.27 733.08 734.89 736.71 738.07 738.43 738.8 738.76 738.4 738.04 737.67 737.31 736.93 736.2 735.47 734.64 733.55 732.46 731.18 729.73 728.28 726.55 724.74 722.93 720.76 718.6 716.42 714.24 712.06
773.42 772.21 770.99 769.27 766.8 764.33 761.12 757.52 753.92 750.09 746.22 742.45 739.29 736.12 733.44 731.56 729.67 728.7 728.27 727.84 728.56 729.45 730.44 732.15 733.87 735.64 737.53 739.41 740.7 741.59 742.48 741.64 740.48 739.3 737.85 736.4 735.2 734.5 733.8 733.26 732.83 732.4 733.73 735.45 737.13 738.36 739.58 740.48 740.65 740.82 740.69 740.33 739.96 739.68 739.41 739.13 738.4 737.68 736.85 735.76 734.67 733.23 731.49 729.74 727.64 725.43 723.22 720.65 718.08 715.49 712.82 710.15
775.01 773.29 771.57 769.42 766.65 763.88 760.83 757.63 754.43 751.09 747.73 744.41 741.34 738.27 735.77 734.19 732.61 731.94 731.81 731.68 732.26 732.95 733.75 735.37 736.98 738.59 740.17 741.75 742.79 743.49 744.18 743.56 742.7 741.79 740.34 738.89 737.83 737.53 737.24 737.04 736.91 736.78 738.08 739.7 741.25 741.87 742.49 742.91 742.88 742.85 742.63 742.27 741.9 741.7 741.53 741.35 740.62 739.89 739.06 737.98 736.89 735.29 733.24 731.2 728.71 726.1 723.49 720.52 717.55 714.52 711.35 708.18
776.59 774.37 772.14 769.58 766.5 763.43 760.54 757.74 754.95 752.09 749.23 746.36 743.39 740.43 738.11 736.83 735.55 735.17 735.35 735.52 735.97 736.46 737.06 738.58 740.09 741.53 742.81 744.09 744.89 745.38 745.87 745.48 744.92 744.29 742.84 741.38 740.45 740.56 740.67 740.82 740.99 741.16 742.44 743.95 745.37 745.39 745.41 745.35 745.11 744.87 744.57 744.21 743.84 743.72 743.66 743.56 742.84 742.11 741.28 740.19 739.1 737.35 735 732.65 729.79 726.78 723.76 720.38 717.01 713.56 709.89 706.21
777.97 775.28 772.6 769.77 766.72 763.68 760.91 758.3 755.68 753.27 750.87 748.44 745.72 743 740.92 739.87 738.81 738.55 738.77 738.99 739.3 739.62 740.06 741.37 742.67 743.88 744.94 745.99 746.58 746.87 747.16 746.93 746.6 746.19 744.92 743.65 742.96 743.39 743.83 744.2 744.53 744.86 746.02 747.36 748.58 748.14 747.71 747.26 746.79 746.31 745.84 745.37 744.89 744.74 744.66 744.56 743.84 743.11 742.26 741.1 739.94 738.04 735.5 732.96 729.77 726.4 723.01 719.35 715.68 711.88 707.71 703.53
779.02 775.93 772.84 770.01 767.57 765.13 762.44 759.63 756.81 754.74 752.74 750.72 748.51 746.29 744.56 743.61 742.66 742.18 742 741.81 741.98 742.21 742.51 743.41 744.31 745.23 746.18 747.14 747.57 747.66 747.74 747.57 747.34 747.07 746.3 745.54 745.24 745.88 746.52 746.92 747.14 747.37 748.26 749.3 750.23 749.59 748.95 748.27 747.5 746.72 745.95 745.17 744.4 744.02 743.75 743.45 742.73 742 741.09 739.73 738.37 736.38 733.84 731.3 727.88 724.2 720.52 716.75 712.99 708.98 704.3 699.62
780.06 776.57 773.08 770.25 768.42 766.58 763.98 760.96 757.94 756.2 754.62 753.01 751.3 749.58 748.2 747.35 746.5 745.81 745.22 744.63 744.67 744.79 744.96 745.46 745.96 746.58 747.43 748.28 748.55 748.44 748.33 748.21 748.08 747.94 747.68 747.42 747.53 748.37 749.2 749.63 749.75 749.88 750.51 751.25 751.88 751.04 750.2 749.29 748.21 747.13 746.06 744.98 743.9 743.31 742.83 742.35 741.62 740.89 739.93 738.36 736.8 734.72 732.18 729.64 725.98 722 718.02 714.16 710.29 706.08 700.9 695.71
781.1 777.21 773.31 770.5 769.26 768.03 765.51 762.29 759.07 757.67 756.49 755.3 754.09 752.88 751.84 751.09 750.34 749.44 748.45 747.46 747.35 747.37 747.41 747.5 747.6 747.93 748.68 749.43 749.54 749.23 748.91 748.85 748.82 748.82 749.06 749.3 749.81 750.85 751.89 752.34 752.37 752.39 752.75 753.19 753.53 752.49 751.45 750.3 748.92 747.55 746.17 744.79 743.41 742.59 741.92 741.24 740.51 739.79 738.76 737 735.23 733.05 730.51 727.97 724.08 719.8 715.53 711.56 707.59 703.17 697.49 691.8
783.05 779.13 775.22 772.39 771.15 769.9 767.6 764.71 761.83 760.48 759.31 758.14 756.9 755.66 754.53 753.57 752.62 751.58 750.49 749.4 749.19 749.12 749.03 748.88 748.73 748.78 749.2 749.62 749.43 748.84 748.25 747.97 747.74 747.57 748.01 748.45 749.16 750.4 751.64 752.12 752.04 751.96 752.19 752.47 752.67 751.66 750.65 749.4 747.65 745.89 744.43 743.21 741.99 741.04 740.16 739.29 738.56 737.84 736.69 734.49 732.3 729.72 726.8 723.88 720.08 716.03 711.98 707.91 703.84 699.4 693.9 688.4
785.28 781.47 777.65 774.8 773.36 771.92 769.86 767.48 765.1 763.71 762.45 761.16 759.72 758.28 756.9 755.65 754.39 753.24 752.15 751.06 750.77 750.59 750.4 750.04 749.69 749.47 749.49 749.51 748.97 748.08 747.19 746.6 746.07 745.64 746.18 746.72 747.56 749 750.44 750.95 750.77 750.6 750.72 750.9 751.02 750.1 749.19 747.89 745.73 743.58 742.1 741.18 740.26 739.21 738.14 737.07 736.35 735.62 734.33 731.63 728.93 725.85 722.42 719 715.4 711.76 708.1 703.93 699.76 695.35 690.25 685.15
787.51 783.8 780.09 777.21 775.57 773.93 772.13 770.25 768.37 766.95 765.58 764.18 762.54 760.89 759.28 757.73 756.17 754.9 753.82 752.73 752.34 752.07 751.76 751.2 750.65 750.16 749.77 749.39 748.52 747.32 746.13 745.24 744.41 743.71 744.35 744.99 745.96 747.61 749.25 749.78 749.51 749.23 749.25 749.33 749.36 748.55 747.74 746.38 743.82 741.26 739.78 739.16 738.54 737.39 736.11 734.85 734.13 733.4 731.97 728.76 725.56 721.98 718.05 714.12 710.73 707.48 704.22 699.95 695.68 691.3 686.6 681.9
789.51 785.97 782.43 779.61 777.82 776.04 774.45 772.97 771.49 769.99 768.5 766.96 765.13 763.3 761.48 759.68 757.88 756.52 755.41 754.31 753.81 753.4 752.96 752.22 751.48 750.73 749.97 749.22 748.03 746.57 745.1 743.92 742.78 741.81 742.48 743.14 744.21 746.07 747.93 748.51 748.16 747.81 747.69 747.61 747.49 746.75 746.01 744.63 741.82 739 737.53 737.14 736.75 735.5 734.03 732.59 731.76 730.93 729.3 725.7 722.11 718.12 713.8 709.47 706.24 703.32 700.38 696.05 691.73 687.41 683.1 678.79
790.16 787.23 784.29 781.91 780.32 778.74 777.09 775.41 773.73 771.94 770.14 768.33 766.4 764.47 762.63 760.93 759.23 757.84 756.63 755.43 754.66 753.95 753.22 752.38 751.54 750.66 749.7 748.74 747.42 745.85 744.28 742.83 741.39 740.11 740.38 740.64 741.54 743.7 745.86 746.63 746.38 746.13 745.61 745.04 744.44 743.6 742.76 741.49 739.28 737.07 735.76 735.16 734.57 733.2 731.63 730.07 728.53 727 724.93 721.53 718.13 714.35 710.23 706.1 702.84 699.82 696.78 692.65 688.53 684.44 680.43 676.42
790.82 788.48 786.15 784.21 782.82 781.44 779.73 777.85 775.97 773.89 771.79 769.7 767.67 765.64 763.77 762.17 760.58 759.16 757.86 756.55 755.5 754.49 753.49 752.55 751.6 750.59 749.43 748.27 746.8 745.14 743.47 741.74 740.01 738.41 738.27 738.14 738.87 741.33 743.79 744.75 744.6 744.45 743.54 742.46 741.38 740.44 739.5 738.35 736.75 735.14 733.98 733.19 732.39 730.9 729.23 727.54 725.3 723.06 720.55 717.35 714.16 710.58 706.65 702.73 699.43 696.31 693.18 689.26 685.33 681.47 677.76 674.06
791.47 789.74 788.01 786.5 785.32 784.14 782.37 780.29 778.2 775.84 773.43 771.07 768.94 766.81 764.92 763.42 761.92 760.48 759.08 757.67 756.35 755.04 753.75 752.71 751.67 750.51 749.15 747.79 746.19 744.42 742.65 740.66 738.62 736.71 736.17 735.63 736.2 738.96 741.73 742.86 742.82 742.77 741.46 739.88 738.33 737.29 736.24 735.21 734.21 733.21 732.21 731.21 730.22 728.6 726.84 725.02 722.07 719.13 716.17 713.18 710.18 706.8 703.08 699.36 696.03 692.81 689.58 685.86 682.14 678.5 675.1 671.69
792.37 790.98 789.58 788.29 787.14 786 784.22 782.1 779.98 777.38 774.73 772.15 769.97 767.8 765.85 764.29 762.73 761.24 759.79 758.34 756.79 755.23 753.71 752.46 751.2 749.9 748.5 747.11 745.49 743.73 741.97 739.81 737.58 735.48 734.7 733.92 734.24 736.77 739.29 740.29 740.18 740.07 738.6 736.84 735.12 733.92 732.73 731.64 730.81 729.97 729.03 727.99 726.96 725.43 723.78 722.06 718.74 715.42 712.25 709.45 706.66 703.6 700.29 696.99 693.89 690.84 687.78 684.21 680.63 677.15 673.94 670.73
793.5 792.2 790.91 789.63 788.39 787.14 785.39 783.37 781.35 778.59 775.74 772.98 770.8 768.63 766.61 764.85 763.09 761.52 760.07 758.62 756.89 755.13 753.4 751.84 750.29 748.83 747.53 746.23 744.72 743.06 741.4 739.17 736.84 734.64 733.76 732.88 732.9 734.72 736.54 737.12 736.81 736.5 735.08 733.42 731.78 730.38 728.98 727.7 726.66 725.63 724.65 723.71 722.78 721.51 720.17 718.73 715.31 711.88 708.7 706.11 703.52 700.87 698.17 695.47 692.81 690.17 687.5 684.03 680.56 677.18 674.07 670.96
794.62 793.43 792.23 790.98 789.63 788.29 786.57 784.65 782.73 779.79 776.74 773.81 771.64 769.46 767.36 765.4 763.44 761.8 760.34 758.89 757 755.03 753.08 751.23 749.37 747.75 746.56 745.36 743.95 742.39 740.83 738.53 736.1 733.8 732.82 731.84 731.56 732.67 733.78 733.96 733.45 732.93 731.56 730 728.44 726.84 725.24 723.76 722.52 721.28 720.27 719.44 718.6 717.6 716.55 715.4 711.87 708.35 705.16 702.77 700.37 698.14 696.04 693.95 691.74 689.5 687.23 683.86 680.48 677.21 674.2 671.19
