testDir/InputMaps/malcataAspect_300.grass
north: 40:14:17.01N
south: 40:12:39.7468N
east: 7:02:14.5154W
west: 7:04:21.43W
rows: 300
cols: 300
[rows 198 to 230 of 300, columns 0 to 73 of 300]
0 0 328.7 302.91 252.02 239.68 233.53 236.51 237.7 236.82 233.53 226.74 214.62 206.54 209.31 221.74 234.66 242.4 248.26 245.49 234.85 222.24 202.72 192.02 185.93 178.61 171.12 165.41 161.6 158.5 167.61 191.45 205.95 216.19 222.01 222.76 224.75 227.52 241.43 273.35 278.98 259.68 244.45 246.15 251.4 252.4 252.79 252.76 247.11 242.75 263.1 287.62 290.78 290.71 291 287.64 284.78 286.18 288.42 289.02 284.26 279.87 276.24 271.91 275.66 283.18 285.35 280.2 276.02 283.47 288.88 287.49 287.64 289.44
0 0 352.38 326.21 224.52 225.41 245.48 254.32 246.22 238.04 232.98 229.36 225.99 222.21 223.92 234.01 243.1 244.13 243.47 233.78 212.99 193.42 178.75 173.28 171.03 170.6 171.16 173.68 178.83 187.3 206.76 213.83 216.03 220.68 224.42 228.11 234.66 239.78 253.38 279.84 287.41 257.23 234.93 239.47 246.01 247.81 251.08 253.57 251.12 250.37 270.45 292.56 296.25 294.91 294.73 290.36 285.45 286.46 287.95 288.1 283.37 279.31 276.8 273.08 278.86 288.67 290.55 283.54 278.07 287.74 296.97 294.83 288.9 286.29
0 0 11.48 5.51 196.24 224.08 270.81 273.19 251 234.29 232.56 236.99 237.6 234.61 234.7 240.66 244.93 240.27 232.44 214.91 190.77 173.02 161.54 157.8 157.86 162.05 169.85 182.32 200.04 220.2 235.98 229.94 222.89 223.27 231.22 241.17 247.4 250.49 258.25 272.2 278.41 248.82 229.95 236.25 239.89 241.94 250.65 257.55 260.16 262.7 276.29 291.76 295.98 295.27 295.9 292.56 287.25 288.19 289.34 288.29 279.27 270.29 277.32 283.86 290.85 300.11 300.15 292.72 286.49 290.54 297.49 297.5 290.83 286.26
0 0 9.65 4.17 203.33 249.72 299.37 291.23 251.25 226.39 229.93 243.34 243.39 238 236.85 240.26 241.95 235.07 224.81 207.88 188.25 174.63 163.91 158.55 157.27 159.76 167.7 183.21 209.33 227.17 233.81 229.07 223.99 227.2 245.24 259.4 258.29 256.5 258.28 260.16 257.53 243.37 236.74 238.13 235.58 237.96 252.7 264.03 271.78 276.45 282.37 290.66 292.73 290.6 289.9 287.66 284.05 284.85 285.8 283.36 268.4 252.21 271.52 295.21 300.41 306.89 306.56 302.09 297.2 293.94 293.84 293.08 288.19 285.02
0 0 8.15 10.83 154.92 297.41 323.57 313.63 245.92 217.06 228.97 249.28 248.03 240.68 239.08 240.6 240.6 232.91 222.55 208.92 194.42 186.51 182.27 180.58 181.56 186.07 195.61 217.68 242.07 241.95 237.33 233.34 229.02 231.97 254.31 273.22 262.24 251.87 247.82 241.26 236.18 231.98 227.89 223.16 221.63 231.97 256.25 270.96 281.9 288.74 290.15 293.83 293.82 289.3 286.6 285.01 282.57 283.2 283.93 280.2 262 248.52 268.7 291.82 301.13 310.18 310.92 309.06 307.62 301.77 296.21 294.39 290.21 287.63
0 0 7.68 17.03 45.6 345.06 339.35 336.53 238.71 212.83 232.76 252.48 250.79 244.16 242.96 242.26 240.69 232.33 221.92 211.23 200.63 197.07 199.7 204.01 208.63 216.2 225.3 246.76 263.13 251.06 239.27 235.78 232.07 232.96 247.99 266.75 227.43 184.54 173.46 191.38 219.47 217.7 200.19 187.83 201.92 234.96 266.49 278.73 288.35 296.13 297.64 299.92 298.07 290.13 284.73 283.5 281.81 282.27 282.8 279.32 264.72 256.93 269.62 282.89 296.19 311.52 313.95 311.82 313.07 310.33 303.42 300.8 296.74 294.31
0 0 8.43 16.93 21.74 352.12 341.19 337.68 259.62 223.18 241.17 253.79 253.01 249.62 248.84 244.64 240.71 230.72 219.2 209.76 200.74 197.83 201.22 206.42 211.46 219.51 229.86 256.16 273.94 253.76 236.36 233.25 230.42 230.08 235.37 234.41 200.57 175.36 162.76 187.11 251.17 214.77 192.98 184.15 218.65 265.49 281.58 286.5 291.72 296.72 298.34 300.53 298.03 288.08 280.98 280.47 279.69 280.07 280.5 279.08 272.47 268.34 271.39 274.81 291.62 313.66 317.05 311.33 309.32 307.67 302.17 300.56 298.3 297.28
0 0 2.22 6.97 4.7 351.49 341.61 332.84 283.7 245.52 252.17 254.79 253.69 251.57 249.57 241.76 236.85 226.23 215.61 208.62 200.85 197.34 198.84 200.49 203.47 215.51 232.39 261.77 281.2 250.66 229.57 229.93 228.58 227.41 227.06 220.64 204.33 192.55 190.95 280.41 308.53 193.19 188.83 202.14 275.28 289.19 291.62 292.52 295.11 297.34 297.23 298.52 296.59 286.07 277.79 278.4 278.74 278.78 278.85 278.67 278.14 277.32 273.87 270.69 284.74 306.03 311.6 304.66 299.24 297.92 294.05 292.44 291.04 291.01
0 0 352.96 354.71 353.11 349.7 342.62 330.8 296.68 266.48 260.66 253.97 250.93 246.69 241.55 234.22 232.98 222.45 213.48 208.43 200.9 196.41 195.19 191.72 191.11 212 241.29 261.16 273.78 239.29 226.14 230.71 227.91 225.23 222.32 216.07 209.82 208.38 214.23 230.09 102.97 159.19 187.23 230.44 284.97 293.06 294.95 295.85 298.92 300.26 296.45 294.04 292.2 283.06 275.28 278.29 280.78 280.64 280.66 280.37 280.57 280.69 277.68 274.51 283.64 298.77 304.27 297.49 290.8 291.15 290.17 288.61 286.84 286.37
0 0 350.73 352.29 351.37 349.75 344.4 334.41 308.93 282.53 266.51 251.35 246.14 239.44 233.28 233.46 239.08 225.01 214.46 208.73 200.39 195.59 193.59 189.24 188.87 229.4 263.16 256.59 246.25 236.86 243.74 239.47 228.58 223.27 218.4 211.4 208.72 211.54 212.96 199.42 151.57 145.2 194.75 260.39 290.36 294.86 296.77 297.85 302.66 304.9 297.2 288.64 285.09 278.46 272.93 279.26 284.7 284.78 285.2 284.41 283.1 282.32 282.67 282.28 287.43 297.26 301.09 293.9 286.64 289.7 292.1 290.57 287.77 286.26
0 0 351.12 356.01 358.9 359.25 356.44 349.77 332.11 305.07 273.57 245.65 238.13 230.39 224.93 225.18 223.36 197.32 185.78 180.92 178.88 178.16 178.02 179.57 184.29 253.27 290.64 235.46 208.07 216.2 262.5 232.47 214.27 211.48 207.2 199.63 198.22 206.76 212.1 209.64 205.88 236.22 276.15 282.38 289.46 291.87 294.4 296.61 304.41 309.66 300.39 285.74 279.74 275.22 272.02 279.24 285.63 286.2 287.31 286.81 284.87 283.4 286.4 288.66 290.95 296.42 298.51 290.98 283.37 287.61 292.83 293.27 291.24 290.03
0 0 351.64 2.07 9.71 11.76 10.44 6.58 356.89 334.75 287.82 237.14 227.93 221.72 217.63 206.69 176.6 155.23 150.13 147.93 152.21 155.79 156.55 164.7 176.84 192.74 55.69 140.92 160.98 154.11 88.35 142.7 175.36 191.28 192.91 186.76 184.48 199.46 219.84 231.4 243.6 268.57 283.86 284.09 285.28 286.81 289.4 292.35 302.77 311.77 304.28 287.58 280.29 276.55 274.23 279.83 284.97 285.62 286.86 287.07 286.2 285.12 288.79 292.18 292.89 295.19 295.94 289.05 282.13 283.96 287.67 290.34 291.48 294.07
0 0 349.92 4.55 13.38 15.25 13.39 9.71 1.57 345.66 303.46 232.47 223 218.88 214.64 197.1 173.02 155.92 149.34 145.27 146.82 149.57 146.8 151.9 172.61 168.61 114.57 126.59 142.74 140.33 112.35 122.88 152.43 185.16 189.05 183.45 180.82 205.67 244.04 257.5 264.81 277.14 284.92 283.69 282.59 283.32 285.19 287.74 299 309.45 304.43 291.58 285.1 281.07 278.52 282.23 285.81 286.1 286.82 287.4 288.28 288.24 291.68 295.01 294.22 293.74 293.4 288.12 282.81 279.94 276.82 276.6 275.82 274.67
0 0 312.68 326.34 337.07 344.65 348.86 348.84 346.31 342.04 312.18 222.42 210.13 201.88 191.35 177.7 166.83 158.99 156.96 156.26 157.92 160.37 156.25 152.83 177.26 178.61 154.66 139.53 137 133.72 129.35 139.2 166.66 193.11 188.75 185.89 193.37 265.34 279.12 281.58 281.54 283.74 286.76 286 284.27 284.09 284.63 286.02 296.88 306.67 303.2 294.98 290.23 286.32 283.57 285.86 287.89 287.04 286.47 286.54 288.02 289.1 293.31 297.71 296.74 294.58 293.98 290.5 286.74 277.7 262.69 254.95 244.2 217.66
0 0 283.03 290.37 298.87 307.84 318.16 322.64 325.88 332.3 309.98 204.52 189.43 174.88 160.85 158.69 158.41 157.92 163.48 172.3 179.33 183.37 188.64 200.2 191.03 185.47 181.07 168.55 147.28 122.29 93.79 245.83 234.68 202.99 188.45 190.44 216.69 289.32 289.64 287.58 286.7 284.07 283.32 290.75 296.16 294.06 291.04 289.87 298.3 305.64 302.64 297.18 294.12 291.31 288.86 290.95 292.14 289.56 287.34 286.06 285.54 285.94 291.29 297.73 298.08 295.52 295.65 294.29 293.92 264.44 196.2 168.96 148.5 135.7
0 0 271.94 278.75 287.51 296.67 309 314.03 315.3 322.3 289.37 195.82 182.5 169.87 158.07 155.49 156.27 155.94 163.19 178.82 188.63 192.73 200.35 208.33 193.09 187.72 188.24 178.25 159.14 111.51 13.24 302.21 236.01 200.86 188.94 193.87 237.62 304.24 297.68 288.67 284.25 274.93 263.17 284.73 310.19 306.86 299.98 296.2 300.86 305.52 302.91 298.71 296.75 295.45 293.68 296.69 298.2 294.26 290.64 287.78 283.54 281.08 286.17 292.82 292.82 288.14 285.93 279.28 263.72 179.45 159.39 148.44 138.36 132.11
0 0 264.76 271.11 279.21 287.86 302.13 309.7 309.75 315.02 249.86 186.07 177.91 171.75 166.21 164.69 165.92 166.6 175.31 191.98 196.74 197.9 204.44 210.06 204.41 207.68 207.13 195.54 184.66 177.6 352.41 324.89 223.49 201.26 198.91 207.35 263.34 311.76 305.57 291.44 282.07 264.97 246.8 272.18 305.83 305.84 300.25 296.63 298.09 300.17 298.1 295.04 294.08 294.4 293.92 298 301.54 298.97 295.79 292.45 284.06 277.54 282.94 290.7 289.87 279.69 268.25 224.95 163.19 143.37 140.34 133.42 126.15 122.27
0 0 262.94 267.41 272.33 277.68 288.79 298.01 299.37 305.1 187.97 173.32 171.05 172.4 175.49 179.91 185.04 194.58 215.31 219.52 210.01 205.9 211.2 217.09 218.93 230.61 230.55 218.77 215.24 256.94 326.6 327.1 211.97 210.85 223.12 235.17 275.91 308.27 308.72 296.76 284.81 262.1 245.55 270.58 298.54 300.54 297.27 294.61 293.91 293.92 292.27 290.09 289.72 290.8 291.22 294.27 298.81 299.76 299.69 298.93 286.85 272.76 280.45 297.17 306 139.82 129.63 132.39 129.48 126.14 125.59 121.15 115.98 113.34
0 0 265.07 266.31 267.38 268.8 272.03 273.94 267.52 244.45 174.2 169.03 168.18 172.02 179.54 187.91 195.7 210.77 235.89 232.32 215.27 208.58 212.8 217.84 221.86 236.03 238.21 229.6 228.69 252.84 293.31 298.52 216.07 234.2 255.22 262.93 281.5 299.83 304.35 300.18 291.17 266.26 249.86 273.84 297.98 300.42 298.54 296.42 294.07 292.59 291.07 289.13 288.88 290.05 290.66 290.34 291.76 293.33 293.9 294.4 279.01 254.83 250.4 202.95 122.18 123.73 124.05 131.05 131.19 127.71 126.19 121.74 116.44 113.45
0 0 267.37 264.98 262.15 259.48 253.62 244.82 230.44 203.59 175.21 170.37 169.21 171.9 179.03 188.02 197.18 214.43 241.82 233.2 212.41 206.19 210.61 215.24 219.88 234.17 237.05 229.64 228.06 240.68 253.89 254.32 269.95 277.48 285.14 285.83 286.5 291.01 295.85 299.28 295.28 273.03 257.34 277.73 297.83 300.69 300.36 299.22 295.97 293.56 292.35 290.69 290.81 292.51 294.06 290.49 287.23 287.75 285.83 282.9 247.19 194.59 157.87 131.95 121.87 120.07 120.39 128.75 131.92 130.31 129.77 126.33 121.34 118.32
0 0 267.62 261.06 254 246.18 231.46 217.83 205.5 188.97 175.1 172.07 171.48 172.91 177.81 186.19 197.35 215.69 241.23 226.23 205.33 202.21 208.26 213.67 218.76 229.93 229.15 217.97 209.66 218.24 242.64 266.32 286.07 288.65 291.08 293.29 289.68 286.22 290.68 297.79 296.63 279.31 266.5 280.3 294.59 297.73 299.04 299.42 296.23 293.59 292.94 291.78 292.8 295.79 301.68 299.71 292.19 295.86 127.84 116.22 124.77 124.37 118.9 115.42 112.72 111.59 112.03 119.06 124.46 126.37 128.84 128.35 125.62 124.41
0 0 264.53 255.57 246.79 234.3 215.85 203.96 195.33 184.3 175.22 172.92 172.68 173.47 176.93 185.27 199.82 218.62 237.08 219.43 201.75 201.04 207.93 213.22 217.51 224.09 219.35 205.73 192.73 200.97 276.07 288.82 297.63 295.6 291.38 290.7 289.36 286.2 291.06 299.31 299.29 285.9 275.28 283.46 292.8 295.52 297.41 298.4 294.77 291.42 290.41 288.4 288.29 287.55 292.55 299.91 112.64 111.88 116 116.68 122.57 122.91 118.73 115.98 113.39 111.52 111.1 115.24 119.48 122.36 125.96 126.91 125.49 125.81
0 0 259.67 251.1 242.56 226.14 207.35 198.39 193.25 186.76 181.32 181.38 184.21 186.39 187.01 191.41 203.97 219.67 234.79 220.57 203.48 200.66 204.94 208.65 211.62 214.8 210.17 202.05 196.5 227.64 307.95 307.9 311.05 305.83 294.2 287.03 287.13 286.56 291.39 299.85 301.53 292.43 284 288.18 293.98 296.2 298.33 299.71 295.11 290.48 288.62 284.39 280.58 265.34 232.26 156.05 125.29 120.54 120.86 120.75 125.76 126.63 122.76 119.94 117.18 114.72 113.73 115.63 118.06 120.67 123.83 124.22 121.96 121.37
0 0 248.47 235.56 221.87 203.8 193.32 191.67 193.14 194.06 196.98 206.64 214.8 214.89 208.24 203.46 199.53 204.26 239.48 227.48 204.51 194.94 192.49 193.87 196.48 198.48 198.19 202.13 211.91 258.59 305.74 314.37 321.28 317.04 301.83 289.51 287.55 286.28 288.64 294.63 298.32 295.58 291.52 294.08 298.19 300.41 303.23 306.52 301.81 295.96 296.42 286.01 145.97 137.93 132.4 120.99 113.83 113.38 114.64 115.46 120.15 122.53 120.56 119.07 117.32 115.23 114.88 116.55 118.3 120.87 123.6 123.05 119.7 117.56
0 0 232.3 214.5 197.62 186.26 184.71 188.31 194.05 199.12 209.51 229.1 232.35 222.84 211.67 204.16 192.13 186.52 295.2 243.99 203.53 190.01 183.72 182.99 185.79 188.04 191.59 207.77 232.47 270.23 299.04 314.59 326.68 324.8 311.66 298.7 292.72 288.84 287.8 288.66 291.18 293.95 295.05 297.27 300.62 302.35 304.37 309.06 302.73 284.51 121.47 118.94 117.21 122.52 123.77 118.78 114.32 113.93 114.84 115.24 118.48 120.62 119.03 117.76 116.06 113.32 113.11 115.77 117.97 121.03 124.04 123.34 120.2 117.63
0 0 228.73 212.98 199.17 190.07 187.06 188.86 192.27 194.53 205.94 238.89 232.13 212.98 202.24 197.53 190.41 189.71 339.39 258.47 192.34 184.14 180.62 181.14 185.33 190.57 199.83 231.89 261.3 278.47 291.9 308.9 323.92 324.23 315.99 307.39 300.05 294.18 289.85 284.51 283.68 290.39 295.53 297.07 299.63 300.31 299.11 301.17 278.39 201.22 150.59 135.56 128.33 128 127.23 123.16 119.62 119.38 120.34 120.51 122.71 124.2 122.07 120.02 117.17 112.32 110.93 114.11 116.82 120.62 124.44 124.27 122.41 120.86
0 0 233.1 221 210.63 202.84 194.27 188.52 182.62 174.4 161.77 127.12 173.07 182.69 185.66 189.78 192.89 196.39 32.3 105.82 156.19 167.11 169.83 173.09 182.89 202.61 230.31 266.32 280.53 282.58 285.14 297.45 312.24 315.28 311.91 309.33 305.58 300.9 294.75 283.43 279.02 288.2 296.71 299.05 302.91 305.43 303.22 312.32 152.56 145.94 136.06 131.76 127.36 125.96 125.09 122.16 120.43 123.07 126.87 129.6 133.61 136.12 134.25 131.46 126.43 118.03 114.07 116.09 118.09 122.44 126.69 126 124.42 125.65
0 0 243.7 228.67 217.74 209.39 197.33 187.33 176.56 164.23 140.75 96.94 118.15 155.43 172.71 185.38 196.21 195.02 133.56 118.85 135.5 151.12 158.9 165.14 180.71 230.07 263.31 282.6 288.7 286.68 285.53 294.21 306.34 309.58 306.96 306.3 306.33 304.66 298.69 284.21 277.44 285.24 293.63 295.85 299.98 304.62 279.07 122.11 134.02 137.47 133.72 131.92 128.18 125.43 123.97 119.82 117.06 121.98 128.91 135.41 143.36 148.03 147.79 145.33 138.76 127.88 121.03 119.82 119.8 124.71 129.32 126.83 121.61 123.27
0 0 256.03 230.64 215.1 204.59 192.6 183.95 175.24 165.92 145.62 99.52 110.7 143.78 165.17 179.99 188.8 181.59 157.33 137.03 133.31 142.84 154.86 169.45 204.26 283.86 290.41 295.06 296.27 292.43 289.66 296.51 306.78 309.33 304.96 302.43 303.65 303.76 298.39 284.26 277.01 281.27 286.45 284.89 280.99 264.01 177.75 145.98 142.84 142.49 139.25 137.72 133.73 129.4 126.92 120.02 113.41 117.97 124.7 131.4 140.93 146.47 147.53 147.06 142.09 133 126.25 122.47 120.61 126.79 132.61 128.35 115.66 110.45
0 0 260.48 220.45 197.81 185.65 177.83 172.17 166.71 162.38 146.37 106.77 104.78 116.22 130 143.53 144.12 144.91 147.38 143.17 135.88 141.25 174.18 238.34 272.68 291.36 294.13 296.32 297.44 294.82 292.26 297.41 306.36 309.55 304.85 300.99 303.17 305.68 302.37 287.08 277.11 279.35 283.65 269.05 190.04 143.21 140.54 136.3 137.8 139.75 139.74 141.29 140.21 137.31 135.78 127.63 116.69 119.34 123.73 128.01 136.34 141.43 143.39 146.68 147.27 142.84 136.47 129.27 125.79 136.42 146.76 145.23 125.68 108.21
0 0 250.89 204.73 182.99 172.44 168.3 164.67 160.81 159.09 147.87 119.66 108.01 102.09 104.41 126.74 132.91 130.55 135.84 139.3 132.73 132.63 285.73 290.61 288.46 291.75 292.95 294.76 296.14 295.42 294.16 297.26 303.94 307.44 303.31 299.1 300.7 303.75 302.54 284.3 265.68 253.67 182.77 137.96 133.26 130.04 133.19 132.7 134.5 136.99 138.44 141.78 143.48 143.13 143.77 137.9 126.15 125.27 126.35 127.88 133.89 137.92 138.63 142.9 149.6 151.28 146.3 135.12 128.07 145.36 162.16 169.55 163.22 134.2
0 0 234.91 197.16 181.54 173.41 169.75 166.42 162.35 159.97 152.42 134.83 117.28 95.47 88.94 129.6 142.08 133.73 130.69 130.32 109.02 40.59 333.52 318.23 303.4 296.9 295.28 295.86 296.44 296.79 296.66 297.44 300.59 302.77 298.74 294.69 294.01 293.46 289.35 265.3 240.42 213.44 173.88 152.33 144.87 139.18 139.15 137.49 137.15 138.09 138.56 140.65 141.96 141.39 141.85 138.52 130.9 129.21 129.28 130.17 135.05 138.57 136.67 137.49 147.63 154.05 150.91 135.99 120.19 139.47 159.94 170.48 169.79 153.35
0 0 177.18 170.9 172.06 173.18 174.77 175.22 173.75 170.3 165.23 160.14 150.94 99.46 77.2 144.12 160.15 158.16 158.7 176.67 300.06 310.86 317 319.28 310.03 301.41 299.33 300.22 300.3 300.47 301.33 301.58 302.78 304.91 301.68 298.51 296.37 291.56 276.81 169.7 151.16 142.14 136.27 138.81 140.46 138.4 139.55 139.65 139.85 140.62 140.61 141.57 142.16 140.93 140.68 139.47 135.06 132.63 132.48 134.82 141.42 147.26 146.34 146.47 161.41 171.19 173.17 169.08 154.9 168.43 187.57 205.61 216.01 216.63
