testDir/InputMaps/malcataHeight_500.grass
north: 40:14:17.01N
south: 40:12:39.7468N
east: 7:02:14.5154W
west: 7:04:21.43W
rows: 500
cols: 500
[rows 256 to 287 of 500, columns 216 to 287 of 500]
823.99 826.21 828.43 829.96 831.5 833.03 834.57 836.16 837.75 839.34 840.87 841.95 843.04 844.12 844.97 844.78 844.59 844.4 844.56 845.76 846.97 848.17 848.73 847.84 846.96 846.08 845.4 845.08 844.76 844.44 844.18 843.99 843.8 843.62 843.49 843.42 843.36 843.29 842.94 842.36 841.79 841.21 840.6 839.96 839.32 838.68 837.91 837.08 836.25 835.42 834.2 832.86 831.51 830.16 828.25 826.2 824.16 822.12 819.92 817.7 815.48 813.26 810.93 808.59 806.24 803.9 801.94 799.97 798.01 796.05 794.15 792.25
822.92 825.09 827.26 829 830.73 832.46 834.19 835.83 837.47 839.11 840.68 841.81 842.95 844.08 844.97 844.84 844.7 844.56 844.74 845.9 847.05 848.2 848.76 847.97 847.19 846.4 845.77 845.4 845.03 844.66 844.39 844.26 844.12 843.98 843.85 843.74 843.62 843.51 843.1 842.48 841.86 841.23 840.54 839.8 839.06 838.32 837.49 836.61 835.73 834.85 833.44 831.84 830.25 828.65 826.53 824.29 822.05 819.81 817.63 815.46 813.29 811.12 808.93 806.74 804.54 802.35 800.44 798.52 796.6 794.69 792.89 791.09
821.86 823.98 826.1 828.03 829.96 831.89 833.8 835.49 837.18 838.87 840.5 841.68 842.86 844.04 844.98 844.89 844.81 844.72 844.92 846.03 847.13 848.24 848.79 848.1 847.41 846.73 846.14 845.72 845.3 844.88 844.61 844.52 844.43 844.34 844.22 844.05 843.89 843.72 843.27 842.6 841.92 841.25 840.48 839.64 838.8 837.96 837.06 836.14 835.21 834.28 832.67 830.83 828.99 827.15 824.82 822.38 819.95 817.51 815.35 813.23 811.11 808.99 806.94 804.89 802.85 800.8 798.93 797.07 795.2 793.34 791.64 789.94
820.79 822.86 824.93 827.06 829.19 831.31 833.42 835.15 836.89 838.63 840.31 841.54 842.77 844 844.99 844.95 844.91 844.87 845.1 846.16 847.22 848.27 848.82 848.23 847.64 847.05 846.51 846.04 845.57 845.11 844.83 844.79 844.75 844.71 844.58 844.36 844.15 843.94 843.44 842.71 841.99 841.27 840.41 839.48 838.54 837.61 836.64 835.67 834.69 833.71 831.9 829.82 827.73 825.64 823.11 820.47 817.84 815.21 813.06 810.99 808.92 806.85 804.94 803.04 801.15 799.25 797.43 795.61 793.8 791.99 790.39 788.78
820.09 822.14 824.18 826.43 828.69 830.95 833.18 834.95 836.72 838.48 840.19 841.46 842.73 844 845.05 845.09 845.14 845.19 845.46 846.43 847.4 848.37 848.88 848.4 847.91 847.42 846.93 846.44 845.95 845.46 845.17 845.13 845.09 845.06 844.9 844.63 844.36 844.08 843.53 842.76 841.99 841.21 840.28 839.26 838.23 837.21 836.18 835.16 834.13 833.11 831.15 828.88 826.61 824.35 821.66 818.87 816.09 813.3 811.17 809.13 807.09 805.05 803.25 801.47 799.7 797.92 796.15 794.38 792.61 790.86 789.33 787.79
820.97 823.06 825.15 827.26 829.37 831.48 833.56 835.28 837 838.72 840.39 841.66 842.93 844.2 845.29 845.58 845.87 846.17 846.57 847.29 848.01 848.73 849.11 848.72 848.33 847.94 847.55 847.16 846.77 846.37 846.05 845.82 845.58 845.35 845.05 844.67 844.3 843.93 843.31 842.49 841.67 840.84 839.87 838.79 837.72 836.64 835.57 834.49 833.42 832.34 830.45 828.28 826.11 823.94 821.31 818.57 815.84 813.1 810.93 808.84 806.75 804.66 802.87 801.09 799.31 797.53 795.81 794.09 792.37 790.66 789.08 787.5
821.84 823.98 826.12 828.08 830.04 832 833.95 835.62 837.29 838.96 840.58 841.85 843.12 844.39 845.52 846.06 846.6 847.14 847.67 848.14 848.62 849.1 849.33 849.04 848.75 848.46 848.17 847.87 847.58 847.29 846.94 846.5 846.07 845.64 845.19 844.72 844.25 843.78 843.09 842.22 841.35 840.48 839.45 838.32 837.2 836.07 834.95 833.83 832.7 831.58 829.74 827.67 825.6 823.53 820.96 818.27 815.59 812.9 810.7 808.56 806.42 804.28 802.48 800.7 798.92 797.14 795.47 793.8 792.13 790.47 788.83 787.2
822.71 824.9 827.09 828.9 830.72 832.53 834.33 835.95 837.58 839.2 840.77 842.04 843.31 844.58 845.76 846.55 847.34 848.12 848.77 849 849.23 849.46 849.56 849.37 849.17 848.98 848.78 848.59 848.4 848.2 847.82 847.19 846.56 845.93 845.33 844.77 844.2 843.63 842.86 841.94 841.03 840.11 839.03 837.85 836.68 835.51 834.33 833.16 831.99 830.81 829.04 827.07 825.1 823.13 820.61 817.98 815.34 812.7 810.46 808.27 806.08 803.89 802.09 800.31 798.53 796.76 795.13 793.51 791.89 790.27 788.59 786.91
823.58 825.82 828.06 829.72 831.39 833.06 834.72 836.29 837.86 839.43 840.97 842.24 843.51 844.78 846 847.04 848.07 849.1 849.87 849.86 849.84 849.82 849.78 849.69 849.59 849.5 849.4 849.31 849.21 849.12 848.7 847.88 847.05 846.23 845.48 844.81 844.15 843.48 842.64 841.67 840.7 839.74 838.61 837.39 836.16 834.94 833.72 832.5 831.27 830.05 828.34 826.47 824.59 822.72 820.27 817.68 815.09 812.5 810.22 807.98 805.74 803.51 801.7 799.92 798.14 796.37 794.8 793.22 791.65 790.07 788.34 786.61
824.45 826.72 828.99 830.52 832.05 833.58 835.1 836.62 838.14 839.67 841.16 842.43 843.7 844.97 846.24 847.51 848.78 850.05 850.94 850.69 850.44 850.19 850.02 850.02 850.03 850.03 850.03 850.02 850.01 849.99 849.54 848.53 847.51 846.5 845.61 844.85 844.09 843.33 842.42 841.4 840.38 839.37 838.19 836.92 835.64 834.37 833.09 831.82 830.55 829.27 827.62 825.84 824.06 822.29 819.89 817.36 814.83 812.3 809.99 807.71 805.43 803.15 801.35 799.58 797.81 796.04 794.51 792.99 791.47 789.93 788.15 786.36
825.24 827.12 828.99 830.62 832.25 833.87 835.49 836.91 838.33 839.75 841.16 842.48 843.8 845.12 846.44 847.71 848.98 850.25 851.15 850.95 850.74 850.54 850.45 850.6 850.76 850.91 850.87 850.51 850.16 849.8 849.18 848.21 847.25 846.28 845.42 844.66 843.89 843.13 842.2 841.13 840.06 839 837.74 836.37 834.99 833.62 832.25 830.88 829.51 828.13 826.46 824.68 822.9 821.12 818.89 816.55 814.22 811.88 809.77 807.69 805.61 803.52 801.92 800.35 798.77 797.2 795.73 794.25 792.78 791.28 789.35 787.42
826.03 827.51 828.99 830.72 832.44 834.17 835.87 837.19 838.51 839.84 841.17 842.54 843.91 845.28 846.63 847.9 849.17 850.44 851.36 851.2 851.05 850.9 850.88 851.18 851.49 851.79 851.71 851.01 850.31 849.61 848.81 847.89 846.98 846.06 845.22 844.46 843.7 842.94 841.98 840.86 839.74 838.63 837.29 835.82 834.35 832.88 831.41 829.94 828.47 826.99 825.29 823.52 821.74 819.96 817.89 815.75 813.61 811.47 809.56 807.67 805.79 803.9 802.49 801.12 799.74 798.36 796.94 795.52 794.09 792.63 790.55 788.47
826.82 827.91 829 830.82 832.64 834.46 836.25 837.48 838.7 839.92 841.17 842.59 844.01 845.43 846.82 848.09 849.36 850.63 851.56 851.46 851.35 851.25 851.32 851.77 852.22 852.66 852.55 851.51 850.46 849.41 848.44 847.58 846.71 845.84 845.03 844.27 843.51 842.74 841.75 840.59 839.42 838.26 836.84 835.27 833.7 832.13 830.56 828.99 827.42 825.86 824.13 822.35 820.57 818.79 816.88 814.94 813 811.06 809.34 807.65 805.97 804.28 803.07 801.89 800.71 799.53 798.15 796.78 795.41 793.97 791.75 789.52
827.61 828.3 829 830.91 832.84 834.76 836.63 837.76 838.88 840.01 841.18 842.65 844.12 845.59 847.02 848.29 849.56 850.83 851.77 851.71 851.66 851.6 851.75 852.35 852.94 853.54 853.39 852 850.61 849.22 848.08 847.26 846.44 845.63 844.84 844.07 843.31 842.55 841.53 840.32 839.1 837.89 836.39 834.72 833.05 831.39 829.72 828.05 826.38 824.72 822.96 821.19 819.41 817.63 815.88 814.14 812.39 810.65 809.13 807.63 806.14 804.65 803.64 802.66 801.68 800.69 799.37 798.04 796.72 795.32 792.95 790.57
828.4 828.7 829 831.01 833.03 835.05 837.01 838.04 839.07 840.1 841.19 842.7 844.22 845.74 847.21 848.48 849.75 851.02 851.98 851.97 851.96 851.96 852.19 852.93 853.67 854.42 854.24 852.5 850.76 849.02 847.71 846.94 846.17 845.41 844.64 843.88 843.12 842.36 841.31 840.05 838.78 837.52 835.94 834.17 832.41 830.64 828.88 827.11 825.34 823.58 821.8 820.02 818.25 816.47 814.88 813.33 811.78 810.23 808.91 807.62 806.32 805.03 804.22 803.43 802.64 801.86 800.58 799.31 798.03 796.67 794.15 791.63
828.49 828.83 829.17 831.15 833.14 835.13 837.07 838.21 839.36 840.51 841.69 843.13 844.56 846 847.39 848.57 849.76 850.94 851.85 851.94 852.02 852.11 852.37 853 853.63 854.26 853.99 852.22 850.44 848.66 847.27 846.38 845.48 844.59 843.72 842.87 842.02 841.17 840.11 838.89 837.66 836.43 834.86 833.08 831.31 829.53 827.72 825.9 824.08 822.25 820.53 818.84 817.15 815.46 813.97 812.54 811.1 809.66 808.41 807.18 805.96 804.73 803.98 803.26 802.54 801.82 800.73 799.63 798.54 797.36 795.03 792.71
828.48 828.92 829.36 831.3 833.24 835.18 837.08 838.37 839.66 840.96 842.26 843.6 844.94 846.27 847.57 848.65 849.73 850.82 851.68 851.87 852.05 852.24 852.52 853 853.48 853.97 853.61 851.83 850.05 848.27 846.82 845.78 844.74 843.7 842.7 841.75 840.81 839.86 838.78 837.6 836.43 835.25 833.7 831.92 830.14 828.36 826.52 824.65 822.78 820.91 819.25 817.65 816.06 814.47 813.08 811.75 810.41 809.07 807.87 806.69 805.52 804.34 803.64 802.97 802.3 801.63 800.73 799.83 798.93 797.96 795.88 793.8
828.48 829.02 829.56 831.44 833.33 835.22 837.09 838.53 839.97 841.41 842.83 844.07 845.31 846.55 847.74 848.73 849.71 850.7 851.51 851.8 852.08 852.36 852.66 853 853.34 853.67 853.22 851.44 849.66 847.88 846.36 845.17 843.99 842.8 841.68 840.64 839.59 838.54 837.45 836.32 835.2 834.07 832.53 830.75 828.98 827.2 825.32 823.4 821.48 819.56 817.96 816.47 814.98 813.48 812.19 810.95 809.71 808.47 807.33 806.2 805.08 803.95 803.3 802.68 802.06 801.44 800.74 800.03 799.33 798.55 796.72 794.89
828.48 829.11 829.75 831.59 833.43 835.27 837.09 838.68 840.27 841.86 843.4 844.54 845.68 846.82 847.92 848.8 849.69 850.58 851.34 851.72 852.11 852.49 852.81 853 853.19 853.38 852.83 851.05 849.27 847.49 845.91 844.57 843.24 841.9 840.66 839.52 838.37 837.23 836.12 835.04 833.96 832.89 831.37 829.59 827.81 826.03 824.13 822.16 820.19 818.22 816.68 815.28 813.89 812.49 811.3 810.16 809.02 807.88 806.79 805.72 804.64 803.56 802.96 802.39 801.82 801.25 800.74 800.24 799.73 799.15 797.57 795.99
828.47 829.21 829.94 831.73 833.52 835.31 837.1 838.84 840.58 842.32 843.97 845.01 846.05 847.1 848.09 848.88 849.67 850.46 851.17 851.65 852.13 852.62 852.96 853 853.04 853.08 852.44 850.66 848.89 847.11 845.46 843.97 842.49 841.01 839.64 838.4 837.16 835.91 834.79 833.76 832.73 831.7 830.21 828.43 826.65 824.87 822.93 820.91 818.89 816.87 815.4 814.1 812.8 811.5 810.42 809.37 808.33 807.29 806.26 805.23 804.2 803.17 802.62 802.09 801.57 801.05 800.74 800.44 800.13 799.75 798.41 797.08
828.54 829.41 830.28 832.09 833.9 835.72 837.53 839.34 841.16 842.97 844.69 845.74 846.8 847.85 848.83 849.48 850.14 850.79 851.38 851.78 852.18 852.58 852.81 852.67 852.53 852.38 851.66 849.95 848.24 846.54 844.93 843.44 841.95 840.46 839.07 837.76 836.45 835.15 833.96 832.88 831.79 830.7 829.23 827.52 825.81 824.11 822.23 820.27 818.31 816.35 814.9 813.63 812.36 811.09 810.06 809.08 808.1 807.12 806.11 805.09 804.08 803.06 802.52 802.01 801.51 801 800.71 800.42 800.13 799.78 798.58 797.38
828.63 829.65 830.67 832.53 834.39 836.25 838.12 839.98 841.84 843.7 845.47 846.58 847.68 848.78 849.77 850.28 850.78 851.29 851.73 851.99 852.24 852.49 852.56 852.22 851.88 851.54 850.72 849.12 847.51 845.9 844.37 842.93 841.49 840.05 838.65 837.3 835.94 834.59 833.33 832.14 830.95 829.77 828.32 826.71 825.1 823.5 821.71 819.85 817.99 816.13 814.71 813.44 812.17 810.9 809.91 808.98 808.04 807.11 806.11 805.09 804.08 803.06 802.52 802.01 801.51 801 800.66 800.32 799.98 799.59 798.49 797.39
828.72 829.89 831.05 832.96 834.88 836.79 838.7 840.61 842.52 844.44 846.26 847.41 848.56 849.71 850.71 851.07 851.43 851.79 852.08 852.19 852.29 852.4 852.3 851.77 851.23 850.69 849.79 848.28 846.77 845.26 843.81 842.42 841.03 839.64 838.24 836.84 835.43 834.03 832.69 831.4 830.12 828.84 827.41 825.9 824.39 822.88 821.2 819.43 817.67 815.91 814.52 813.25 811.98 810.71 809.75 808.87 807.99 807.11 806.11 805.09 804.08 803.06 802.52 802.01 801.51 801 800.61 800.22 799.83 799.4 798.4 797.4
828.81 830.13 831.44 833.4 835.36 837.32 839.28 841.25 843.21 845.17 847.04 848.24 849.44 850.64 851.65 851.87 852.08 852.29 852.44 852.39 852.35 852.31 852.05 851.31 850.58 849.84 848.86 847.45 846.04 844.63 843.25 841.9 840.56 839.22 837.83 836.37 834.92 833.47 832.05 830.67 829.29 827.9 826.5 825.09 823.68 822.27 820.68 819.02 817.35 815.69 814.32 813.05 811.78 810.51 809.6 808.77 807.93 807.1 806.11 805.09 804.08 803.06 802.52 802.01 801.51 801 800.56 800.12 799.69 799.22 798.31 797.41
828.91 830.37 831.83 833.84 835.85 837.86 839.87 841.88 843.89 845.9 847.82 849.07 850.32 851.57 852.6 852.66 852.72 852.79 852.79 852.6 852.41 852.21 851.79 850.86 849.93 849 847.92 846.61 845.3 843.99 842.68 841.39 840.1 838.81 837.41 835.91 834.41 832.91 831.41 829.93 828.45 826.97 825.59 824.28 822.97 821.66 820.17 818.6 817.04 815.47 814.13 812.86 811.59 810.32 809.44 808.66 807.88 807.1 806.11 805.09 804.08 803.06 802.52 802.01 801.51 801 800.51 800.02 799.54 799.03 798.23 797.42
829.39 830.91 832.44 834.5 836.56 838.62 840.67 842.65 844.62 846.6 848.49 849.76 851.03 852.3 853.33 853.33 853.33 853.33 853.28 853.05 852.83 852.6 852.14 851.15 850.16 849.17 848.07 846.77 845.47 844.17 842.88 841.58 840.28 838.98 837.56 836 834.45 832.9 831.36 829.84 828.32 826.79 825.46 824.25 823.04 821.82 820.34 818.73 817.12 815.51 814.13 812.84 811.54 810.24 809.38 808.62 807.85 807.09 806.11 805.09 804.08 803.06 802.47 801.9 801.34 800.78 800.24 799.7 799.17 798.62 797.85 797.09
830.17 831.69 833.21 835.32 837.43 839.54 841.64 843.51 845.39 847.27 849.07 850.34 851.61 852.88 853.92 853.92 853.92 853.92 853.87 853.69 853.52 853.34 852.93 851.99 851.05 850.11 849.02 847.67 846.33 844.98 843.63 842.28 840.94 839.59 838.11 836.51 834.91 833.31 831.75 830.23 828.7 827.18 825.91 824.8 823.68 822.57 821.01 819.25 817.5 815.74 814.29 812.94 811.6 810.25 809.38 808.62 807.85 807.09 806.11 805.09 804.08 803.06 802.38 801.71 801.05 800.39 799.8 799.22 798.63 798.03 797.27 796.51
830.94 832.47 833.99 836.15 838.3 840.46 842.6 844.38 846.16 847.94 849.65 850.92 852.19 853.46 854.5 854.5 854.5 854.5 854.47 854.34 854.21 854.08 853.72 852.83 851.94 851.05 849.97 848.58 847.18 845.78 844.39 842.99 841.59 840.2 838.67 837.02 835.37 833.72 832.14 830.62 829.09 827.57 826.36 825.35 824.33 823.31 821.68 819.78 817.88 815.97 814.45 813.05 811.66 810.26 809.38 808.62 807.85 807.09 806.11 805.09 804.08 803.06 802.28 801.52 800.76 800 799.36 798.73 798.1 797.45 796.69 795.93
831.72 833.24 834.77 836.97 839.18 841.39 843.56 845.24 846.92 848.6 850.23 851.5 852.77 854.04 855.08 855.08 855.08 855.08 855.06 854.98 854.9 854.83 854.51 853.67 852.83 851.99 850.92 849.48 848.03 846.59 845.14 843.69 842.25 840.8 839.23 837.53 835.83 834.13 832.53 831 829.48 827.96 826.81 825.89 824.98 824.06 822.36 820.31 818.25 816.2 814.61 813.16 811.71 810.27 809.38 808.62 807.85 807.09 806.11 805.09 804.08 803.06 802.19 801.33 800.47 799.61 798.93 798.24 797.56 796.87 796.11 795.35
832.49 834.02 835.54 837.8 840.05 842.31 844.53 846.11 847.69 849.27 850.82 852.09 853.36 854.63 855.66 855.66 855.66 855.66 855.65 855.63 855.6 855.57 855.3 854.51 853.72 852.93 851.88 850.38 848.89 847.39 845.89 844.4 842.9 841.41 839.79 838.04 836.29 834.54 832.92 831.39 829.87 828.34 827.26 826.44 825.62 824.8 823.03 820.83 818.63 816.43 814.76 813.27 811.77 810.28 809.38 808.62 807.85 807.09 806.11 805.09 804.08 803.06 802.1 801.14 800.18 799.22 798.49 797.76 797.02 796.29 795.53 794.76
832.78 834.35 835.91 838.18 840.44 842.71 844.93 846.43 847.93 849.44 850.91 852.18 853.45 854.72 855.77 855.83 855.89 855.95 856 856 856 856 855.78 855.08 854.38 853.68 852.71 851.29 849.87 848.45 847 845.52 844.03 842.55 840.92 839.14 837.37 835.59 833.94 832.4 830.85 829.31 828.24 827.46 826.67 825.89 824.13 821.93 819.72 817.52 815.84 814.34 812.83 811.33 810.36 809.52 808.68 807.83 806.71 805.55 804.39 803.23 802.11 800.99 799.87 798.75 797.93 797.11 796.28 795.46 794.68 793.9
832.39 834.05 835.72 837.93 840.15 842.36 844.54 845.99 847.44 848.9 850.33 851.6 852.87 854.14 855.21 855.42 855.63 855.84 856 856 856 856 855.83 855.28 854.72 854.17 853.39 852.21 851.04 849.86 848.6 847.21 845.83 844.44 842.86 841.08 839.31 837.53 835.85 834.26 832.66 831.07 829.95 829.12 828.29 827.46 825.82 823.81 821.8 819.8 818.21 816.75 815.3 813.84 812.73 811.68 810.64 809.6 808.15 806.65 805.14 803.64 802.27 800.9 799.53 798.17 797.2 796.23 795.26 794.29 793.46 792.63
