testDir/InputMaps/malcataSlope_350.grass
north: 40:14:17.01N
south: 40:12:39.7468N
east: 7:02:14.5154W
west: 7:04:21.43W
rows: 350
cols: 350
[rows 0 to 34 of 350, columns 78 to 155 of 350]
0 0 0 0 0 0 0 0 0 0 0 0 0 0 0 0 0 0 0 0 0 0 0 0 0 0 0 0 0 0 0 0 0 0 0 0 0 0 0 0 0 0 0 0 0 0 0 0 0 0 0 0 0 0 0 0 0 0 0 0 0 0 0 0 0 0 0 0 0 0 0 0 0 0 0 0 0 0
0 0 0 0 0 0 0 0 0 0 0 0 0 0 0 0 0 0 0 0 0 0 0 0 0 0 0 0 0 0 0 0 0 0 0 0 0 0 0 0 0 0 0 0 0 0 0 0 0 0 0 0 0 0 0 0 0 0 0 0 0 0 0 0 0 0 0 0 0 0 0 0 0 0 0 0 0 0
0 0 0 0 0 0 0 0 0 0 0 0 0 0 0 0 0 0 0 0 0 0 0 0 0 0 0 0 0 0 0 0 0 0 0 0 0 0 0 0 0 0 0 0 0 0 0 0 0 0 0 0 0 0 0 0 0 0 0 0 0 0 0 0 0 0 0 0 0 0 0 0 0 0 0 0 0 0
36.75 22.17 23.34 30.92 36.96 38.02 39.98 40.88 35.27 27.8 26.72 23.39 20.51 21.2 22.16 25.37 29.69 32.87 34.61 35.97 36.89 35.78 31.22 28.18 26.95 29.35 35.74 37.44 39.93 40.21 31.07 25.39 30.97 35.07 33.31 26.84 20.97 23.29 23.09 24.25 24.59 24.39 25.01 24.98 27.78 31.54 34.58 51.78 67.02 66.91 65.83 64.61 57.01 44.79 39.91 42.28 44.9 45.64 41.28 36.27 32.47 22.5 15.29 10.26 3.89 7.39 14.9 26.21 35.74 43.46 48.22 51.02 51.77 50.24 51.4 59.46 64.84 62.39
35.64 20.21 21.36 29.29 35.64 37.17 40.24 41.81 34.73 25.18 23.59 21.38 19.5 20.13 20.81 24.14 28.22 31.35 33.22 34.9 36.81 36.45 31.71 28.45 27.25 29.67 36.52 37.44 38.14 37.15 30.5 26.09 30.42 33.78 30.9 24.57 21.06 23.34 23.44 25.33 26.23 26.93 28.93 29.52 31.82 34.89 37.57 53.67 67.92 66.39 61.33 57.52 53.08 46.09 43.24 40.82 37.91 38.43 39.14 38.54 35.02 25.7 18.93 14.24 7.38 7.64 12.3 21.24 31.21 40.09 45.81 49.01 50.67 49.88 51.22 58.7 63.68 61.44
35.27 22.37 22.44 28.85 33.87 35.22 38.43 40.32 32.93 22.51 19.97 17.11 14.79 15.09 14.36 15.34 16.15 17.52 19.45 22.75 28.33 31.93 30.63 29.98 30.43 32.64 37.28 35.63 33.52 30.81 25.14 19.72 19.76 18.16 15.5 11.9 13.44 17.88 19.13 22.88 25.21 27.37 31.03 32.43 34.22 36.31 38.24 53.5 67.13 64.22 55.94 50.98 50.35 48.42 47.46 42.6 37.34 37.39 39.81 41.87 39.96 33.29 28.14 23.95 16.89 11.38 7.38 9.29 16 22.49 28.74 33.36 37.42 39.42 43.2 52.38 58.69 58.17
35.8 30.88 30.12 33.02 34.57 34.76 35.61 35.97 29.62 20.78 18.13 14.1 10.68 10.71 8.78 7.14 5.18 4.95 6.78 11.2 18.74 25.33 28.58 31.21 33.31 35.12 36.35 32.31 27.96 23.88 19.02 14.18 12.29 4.58 5.85 7.53 12.81 17.24 18.8 22.98 25.6 27.79 31.31 32.62 33.87 35.4 37.44 53.02 66.91 63.29 53.07 47.79 49.9 51.66 53.05 50.11 45.02 42.41 41.85 43.29 43.83 40.86 38.09 35.48 30.02 23.77 16.58 10.47 9.23 7.81 12.85 18.7 24.87 29.44 35 45.11 52.44 54.39
34.76 41.8 40.53 36.83 33.46 32.64 31.13 30.11 25.81 19.91 18.13 13.62 9.91 10.21 9.03 6.97 5.1 4.91 6.6 9.84 15.69 22.38 27.58 31.13 33.36 34.62 33.95 29.51 24.45 19.53 15.37 12.39 11.21 3.53 8.1 9.7 13.81 17.24 18.8 22.98 25.6 27.43 30.36 31.45 32.19 33.14 35.17 51.34 65.74 61.32 48.87 42.39 45.67 49.07 51.12 50.2 47.38 45 41.61 40.56 41.84 40.59 38.79 37.45 34.55 30.3 22.63 15.36 13.88 11.15 13.23 18.33 23.65 28.37 33.19 41.78 48.61 52.28
33.48 51.01 49.06 39 31.11 29.85 26.95 25.36 22.75 18.98 17.89 13.04 9.21 9.78 9.49 8.08 6.48 6.86 9.51 12.41 16.57 21.71 26.34 29.48 31.46 32.34 30.95 26.97 22.09 17 12.92 10.33 8.88 0.77 10.36 12.26 15.27 17.59 19.03 23.09 25.64 27.24 29.88 30.86 31.06 31.28 33 49.22 63.77 58.59 43.94 35.71 39.32 43.75 46.16 47.08 46.94 45.59 40.09 36.51 37.55 37.09 35.84 36.01 36.8 35.69 28.34 20.32 18.49 14.98 14.36 17.03 19.9 24.3 28.42 35.94 42.83 48.7
32.14 54.32 53.34 42.6 33.65 31.34 27.11 24.69 21.89 18.09 17.14 12.22 8.6 9.41 9.99 9.8 9.02 11.05 15.4 18.41 20.67 22.56 24.39 26.06 27.45 28.15 27.29 24.78 21.17 17.1 12.75 7.77 3.7 5.9 14.28 16.09 17.8 18.76 19.75 23.34 25.61 27.44 30.71 32.21 32.29 32.2 33.75 48.17 61.1 55.27 39.32 29.32 32.27 36.86 39.15 41.21 43.31 43.38 37.38 32.04 31.99 31.58 30.74 32.31 36.2 37.77 32.17 25.09 23.12 18.52 15.34 14.7 13.22 17.02 20.24 26.75 34.32 42.92
31.4 51.21 52.03 45.76 39.4 36.16 30.89 27.52 23.1 17.5 16.07 11.26 8.11 9.08 10.09 10.58 10.24 14.06 19.82 22.14 22.89 23.03 23.44 24.45 25.51 25.99 25.42 23.68 20.92 17.74 13.57 7.92 3.72 11.1 17.38 18.71 19.28 19.12 19.76 22.96 25.01 27.61 32.37 34.66 34.64 34.42 35.97 47.52 57.61 51.64 36.14 26.16 28.77 33.24 35.32 37.58 40.25 40.83 35.92 30.96 30.62 30.71 30.5 32.02 35.56 37.3 34.02 29.41 27.78 21.97 17.15 15 9.93 13.09 15.18 20.3 28.4 38.31
31.06 45.75 47.42 45.55 42.55 39.4 34.19 30.91 24.96 17.07 14.96 10.32 7.76 8.83 9.93 10.58 10.19 15.93 22.8 23.57 23.08 23.03 23.56 24.74 25.76 25.95 25.14 23.38 20.93 18.28 15.09 12.81 11.91 15.34 18.66 19.51 19.16 18.2 18.77 21.9 23.9 27.53 33.99 36.91 36.36 35.57 36.75 45.55 53.01 47.4 33.04 23.82 26.43 30.91 33.03 35.31 38.01 38.77 35.52 31.99 31.85 32.52 32.73 33.32 35.15 36.16 35.21 33.49 32.4 25.39 19.38 16.87 10.25 12.53 13.96 19 27.54 36.55
37.35 47.35 51.17 54.15 55.14 53.46 50.07 47.87 43.21 38.6 38.41 37.82 37.59 37.73 37.75 37.53 36.87 38.73 41.66 40.25 38.65 38.36 37.55 34.92 31.09 26.87 22.57 18.12 14.66 12.57 12.67 17 19.83 20.81 21.11 21.33 20.43 19.48 20.63 24.27 26.98 31.6 39.18 42.82 42.18 41.02 41.67 46.6 50.12 44.22 31.11 22.64 24.49 28.14 29.69 31.76 34.34 34.98 33.06 30.9 31.16 32.69 33.66 33.88 34.54 34.82 35.18 35.62 35.26 27.65 20.61 17.4 8.37 10.24 13.38 19.82 26.92 32.28
48.58 55.96 61.14 66.88 71.24 72.86 73.28 74.28 73.34 72.06 72.71 72.74 72.04 71.05 70.08 69.11 67.5 65.84 63.62 59.31 56.61 56.07 53.71 46.78 37.29 28.23 20.19 13.45 11.86 13.66 17.61 23.45 26.3 25.16 23.35 23.07 22.25 21.98 24.19 29.27 33.65 39.32 47.12 50.99 50.09 48.34 48.25 49.27 48.39 42.05 31.06 24.36 25.15 27.01 27.29 28.92 31.4 31.83 31.35 30.78 31.38 33.44 34.86 35.25 35.99 36.51 36.2 35.36 34.5 27.54 21.09 18.07 8.65 7.94 14.13 21.71 26.95 29.1
48.8 54.78 60.28 66.77 71.94 74.24 75.53 77.14 76.93 76.28 77.07 77.26 76.51 75.38 74.31 73.27 71.48 69 65.64 61.32 58.86 58.35 55.87 49.5 39.76 30.47 22.56 17.3 17.52 19.52 22.53 26.78 28.93 26.63 23.72 23.34 22.89 22.97 25.61 31.74 36.85 42.47 50.01 53.74 52.06 49.46 48.96 47.27 43.44 37.48 28.96 23.93 24.04 24.62 24.18 26.06 28.99 29.59 30.84 31.89 32.53 34.64 36.1 36.8 38.08 38.88 36.41 32.8 31.39 26.05 21.17 18.99 12.1 10.19 16.66 24.25 28.97 31.27
43.9 48.59 53.58 60.03 65.52 68.11 69.88 71.89 72.06 71.41 71.71 71.59 70.9 70.08 69.4 68.83 67.48 65.11 61.81 58.04 55.73 54.76 52.68 49.94 42.74 35.05 28.09 23.91 23.94 25.09 26.43 28.43 29.48 25.8 21.7 21.39 21.35 21.66 24.71 32.11 37.81 43.06 50.05 53.3 50.42 46.77 45.99 42.21 36.65 31.83 26.02 22.78 22.67 22.57 21.84 24.06 27.37 28 30.58 33.06 33.78 35.78 37.11 38.1 39.84 40.73 36.08 29.96 28.22 24.51 21.17 19.8 15.48 13.79 18.59 24.89 28.46 30.64
29.83 33.04 35.56 40.82 46.33 49.19 51.5 54.38 55.2 53.72 51.95 50.13 49.48 49.79 50.52 51.61 52 51.22 49.46 46.85 44.01 41.07 39.81 43.98 43.21 40.73 36.21 31.84 30.19 29.8 28.97 27.98 27.64 23.4 18.55 17.94 17.67 17.54 21.03 30.08 36.18 40.27 45.91 48.02 43.54 38.55 37.55 32.16 26.64 24.83 22.46 21.51 22.31 23.26 23.97 27.64 32.25 34.15 37.42 40.06 40.35 40.45 39.64 39.34 40.21 40.29 34.5 27.66 26.11 23.58 21.26 20.31 17.18 15.09 17.43 21.52 23.31 24.29
19.53 23.25 24.07 27.69 32.21 34.93 37.4 40.82 42.78 41.39 38.33 34.64 33.65 34.78 36.49 38.72 40.48 41.03 40.46 38.63 35.4 31.03 30.76 37.92 41.37 44.93 44.72 39.72 35.39 33.22 30.63 27.19 26.75 25.46 22.85 21.57 20.16 19.12 22.45 32.12 38.34 40.64 44.11 45.32 41.07 36.28 35.01 28.19 22.13 21.98 21.71 22.11 23.69 25.95 28.3 33.92 40.5 44.26 47.53 49.11 48.41 45.56 41.4 38.7 37.61 36.38 31.53 26.51 25.48 23.38 21.41 20.31 16.61 13.97 16.05 20.08 22.68 25.31
17.63 23.16 23.73 25.62 28.93 32.07 35.03 38.81 42.06 42.19 39.65 34.98 33.57 34.7 36.31 38.46 40.36 41.03 40.4 38.62 35.74 31.64 31.16 36 39.83 47.82 52.79 47.13 39.7 35.53 31.09 24.79 23.47 24.63 24.65 23.67 21.76 20.25 24.04 34.9 41.86 42.7 43.83 44.15 40.91 37.28 36.11 28.71 22.13 22.37 23.2 24.24 26.04 28.68 31.05 37.04 44.07 47.56 49.03 49.11 47.75 42.94 37.26 34.03 32.4 30.79 28.11 25.98 25.48 23.38 21.41 19.96 15.1 11.62 13.42 16.97 19.48 21.92
11.64 19.34 20.27 21.06 23.5 26.79 29.28 31.45 34.02 35.65 34.9 29.74 27.85 28.54 29.1 29.33 29.18 28.45 27.12 25.4 23.94 21.37 21.51 24.81 28.62 43.44 56.14 51.55 42.22 36.99 32.39 25.48 23.67 25.73 27.58 27.43 25.92 24.12 27.2 37.92 44.83 44.3 43.61 43.36 41.41 39.17 38.22 30.64 24.49 25.64 26.96 27.7 29.45 32.8 35.65 41.59 47.94 50.08 48.5 45.89 43 36.07 29.64 26.74 25.26 23.94 23.64 24.3 24.68 23.37 22.29 21.53 18.01 16.42 18.27 21.13 23.53 25.66
5.42 14.26 15.06 14.88 16.81 20.36 22.3 22.15 23.16 26.06 27.29 21.72 19.16 19.19 18.28 15.86 12.52 9.49 7.08 7.4 12.15 14.04 15.27 16.39 19.34 38.66 55.08 50.74 40.1 35.59 34.95 31.37 28.78 28.78 30.48 32.18 33.18 32.03 33.09 41.58 47.63 47.28 46.46 45.8 45.09 44.26 43.24 35.58 30.64 33 33.08 31.4 32.72 37.6 41.52 46.41 50.52 50.67 45.7 40 35.57 27.11 20.61 18.54 17.56 17.33 19.56 23.36 26.99 29.97 32.81 35.25 35.5 34.81 34.7 35.31 36.03 36.54
4.6 10.82 11.13 10.64 13.07 17.31 20.2 20.22 20.5 22.94 24.33 18.85 16.16 15.97 15.08 13.17 9.31 5.63 3.88 8.47 15.23 18.05 18.08 17.32 19.24 36.39 51.51 46.31 34.21 30.38 34.1 34.6 32.58 30.2 30.11 32.73 36.49 37.46 37.44 43.41 48.04 48.73 49.17 48.78 50.03 51.62 50.74 42.49 37.18 38.56 35.41 31.24 33.24 40.88 46.06 49.14 50.79 49.9 42.95 35.47 30.6 22.19 15.99 13.57 11.74 11.78 15.23 20.57 26.31 31.86 36.61 40.45 42.24 41.82 41 40.79 40.83 40.89
3.5 7.5 7.93 8.27 11.85 15.96 19.95 21.33 21 22.16 23.13 18.12 15.58 15.3 15.47 15.91 12.45 8.28 6.22 10.77 17.47 20.19 18.68 16.38 17.86 33.22 46.84 40.98 27.52 24.07 30.77 35.17 34.86 30.38 28.05 30.71 36.9 40.89 40.35 43.91 46.89 48.62 50.73 51.01 54.76 59.34 58.8 49.7 43.22 42.36 34.84 28.71 32.14 43.13 49.57 50.49 49.83 48.48 40.3 31.85 27.04 19.29 13.53 10.18 6.61 6.34 10.78 16.85 23.44 29.85 35.14 39.35 41.97 42.15 41.33 40.99 40.93 41.32
7.56 9 8.45 6.55 6.45 6.31 12.49 16.92 16.92 17.22 17.54 10.96 3.77 2.9 10.1 16.08 15.1 12.47 11.61 15.04 19.98 21.49 18.07 14.15 15.34 29.97 42.79 36.73 21.93 15.09 20.59 28.34 31.82 28.43 24.05 23.6 31.26 39.07 39.75 42.4 44.61 47.83 52.05 53.23 59.13 66.12 65.51 54.7 45.39 40.56 26.44 18.06 26.1 40.74 47.1 44.94 42.14 40.9 31.28 22.33 19.11 11.9 6.24 3.44 2.81 5.76 9.82 15.61 22.43 28.73 33.7 37.64 40.99 42.86 43.43 43.61 43.24 43.71
15.79 14.93 11.69 6.38 1.07 5.44 13.71 18.13 17.66 16.84 16.33 12.28 10.94 15.88 21.29 23.9 22.11 19.45 18.25 19.35 20.93 20.29 15.85 11.44 12.68 27.34 39.97 34.43 20.23 11.38 14.75 20.93 25.09 26.04 23.53 21.71 28.83 36.13 37.15 39.34 41.29 46.16 52.72 54.89 61.98 70.36 70 58.63 48.53 42.87 27.02 16.47 25.01 39.52 45.36 42.82 39.83 38.46 27.36 17.24 14.56 6.25 1.54 4.62 6.94 8.4 11.31 17.12 23.53 28.66 32.83 36.31 39.9 43.09 45.15 46.12 45.63 45.79
16.27 16.97 14.22 9.42 5.43 8.62 14.9 18.13 17.28 15.91 15.21 14.24 14.97 18.79 22.29 23.15 21.53 19.27 18.25 18.68 18.79 17.35 13.24 9.26 10.36 24.99 37.63 33.03 21.13 13.65 14.09 15.81 19.12 25 27.84 26.69 30.03 33.81 34.66 36.33 38.02 44.25 52.98 56 63.6 72.58 72.26 60.3 49.68 44.43 29.74 19.98 27.14 39.3 44.19 42.63 40.81 39.58 27.9 17.24 13.99 4.02 3.3 5.41 7.33 8.65 12.93 20.58 26.47 29.68 32.96 36.28 39.52 42.6 44.82 46.23 46 45.72
11.23 15.65 14.55 11.72 10.42 13.57 18 20.28 19.23 17.25 16.01 17.32 20.08 22.12 22.72 22.26 21.3 19.66 18.88 18.67 17.46 15.18 11.55 8.44 9.14 22.76 34.93 31.14 21.49 15.49 13.43 11.2 13.23 22.36 30.89 30.96 31.34 32.2 32.64 33.44 34.45 41.51 52.14 56.29 64.92 74.84 74.74 62.63 51.94 47.31 34.27 25.31 30.09 39.61 43.7 43.33 42.64 41.31 28.94 17.78 14.2 6 9.53 11.07 12.58 14.33 19.44 27.47 31.64 31.5 32.59 34.83 36.4 37.63 38.32 39.52 39.82 39.34
11.1 18.01 18.53 18.18 18.96 21.79 25.2 27.5 26.84 24.53 22.5 22.9 24.39 23.76 22.17 21.67 21.86 20.91 20.34 19.59 17.41 14.4 11.7 10.49 11.55 21.81 31.82 28.4 20.65 16.06 12.75 8.07 7.64 18.18 30.74 32.41 32.64 32.6 32.16 31.55 31.37 37.94 48.72 53.81 64.54 76.34 77.26 66.58 57.59 54.68 45.4 39.1 41.46 47.62 50.81 51.69 51.86 50.07 38.58 29.57 26.68 22.19 22.41 22.36 23.97 27.1 31.9 36.56 36.88 33 31.18 31.21 29.69 27.48 24.78 25.08 26.05 25.81
18.59 23.2 23.43 23.71 24.88 27.29 30.44 33.01 32.14 29.28 26.81 25.75 25.01 22.76 21.69 22.47 22.94 21.84 21.17 20 17.29 13.96 11.98 12.33 13.94 21.2 28.14 24.96 18.82 15.33 12 6.95 5.33 15.64 28.15 30.65 33.18 34.57 33.39 31.44 30.33 35.17 43.54 48.33 61.18 75.07 77.02 68.05 60.87 59.5 53.11 48.68 50.38 54.91 57.5 59.32 60.38 58.42 47.34 39.02 36.17 31.5 29.66 28.69 30.87 35.01 39.16 40.53 38.12 33.06 30.31 29 26.52 24.56 20.24 18.8 19.11 19.66
19.71 23.25 23.6 24.71 26.45 28.81 31.97 34.5 32.52 28.71 26.09 24.48 22.96 20.75 21.64 24.2 24.15 22.18 21.17 19.63 16.82 13.54 11.53 12.81 14.34 19.35 23.65 21.01 16.59 14.17 11.23 6.76 5.33 14.14 24.93 27.69 32.99 36.82 35.24 32.16 30.33 33.05 38.07 41.87 56.15 71.61 73.9 65.62 59.06 58.23 53.13 49.34 50.68 54.43 56.68 59.54 61.94 60.19 48.48 39.6 36.75 31.74 29.35 28.61 32.02 36.75 39.69 39.28 36.45 32.39 30.31 28.84 27.99 29.24 23.92 19.35 18.18 19.83
17.51 21.98 23.87 25.73 26.75 27.79 29.9 31.38 27.45 23.2 22.85 23.48 23.34 22.53 24.76 27.85 26.74 23.76 22.4 20.93 19.23 17.55 15.64 15.93 15.76 18.18 20.63 18.48 15.31 13.5 10.58 6.23 4.74 12.19 21 23.24 30.91 37.34 35.91 32.3 30.04 30.87 32.43 33.58 47.28 63.3 66.14 59.18 52.52 50.29 44.24 40.51 42.54 46.61 49.21 54.03 58.9 58.28 46.36 36.82 33.92 28.97 27.81 28.41 32.23 35.45 35.44 34 32.4 28.83 24.52 19.89 22.14 29.54 25.44 19.18 16.27 18.09
16.87 24.04 26.41 26.78 25.37 25.13 26.52 27.3 22.58 18.18 20.12 23.38 25.2 26.27 28.94 31.07 28.93 25.4 23.91 22.72 22.22 22.24 20.92 19.27 16.81 17.43 19.64 18.34 16.47 15.46 13.24 10.36 9.59 13.55 19.48 20.81 29.35 36.99 35.79 32.63 30.67 30.81 31.01 31.12 41.55 53.94 56.34 53.03 48.73 45.02 36.62 31.7 34.02 37.95 40.59 47.3 54.52 54.99 43.49 33.71 30.51 25.35 26.13 28.32 31.42 32.22 30.03 28.61 28.64 24.36 17.05 10.03 17.8 26.92 24.65 19.61 16.55 18.05
18.79 30.14 31.47 27.87 23.66 23.26 24.89 25.83 22.56 19.69 21.8 24.52 25.97 27.27 29.6 31 28.83 25.55 24.16 23.03 22.73 23.03 21.88 19.43 16.28 16.24 18.78 17.81 16.59 15.98 13.92 11.28 10.58 13.45 17.83 18.87 27.85 36 35.18 33.1 31.82 31.9 32.02 32.19 38.26 45.36 47.66 50.34 51.18 46.72 36.08 29.71 31.45 34.39 36.69 44.38 52.81 53.65 43.09 33.89 30.26 24.51 26.1 28.53 30.72 30.5 28.69 28.11 28.39 22.95 18.15 13.24 18.45 23.64 23.21 21.24 19.61 19.99
20.81 35.93 35.76 27.51 20.81 21.06 23.2 24.32 22.71 21.69 23.51 24.58 25.18 26.78 28.97 30.05 28.18 25.21 23.77 22.41 21.95 22.12 21.09 18.7 15.66 15.06 17.87 17.04 16.23 15.82 13.69 10.97 10.26 12.45 15.69 16.59 26.1 34.74 34.34 33.33 32.69 32.72 32.78 32.84 34.83 37.42 40.05 48.41 54.4 49.51 37.17 29.57 30.33 31.84 33.26 41.17 50.37 51.69 42.49 34.41 30.74 24.68 26.55 28.37 29.51 28.65 27.37 27.23 26.86 20.65 22.68 19.24 19.32 20.47 22.05 23.36 23.23 22.26
23.62 36.66 34.47 24.05 16.33 18.08 20.5 21.35 21.16 21.51 22.26 21.09 20.99 23.86 26.87 28.38 27.17 24.15 21.92 19.58 18.46 18.12 17.14 15.86 14.29 14 17 16.21 15.52 14.99 12.6 9.63 8.81 10.58 12.99 13.94 24.03 33.13 33.05 32.79 32.78 33.26 33.83 34.22 34.37 34.89 37.03 47.34 56.47 53.03 42.09 33.94 32.13 30.87 30.04 35.85 43.78 45.76 38.99 33.56 31.42 26.25 26.83 26.51 26.08 24.68 23 21.38 18.54 11.5 23.68 22.44 19.85 19.27 22.82 26.9 28.16 26.62
