testDir/InputMaps/malcataHeight_300.grass
north: 40:14:17.01N
south: 40:12:39.7468N
east: 7:02:14.5154W
west: 7:04:21.43W
rows: 300
cols: 300
[rows 192 to 223 of 300, columns 72 to 143 of 300]
739.36 735.68 731.99 728.29 724.59 720.58 716.46 712.68 709.51 706.35 703.27 700.2 697.2 694.23 692.83 695.44 698.04 700.3 702.53 707.16 713.71 719.86 724.29 728.73 731.78 734.53 737.74 741.46 745.18 748.99 752.8 755.74 758.37 761.77 766.42 771.01 773.15 775.3 779.78 785.47 790.45 793.73 797.01 800.31 803.61 807.75 812.52 817.13 821.14 825.16 826.49 827.34 829.2 832.15 834.87 835.94 837 837.58 838 838.3 838.41 838.44 836.34 834.24 833.98 834.62 835.12 835.3 835.47 835.42 835.35 835.64
737.21 732.93 728.68 724.87 721.06 717 712.85 709 705.67 702.34 699.43 696.52 693.72 690.98 690 693.59 697.18 699.57 701.85 706.61 713.36 719.71 724.43 729.14 732.16 734.84 737.81 741.11 744.45 748.07 751.68 754.84 757.83 761.63 766.73 771.76 773.01 774.25 778.81 785.11 790.58 794.07 797.57 800.2 802.77 806.4 810.84 815.21 819.33 823.46 824.9 825.86 827.98 831.34 834.4 835.3 836.2 836.78 837.26 837.56 837.58 837.52 835.09 832.66 832.04 832.3 832.87 834.11 835.35 834.34 833.21 832.96
732.89 728.32 723.83 720.02 716.21 712.45 708.71 705.22 702.16 699.11 696.47 693.84 691.84 690.19 689.7 692.19 694.69 697.74 700.84 705.89 712.5 718.8 723.78 728.77 732.4 735.77 738.91 741.8 744.67 747.33 749.99 753 756.13 760.06 765.31 770.47 771.57 772.68 777.02 783.04 788.48 792.52 796.56 799.36 802.06 805.13 808.47 811.86 815.44 819.01 820.84 822.34 824.68 827.9 830.87 832.05 833.22 834.08 834.83 835.35 835.51 835.6 833.72 831.84 830.84 830.28 830.24 831.34 832.45 832.08 831.63 831.5
728.56 723.72 718.98 715.17 711.36 707.9 704.57 701.44 698.66 695.87 693.51 691.15 689.95 689.4 689.39 690.79 692.19 695.91 699.83 705.17 711.64 717.88 723.14 728.4 732.65 736.7 740.01 742.49 744.89 746.59 748.29 751.16 754.42 758.5 763.88 769.17 770.14 771.11 775.22 780.97 786.37 790.97 795.56 798.52 801.36 803.86 806.11 808.52 811.54 814.57 816.77 818.83 821.38 824.46 827.35 828.8 830.25 831.37 832.4 833.14 833.44 833.68 832.35 831.01 829.64 828.26 827.61 828.58 829.55 829.82 830.06 830.05
723.74 718.78 713.93 710.21 706.49 703.35 700.43 697.67 695.19 692.71 690.61 688.51 688.02 688.43 688.85 689.34 689.82 694.09 698.7 704.35 710.81 717.1 722.64 728.17 732.94 737.55 740.98 743.06 745.02 745.87 746.71 749.41 752.73 756.87 762.31 767.67 768.69 769.72 773.55 778.85 784.06 789.08 794.1 797.2 800.17 802.2 803.53 805.12 807.7 810.29 812.81 815.32 818.04 820.99 823.8 825.56 827.33 828.74 830.04 831.01 831.48 831.9 831.05 830.21 828.52 826.44 825.26 826.09 826.92 827.71 828.5 828.57
714.86 710.99 707.21 704.31 701.41 698.8 696.29 693.99 692.06 690.13 688.16 686.2 685.67 685.94 686.42 687.45 688.48 692.42 696.62 702.69 710.25 717.48 723.29 729.09 733.57 737.77 740.85 742.66 744.37 745.22 746.07 748.35 751.13 754.72 759.62 764.47 767.14 769.8 772.94 776.32 780.02 784.49 788.97 792.03 795 797.34 799.21 801.32 804.32 807.32 809.67 811.9 814.42 817.23 820 822.45 824.9 826.69 828.26 829.56 830.44 831.25 830.41 829.56 828.06 826.25 825.22 825.91 826.61 826.87 827.11 826.87
705.98 703.21 700.5 698.42 696.34 694.25 692.15 690.31 688.93 687.54 685.71 683.88 683.31 683.45 683.99 685.57 687.14 690.75 694.54 701.03 709.69 717.85 723.94 730.02 734.19 737.99 740.72 742.26 743.73 744.57 745.42 747.3 749.53 752.57 756.92 761.27 765.58 769.89 772.33 773.79 775.98 779.9 783.83 786.86 789.82 792.48 794.9 797.53 800.94 804.34 806.53 808.49 810.8 813.47 816.2 819.34 822.48 824.63 826.48 828.1 829.39 830.61 829.76 828.91 827.6 826.06 825.17 825.73 826.29 826.03 825.72 825.17
697.15 695.46 693.8 692.53 691.26 689.68 688 686.62 685.77 684.92 683.24 681.56 680.96 680.97 681.56 683.68 685.8 689.11 692.51 699.42 709.14 718.2 724.53 730.86 734.76 738.15 740.55 741.82 743.05 743.89 744.74 746.21 747.91 750.41 754.22 758.08 763.98 769.89 771.64 771.24 771.95 775.33 778.7 781.68 784.64 787.6 790.57 793.72 797.53 801.34 803.37 805.07 807.18 809.73 812.43 816.25 820.06 822.58 824.69 826.64 828.33 829.94 829.1 828.27 827.14 825.88 825.14 825.55 825.97 825.19 824.34 823.49
691.71 690.16 688.62 687.21 685.8 684.39 682.97 681.82 681.11 680.4 679.54 678.68 678.55 678.83 679.7 682.09 684.49 689.07 693.84 700.53 708.73 716.37 721.61 726.84 731.12 735.2 737.97 739.24 740.45 741.16 741.86 743.31 745 747.55 751.5 755.46 760 764.54 766.63 767.46 768.8 771.35 773.9 776.45 779 781.94 785.18 788.57 792.52 796.47 799.1 801.48 804.15 807.11 810.22 814.44 818.67 820.98 822.68 824.43 826.26 828.02 827.87 827.72 827.1 826.24 825.62 825.48 825.35 824.54 823.69 822.77
686.28 684.86 683.43 681.89 680.34 679.09 677.95 677.02 676.45 675.88 675.84 675.8 676.14 676.69 677.84 680.5 683.17 689.03 695.18 701.63 708.33 714.54 718.68 722.83 727.49 732.25 735.38 736.65 737.85 738.42 738.99 740.4 742.09 744.7 748.78 752.85 756.02 759.18 761.62 763.68 765.65 767.38 769.11 771.22 773.35 776.28 779.79 783.43 787.51 791.6 794.83 797.9 801.11 804.48 808 812.64 817.28 819.37 820.66 822.22 824.19 826.11 826.64 827.17 827.05 826.61 826.09 825.41 824.73 823.89 823.05 822.04
680.85 679.56 678.25 676.56 674.88 673.79 672.93 672.22 671.78 671.35 672.14 672.92 673.73 674.56 675.97 678.91 681.86 688.99 696.51 702.73 707.93 712.71 715.76 718.81 723.85 729.3 732.79 734.06 735.25 735.68 736.11 737.48 739.18 741.84 746.06 750.24 752.03 753.83 756.61 759.91 762.49 763.4 764.31 765.98 767.71 770.61 774.4 778.28 782.5 786.73 790.56 794.31 798.08 801.86 805.79 810.84 815.89 817.77 818.65 820.01 822.12 824.19 825.41 826.63 827 826.97 826.57 825.34 824.11 823.25 822.4 821.31
677.68 676.29 674.79 672.34 669.89 668.52 667.55 666.87 666.7 666.53 667.88 669.23 670.67 672.15 674.14 677.49 680.83 687.4 694.26 699.78 704.23 708.42 711.51 714.6 719.17 724.04 727.34 728.87 730.34 731.39 732.45 733.98 735.67 738.14 741.87 745.57 747.77 749.97 753.11 756.75 759.6 760.58 761.55 763.55 765.62 768.54 772.1 775.82 780.18 784.54 788.22 791.78 795.21 798.52 802.01 806.84 811.66 814.14 815.87 817.75 819.87 821.97 823.49 825.01 825.42 825.3 824.93 824.04 823.15 822.42 821.7 820.73
674.71 673.18 671.49 668.21 664.94 663.24 662.14 661.47 661.57 661.68 663.58 665.48 667.55 669.71 672.32 676.07 679.82 685.68 691.72 696.49 700.26 703.92 707.15 710.37 714.4 718.58 721.65 723.45 725.24 726.98 728.72 730.42 732.12 734.38 737.56 740.73 743.48 746.22 749.73 753.65 756.73 757.84 758.95 761.34 763.83 766.77 770.05 773.59 778.08 782.58 786.05 789.33 792.36 795.12 798.1 802.65 807.2 810.34 813.03 815.49 817.61 819.71 821.51 823.3 823.71 823.45 823.12 822.64 822.16 821.58 821 820.17
671.74 670.07 668.18 664.09 659.99 657.97 656.73 656.07 656.45 656.83 659.28 661.73 664.43 667.28 670.49 674.66 678.82 683.95 689.17 693.2 696.28 699.42 702.78 706.15 709.63 713.13 715.96 718.03 720.14 722.56 724.98 726.87 728.56 730.61 733.24 735.89 739.18 742.48 746.36 750.54 753.86 755.11 756.36 759.14 762.03 764.99 768 771.35 775.99 780.62 783.88 786.89 789.51 791.72 794.18 798.46 802.74 806.54 810.19 813.23 815.34 817.46 819.53 821.6 822.01 821.61 821.31 821.24 821.17 820.74 820.29 819.6
665.82 664.01 662.08 658.99 655.89 654.54 653.83 653.71 654.59 655.47 658.01 660.55 663.58 666.89 670.48 674.83 679.18 683.99 688.84 692.65 695.61 698.59 701.63 704.68 707.63 710.56 713.22 715.56 717.95 720.72 723.49 725.45 727.15 729.12 731.55 734 737.73 741.45 745.66 750.12 753.88 755.94 758.01 761.12 764.31 767.31 770.16 773.32 777.63 781.95 785.41 788.71 791.33 793.22 795.38 799.5 803.62 807.07 810.32 813.2 815.54 817.85 819.17 820.49 820.72 820.41 820.16 820.05 819.93 819.52 819.1 818.43
659.29 657.34 655.42 653.69 651.96 651.48 651.46 651.97 653.4 654.83 657.37 659.91 663.2 666.92 670.85 675.33 679.81 684.38 688.96 692.65 695.61 698.51 701.14 703.78 706.21 708.59 711.08 713.7 716.36 719.41 722.45 724.49 726.18 728.1 730.39 732.71 736.85 740.99 745.52 750.26 754.48 757.51 760.53 763.97 767.43 770.47 773.18 776.14 780.05 783.95 787.69 791.41 794.11 795.72 797.63 801.61 805.59 808.49 811.05 813.63 816.25 818.79 819.15 819.51 819.52 819.34 819.15 818.9 818.65 818.23 817.81 817.14
652.76 650.68 648.75 648.39 648.03 648.42 649.09 650.23 652.21 654.18 656.72 659.26 662.82 666.94 671.21 675.83 680.45 684.78 689.08 692.65 695.61 698.43 700.65 702.88 704.78 706.62 708.95 711.84 714.78 718.09 721.41 723.52 725.21 727.08 729.23 731.43 735.98 740.53 745.38 750.39 755.09 759.07 763.05 766.81 770.55 773.62 776.2 778.96 782.46 785.95 789.98 794.11 796.88 798.23 799.87 803.72 807.57 809.91 811.79 814.06 816.96 819.72 819.13 818.53 818.32 818.28 818.13 817.75 817.36 816.94 816.52 815.84
648.79 647.48 646.32 646.73 647.13 648.15 649.4 651.15 653.77 656.4 659.44 662.48 666.29 670.53 674.82 679.28 683.73 687.98 692.22 695.63 698.39 701.03 703.15 705.26 707.03 708.72 710.92 713.68 716.51 719.89 723.28 725.63 727.63 729.82 732.34 734.9 739.25 743.61 748.24 753.02 757.63 761.87 766.1 770.22 774.33 777.55 780.09 782.81 786.19 789.58 793.43 797.36 800.1 801.57 803.3 806.91 810.52 812.52 814.01 815.8 818.06 820.21 819.47 818.72 818.34 818.14 817.84 817.31 816.79 816.17 815.54 814.49
645.72 645.51 645.4 646.35 647.3 648.87 650.67 653.02 656.32 659.63 663.36 667.09 671.14 675.38 679.59 683.77 687.96 692.19 696.42 699.68 702.17 704.59 706.7 708.82 710.58 712.28 714.34 716.83 719.41 722.8 726.19 728.85 731.25 733.91 736.98 740.06 744.01 747.95 752.17 756.54 760.87 765.1 769.33 773.84 778.36 781.75 784.29 787.01 790.39 793.78 797.28 800.8 803.46 805.21 807.15 810.48 813.82 815.54 816.76 818.01 819.31 820.54 819.93 819.32 818.8 818.33 817.79 817.13 816.47 815.59 814.69 813.12
642.66 643.54 644.48 645.98 647.48 649.59 651.94 654.89 658.88 662.87 667.28 671.69 675.99 680.22 684.37 688.27 692.18 696.39 700.62 703.73 705.95 708.14 710.26 712.38 714.14 715.83 717.77 719.99 722.32 725.71 729.1 732.06 734.88 738 741.62 745.23 748.76 752.29 756.11 760.06 764.1 768.33 772.57 777.45 782.39 785.95 788.49 791.21 794.6 797.98 801.14 804.25 806.83 808.85 810.99 814.05 817.11 818.57 819.51 820.22 820.56 820.87 820.4 819.92 819.27 818.52 817.75 816.95 816.16 815 813.83 811.75
642.74 644.27 645.88 648.28 650.68 653.44 656.33 659.65 663.71 667.77 672.16 676.55 680.79 684.93 688.96 692.68 696.4 700.51 704.66 707.82 710.2 712.53 714.65 716.77 718.9 721.03 723.24 725.53 727.95 731.43 734.9 737.93 740.81 743.94 747.48 751.02 754.05 757.09 760.4 763.86 767.46 771.43 775.4 780.41 785.49 789.27 792.07 795.04 798.6 802.16 805.22 808.18 810.61 812.46 814.38 816.81 819.25 820.28 820.86 821.14 820.96 820.78 820.35 819.93 819.28 818.52 817.71 816.77 815.84 814.67 813.49 811
644.54 646.48 648.57 652.06 655.56 659.01 662.45 666.02 669.8 673.59 677.57 681.55 685.55 689.56 693.45 697.03 700.62 704.59 708.6 711.93 714.72 717.38 719.5 721.62 724.32 727.14 729.84 732.4 735.08 738.69 742.3 745.27 748 750.89 754.03 757.15 759.64 762.12 764.89 767.8 770.9 774.46 778.02 782.99 788.07 792.09 795.3 798.65 802.49 806.32 809.42 812.38 814.61 816.05 817.51 819.13 820.74 821.26 821.43 821.35 820.9 820.45 820.03 819.61 819.05 818.43 817.67 816.59 815.52 814.48 813.43 810.6
646.34 648.7 651.26 655.84 660.43 664.58 668.57 672.38 675.89 679.4 682.97 686.55 690.31 694.18 697.93 701.38 704.83 708.67 712.54 716.04 719.24 722.23 724.35 726.47 729.74 733.24 736.43 739.27 742.21 745.96 749.71 752.6 755.2 757.85 760.57 763.28 765.22 767.16 769.38 771.74 774.33 777.48 780.63 785.58 790.66 794.91 798.54 802.26 806.37 810.48 813.62 816.59 818.61 819.64 820.65 821.44 822.23 822.24 822 821.57 820.84 820.13 819.71 819.28 818.82 818.33 817.62 816.42 815.21 814.28 813.38 810.2
651.42 654.34 657.44 662.37 667.3 671.56 675.56 679.31 682.63 685.94 689.47 693.01 696.72 700.53 704.18 707.42 710.66 714.21 717.79 721.23 724.54 727.6 729.64 731.69 735.07 738.73 742.13 745.25 748.43 752.16 755.9 758.57 760.89 763.29 765.83 768.35 770.04 771.74 773.66 775.7 778.01 780.98 783.94 788.95 794.11 798.45 802.18 805.98 809.98 813.99 816.86 819.52 821.23 821.92 822.6 823.09 823.59 823.33 822.84 822.17 821.25 820.34 819.92 819.49 818.97 818.4 817.56 816.14 814.72 813.41 812.11 808.68
659.17 662.77 666.47 671.12 675.78 679.66 683.26 686.7 689.87 693.05 696.86 700.67 704.49 708.3 711.87 714.83 717.79 720.95 724.12 727.29 730.47 733.4 735.3 737.21 740.34 743.73 747.11 750.5 753.91 757.51 761.11 763.44 765.35 767.49 770.03 772.56 774.25 775.94 777.77 779.68 781.9 784.86 787.82 792.96 798.25 802.58 806.17 809.77 813.37 816.96 819.3 821.42 822.71 823.13 823.58 824.22 824.85 824.52 823.89 823.08 822.02 820.99 820.57 820.14 819.43 818.58 817.47 815.78 814.08 811.98 809.86 806.26
666.92 671.2 675.5 679.88 684.26 687.77 690.96 694.09 697.12 700.17 704.25 708.34 712.24 716.05 719.55 722.24 724.93 727.68 730.45 733.36 736.4 739.19 740.96 742.73 745.61 748.72 752.09 755.75 759.39 762.85 766.31 768.31 769.8 771.69 774.23 776.76 778.45 780.14 781.89 783.65 785.77 788.74 791.7 796.97 802.4 806.7 810.16 813.56 816.75 819.94 821.75 823.32 824.2 824.34 824.57 825.34 826.11 825.71 824.94 824 822.8 821.63 821.21 820.79 819.89 818.77 817.39 815.42 813.45 810.56 807.62 803.83
673.81 678.22 682.6 686.77 690.94 694.46 697.74 700.95 704.04 707.13 711.49 715.85 719.74 723.36 726.61 728.9 731.18 733.47 735.76 738.39 741.29 743.99 745.88 747.76 750.49 753.39 756.6 760.15 763.68 766.94 770.2 772.17 773.69 775.55 777.97 780.37 782 783.63 785.22 786.79 788.73 791.57 794.4 799.44 804.62 808.86 812.37 815.75 818.65 821.55 823.02 824.23 824.88 824.94 825.09 825.81 826.53 826.11 825.32 824.47 823.52 822.58 822.09 821.6 820.51 819.11 817.39 814.96 812.53 809.25 805.93 802.26
679.71 683.57 687.44 691.47 695.51 699.49 703.45 707.19 710.56 713.92 718.56 723.19 726.91 730.12 732.92 734.66 736.4 738.14 739.89 742.19 744.96 747.63 749.92 752.22 754.9 757.66 760.54 763.55 766.56 769.55 772.54 774.84 776.91 779.01 781.15 783.27 784.77 786.26 787.62 788.92 790.59 793.15 795.72 800.09 804.6 808.69 812.48 816.05 818.81 821.58 822.91 823.98 824.63 824.82 825.05 825.5 825.95 825.57 824.92 824.42 824.15 823.86 823.24 822.62 821.29 819.62 817.5 814.39 811.27 808.09 804.9 801.69
685.6 688.91 692.28 696.17 700.07 704.51 709.16 713.44 717.07 720.71 725.62 730.53 734.08 736.88 739.23 740.43 741.62 742.82 744.01 746 748.62 751.27 753.97 756.67 759.31 761.94 764.49 766.95 769.44 772.16 774.87 777.51 780.13 782.46 784.32 786.18 787.54 788.9 790.03 791.05 792.45 794.74 797.03 800.74 804.57 808.52 812.58 816.34 818.97 821.6 822.79 823.72 824.37 824.7 825.02 825.19 825.37 825.02 824.51 824.37 824.78 825.15 824.39 823.63 822.08 820.13 817.61 813.81 810.01 806.93 803.88 801.12
691.66 694.77 697.94 701.65 705.36 709.85 714.63 719.07 722.93 726.79 731.62 736.45 739.62 741.86 743.71 744.56 745.4 746.57 747.77 749.68 752.17 754.74 757.6 760.46 763.02 765.5 767.87 770.08 772.32 774.71 777.1 779.8 782.62 785 786.69 788.38 789.7 791.02 792.03 792.88 794.11 796.28 798.45 801.61 804.85 808.51 812.49 816.15 818.59 821.03 822.21 823.16 823.9 824.42 824.88 824.83 824.78 824.44 824.02 824.06 824.81 825.5 824.7 823.91 822.25 820.19 817.49 813.41 809.33 806.45 803.64 801.17
697.99 701.51 705.03 708.46 711.9 715.72 719.67 723.65 727.64 731.64 735.79 739.93 742.33 743.74 745 745.85 746.7 748.74 750.9 753.16 755.52 757.92 760.51 763.09 765.49 767.84 770.26 772.75 775.19 777.16 779.14 781.44 783.84 785.97 787.67 789.35 790.81 792.27 793.32 794.17 795.45 797.75 800.05 802.84 805.67 808.77 812.06 815.13 817.29 819.46 820.82 822.05 823.06 823.86 824.54 824.35 824.16 823.79 823.37 823.3 823.78 824.21 823.55 822.89 821.38 819.45 816.97 813.3 809.63 807.16 804.76 802.31
704.32 708.25 712.12 715.28 718.44 721.58 724.72 728.22 732.36 736.49 739.95 743.41 745.03 745.63 746.3 747.14 747.99 750.92 754.03 756.65 758.86 761.1 763.41 765.73 767.96 770.18 772.65 775.41 778.05 779.62 781.19 783.07 785.06 786.94 788.64 790.33 791.92 793.51 794.62 795.46 796.78 799.22 801.66 804.08 806.49 809.02 811.64 814.1 815.99 817.88 819.44 820.93 822.22 823.29 824.2 823.87 823.55 823.15 822.72 822.55 822.75 822.92 822.4 821.88 820.5 818.71 816.46 813.19 809.93 807.88 805.88 803.44
