testDir/InputMaps/malcataHeight_350.grass
north: 40:14:17.01N
south: 40:12:39.7468N
east: 7:02:14.5154W
west: 7:04:21.43W
rows: 350
cols: 350
[rows 0 to 31 of 350, columns 0 to 71 of 350]
0 0 0 0 0 0 0 0 0 0 0 0 0 0 0 0 0 0 0 0 0 0 0 0 0 0 0 0 0 0 0 0 0 0 0 0 0 0 0 0 0 0 0 0 0 0 0 0 0 0 0 0 0 0 0 0 0 0 0 0 0 0 0 0 0 0 0 0 0 0 0 0
0 0 0 0 0 0 0 0 0 0 0 0 0 0 0 0 0 0 0 0 0 0 0 0 0 0 0 0 0 0 0 0 0 0 0 0 0 0 0 0 0 0 0 0 0 0 0 0 0 0 0 0 0 0 0 0 0 0 0 0 0 0 0 0 0 0 0 0 0 0 0 0
0 928.31 927.94 927.58 927.62 928.34 929.07 929.39 929.46 929.53 929.98 930.5 930.93 930.57 930.2 929.04 926.35 923.66 921.52 919.78 918.03 915.74 913.34 911.03 909.8 908.57 907.09 905.07 903.04 899.37 894.42 889.46 888.45 888.38 888.27 887.3 886.34 886.31 888.48 890.66 893.31 896.37 899.42 903.51 907.87 912.16 913.47 914.78 915.77 915.88 915.99 917.03 918.93 920.82 921.39 921.55 921.7 922.96 924.21 925.38 926.25 927.13 927.26 926.6 925.94 924.64 923.11 921.57 919.63 917.67 915.9 914.74
0 930.25 929.88 929.52 929.56 930.28 931.01 931.39 931.56 931.74 931.94 932.16 932.31 931.95 931.59 930.53 928.14 925.75 923.8 922.15 920.51 918.4 916.2 914.06 912.63 911.2 909.49 907.16 904.84 901.43 897.18 892.93 891.97 891.8 891.63 891.37 891.11 891.57 893.75 895.93 898.42 901.17 903.92 907.55 911.41 915.2 916.31 917.42 918.59 919.91 921.23 922.64 924.14 925.63 925.88 925.73 925.58 926.03 926.48 926.96 927.54 928.12 928.14 927.58 927.03 926.05 924.91 923.78 921.65 919.49 917.54 916.28
0 932.19 931.82 931.46 931.5 932.22 932.95 933.4 933.67 933.94 933.9 933.81 933.7 933.34 932.97 932.02 929.93 927.84 926.07 924.53 922.99 921.06 919.07 917.1 915.47 913.84 911.89 909.26 906.63 903.49 899.94 896.4 895.49 895.22 894.99 895.43 895.88 896.84 899.02 901.19 903.52 905.97 908.42 911.59 914.95 918.24 919.15 920.06 921.41 923.94 926.47 928.25 929.35 930.44 930.36 929.91 929.46 929.1 928.75 928.55 928.83 929.1 929.02 928.56 928.11 927.45 926.72 925.99 923.67 921.31 919.18 917.82
0 934.22 933.87 933.52 933.55 934.25 934.95 935.43 935.77 936.12 935.84 935.46 935.09 934.73 934.38 933.54 931.76 929.98 928.39 926.93 925.47 923.68 921.83 919.99 918.17 916.36 914.21 911.35 908.49 905.64 902.8 899.96 899.12 898.76 898.47 899.52 900.57 901.94 904.07 906.19 908.33 910.47 912.61 915.34 918.23 921.07 921.87 922.66 924.22 927.82 931.43 933.55 934.28 935.02 934.63 933.89 933.14 932.08 931.02 930.21 930.17 930.14 929.93 929.53 929.13 928.73 928.33 927.93 925.45 922.93 920.65 919.22
0 937.28 937.03 936.78 936.76 937.16 937.56 937.8 937.94 938.09 937.61 937.03 936.48 936.23 935.98 935.34 933.96 932.58 931.1 929.54 927.98 925.84 923.59 921.37 919.56 917.74 915.76 913.4 911.04 908.81 906.67 904.54 903.83 903.47 903.16 903.81 904.46 905.37 906.89 908.41 910.05 911.79 913.53 916.09 918.89 921.65 923.25 924.85 926.91 930.21 933.51 935.54 936.38 937.21 936.69 935.75 934.81 934.05 933.28 932.6 932.17 931.73 931.11 930.31 929.51 928.71 927.91 927.11 924.82 922.5 920.42 919.19
0 940.35 940.19 940.04 939.98 940.07 940.17 940.17 940.12 940.06 939.38 938.6 937.88 937.72 937.57 937.14 936.16 935.19 933.81 932.15 930.49 928 925.35 922.76 920.94 919.13 917.3 915.45 913.6 911.98 910.55 909.11 908.54 908.18 907.85 908.1 908.35 908.79 909.71 910.63 911.77 913.11 914.45 916.85 919.54 922.22 924.63 927.03 929.6 932.6 935.6 937.53 938.47 939.4 938.76 937.61 936.47 936.01 935.55 935 934.16 933.32 932.3 931.1 929.9 928.69 927.49 926.29 924.19 922.07 920.19 919.16
0 943.41 943.35 943.3 943.19 942.99 942.78 942.54 942.29 942.03 941.15 940.17 939.27 939.22 939.17 938.94 938.37 937.79 936.52 934.76 933 930.16 927.11 924.14 922.33 920.51 918.85 917.5 916.15 915.15 914.42 913.69 913.25 912.89 912.54 912.39 912.23 912.22 912.53 912.85 913.49 914.43 915.36 917.6 920.19 922.8 926.01 929.22 932.29 934.99 937.68 939.52 940.56 941.6 940.82 939.48 938.13 937.98 937.82 937.39 936.15 934.91 933.49 931.88 930.28 928.67 927.07 925.46 923.55 921.63 919.96 919.13
0 946.46 946.46 946.46 946.33 945.97 945.6 945.15 944.64 944.14 943.17 942.13 941.18 941.04 940.89 940.64 940.18 939.72 938.44 936.58 934.71 931.77 928.6 925.54 923.87 922.2 920.76 919.82 918.87 918.2 917.74 917.28 917.02 916.8 916.57 916.16 915.75 915.43 915.34 915.24 915.56 916.24 916.92 918.9 921.25 923.63 927.16 930.69 933.93 936.37 938.82 940.56 941.65 942.74 941.97 940.62 939.26 939.07 938.88 938.37 936.92 935.47 933.87 932.1 930.33 928.53 926.72 924.9 923.04 921.18 919.64 919.2
0 949.51 949.51 949.51 949.38 949.01 948.65 948.02 947.21 946.4 945.48 944.54 943.65 943.2 942.75 942.23 941.57 940.91 939.49 937.53 935.56 932.76 929.8 926.95 925.58 924.21 923.08 922.43 921.79 921.14 920.48 919.82 919.76 919.84 919.89 919.38 918.87 918.42 918.12 917.83 918 918.58 919.16 920.8 922.75 924.73 928.06 931.39 934.43 936.67 938.91 940.56 941.65 942.74 942.12 940.97 939.82 939.22 938.63 937.82 936.37 934.92 933.36 931.69 930.03 928.25 926.44 924.63 922.67 920.7 919.22 919.38
0 952.56 952.56 952.56 952.43 952.06 951.7 950.88 949.77 948.66 947.78 946.94 946.11 945.36 944.61 943.83 942.97 942.1 940.54 938.47 936.41 933.76 931 928.36 927.29 926.22 925.39 925.05 924.71 924.07 923.21 922.35 922.5 922.88 923.21 922.6 921.99 921.41 920.91 920.41 920.44 920.92 921.39 922.71 924.25 925.83 928.96 932.09 934.93 936.97 939.01 940.56 941.65 942.74 942.28 941.32 940.37 939.37 938.38 937.27 935.81 934.36 932.86 931.29 929.73 927.98 926.16 924.35 922.29 920.23 918.8 919.57
0 955.61 955.61 955.61 955.47 955.11 954.75 953.75 952.33 950.92 950.08 949.34 948.58 947.53 946.48 945.42 944.36 943.3 941.59 939.42 937.26 934.76 932.2 929.76 929 928.24 927.7 927.66 927.62 927.01 925.95 924.88 925.23 925.92 926.53 925.82 925.11 924.4 923.7 923 922.88 923.26 923.63 924.61 925.75 926.94 929.87 932.8 935.43 937.27 939.11 940.56 941.65 942.74 942.43 941.68 940.92 939.52 938.12 936.71 935.26 933.81 932.35 930.89 929.42 927.7 925.89 924.07 921.91 919.75 918.38 919.75
0 958.91 959 959.08 959.1 959 958.9 957.92 956.38 954.85 954.08 953.44 952.76 951.76 950.76 949.61 948.17 946.73 944.76 942.41 940.05 937.98 935.97 934.02 932.95 931.87 930.97 930.45 929.92 929.08 927.99 926.9 927.28 928 928.68 928.39 928.1 927.66 926.84 926.03 925.8 926.08 926.35 927.4 928.67 929.97 932.43 934.89 937.11 938.66 940.21 941.44 942.35 943.26 943 942.36 941.72 940.18 938.64 937.06 935.34 933.63 932.09 930.72 929.36 927.6 925.7 923.8 921.97 920.14 919.05 920.5
0 962.25 962.43 962.62 962.82 963.02 963.22 962.3 960.66 959.02 958.32 957.78 957.21 956.31 955.41 954.19 952.34 950.5 948.24 945.69 943.14 941.53 940.12 938.71 937.23 935.75 934.38 933.25 932.12 931.02 929.93 928.84 929.22 929.94 930.64 930.86 931.07 930.95 930.04 929.13 928.8 928.97 929.15 930.33 931.8 933.28 935.24 937.2 938.97 940.22 941.47 942.44 943.15 943.87 943.63 943.09 942.55 940.91 939.27 937.54 935.52 933.51 931.86 930.6 929.33 927.53 925.52 923.52 922.08 920.66 919.88 921.33
0 965.58 965.87 966.16 966.53 967.03 967.54 966.67 964.93 963.19 962.56 962.13 961.65 960.85 960.05 958.76 956.52 954.27 951.73 948.97 946.22 945.08 944.27 943.39 941.51 939.63 937.79 936.06 934.33 932.96 931.87 930.78 931.16 931.88 932.61 933.32 934.04 934.25 933.23 932.22 931.79 931.87 931.94 933.26 934.93 936.59 938.05 939.51 940.83 941.78 942.72 943.45 943.96 944.47 944.26 943.82 943.38 941.64 939.9 938.02 935.7 933.38 931.63 930.47 929.31 927.45 925.35 923.25 922.2 921.18 920.71 922.16
0 968.54 968.8 969.06 969.45 970.07 970.69 969.95 968.35 966.74 966.15 965.74 965.29 964.57 963.84 962.5 959.99 957.48 954.72 951.79 948.86 948 947.55 946.98 944.78 942.57 940.39 938.24 936.09 934.55 933.49 932.42 932.74 933.39 934.05 935.12 936.18 936.63 935.62 934.61 934.16 934.19 934.21 935.68 937.55 939.39 940.37 941.36 942.24 942.86 943.48 943.94 944.25 944.56 944.32 943.9 943.48 941.75 940.01 938.12 935.77 933.41 931.7 930.63 929.57 927.69 925.51 923.33 922.61 921.91 921.67 923.01
0 970.43 970.29 970.14 970.13 970.35 970.57 970.16 969.36 968.57 967.92 967.31 966.68 965.95 965.23 963.92 961.51 959.1 956.32 953.29 950.26 949.13 948.39 947.53 945.22 942.92 940.7 938.65 936.6 935.16 934.2 933.24 933.33 933.67 934.05 935.01 935.97 936.44 935.73 935.03 934.77 934.9 935.02 936.67 938.74 940.77 941.35 941.93 942.41 942.63 942.84 943.01 943.12 943.22 942.78 942.16 941.54 940.11 938.68 937.19 935.54 933.89 932.58 931.62 930.65 928.8 926.62 924.44 923.81 923.21 922.96 923.91
0 972.32 971.78 971.23 970.81 970.63 970.44 970.38 970.38 970.39 969.69 968.87 968.06 967.34 966.61 965.34 963.03 960.72 957.93 954.8 951.67 950.27 949.22 948.07 945.67 943.26 941.01 939.06 937.11 935.77 934.91 934.05 933.92 933.96 934.04 934.91 935.77 936.25 935.85 935.44 935.38 935.6 935.83 937.66 939.93 942.14 942.32 942.5 942.58 942.39 942.21 942.07 941.98 941.89 941.24 940.42 939.61 938.47 937.34 936.26 935.31 934.36 933.46 932.6 931.74 929.91 927.73 925.55 925.02 924.52 924.26 924.8
0 974.21 973.26 972.31 971.5 970.91 970.32 970.59 971.4 972.21 971.46 970.44 969.45 968.72 968 966.76 964.55 962.34 959.53 956.3 953.07 951.4 950.06 948.62 946.12 943.61 941.31 939.47 937.62 936.38 935.62 934.86 934.5 934.25 934.04 934.8 935.56 936.06 935.96 935.86 935.99 936.31 936.64 938.65 941.12 943.52 943.29 943.07 942.74 942.16 941.57 941.14 940.84 940.55 939.7 938.69 937.67 936.84 936.01 935.32 935.08 934.84 934.34 933.58 932.82 931.01 928.84 926.66 926.23 925.83 925.55 925.69
0 975.95 974.79 973.64 972.62 971.83 971.03 971.23 972.05 972.88 972.24 971.35 970.49 969.96 969.44 968.41 966.43 964.45 961.76 958.56 955.36 953.39 951.68 949.89 947.29 944.68 942.33 940.51 938.7 937.31 936.26 935.2 934.81 934.58 934.41 935.26 936.12 936.78 936.98 937.18 937.5 937.93 938.36 940.03 942.04 944 943.83 943.66 943.29 942.37 941.45 940.74 940.25 939.76 939.06 938.3 937.54 936.75 935.96 935.31 935.12 934.92 934.62 934.23 933.83 932.27 930.29 928.31 927.72 927.16 926.7 926.56
0 977.6 976.34 975.09 973.97 973.07 972.18 972.09 972.52 972.94 972.5 971.91 971.35 971.13 970.9 970.18 968.5 966.82 964.31 961.21 958.11 955.83 953.71 951.55 948.84 946.14 943.71 941.9 940.09 938.42 936.86 935.3 934.98 934.95 934.97 936.03 937.09 937.98 938.48 938.98 939.5 940.02 940.55 941.62 942.82 944 944.14 944.28 944.04 942.82 941.59 940.64 939.95 939.25 938.89 938.63 938.37 937.48 936.59 935.79 935.29 934.79 934.59 934.7 934.81 933.6 931.92 930.24 929.36 928.5 927.76 927.43
0 979.25 977.89 976.54 975.32 974.32 973.33 972.96 972.98 973 972.75 972.47 972.21 972.29 972.36 971.94 970.57 969.19 966.86 963.86 960.86 958.26 955.75 953.2 950.4 947.59 945.1 943.29 941.47 939.52 937.46 935.4 935.14 935.31 935.54 936.8 938.06 939.18 939.98 940.78 941.49 942.12 942.75 943.2 943.61 944.01 944.45 944.89 944.79 943.27 941.74 940.54 939.64 938.74 938.72 938.96 939.2 938.21 937.22 936.27 935.47 934.67 934.56 935.17 935.78 934.93 933.55 932.18 931.01 929.85 928.82 928.29
0 980.9 979.46 978.02 976.71 975.62 974.54 973.89 973.52 973.16 973.09 973.09 973.11 973.46 973.81 973.66 972.57 971.48 969.32 966.42 963.52 960.62 957.72 954.82 951.95 949.07 946.53 944.7 942.87 940.65 938.13 935.61 935.42 935.78 936.2 937.65 939.11 940.45 941.54 942.63 943.51 944.23 944.95 944.81 944.44 944.1 944.79 945.48 945.5 943.69 941.89 940.47 939.41 938.36 938.64 939.34 940.03 938.96 937.89 936.82 935.71 934.61 934.58 935.64 936.71 936.19 935.11 934.02 932.59 931.15 929.87 929.14
0 982.59 981.35 980.11 978.96 977.98 976.99 976.32 975.86 975.39 975.14 974.93 974.74 974.79 974.84 974.46 973.27 972.07 969.88 966.97 964.07 961.26 958.46 955.7 953.43 951.16 948.9 946.66 944.43 942.32 940.3 938.29 938.19 938.56 938.97 940.43 941.88 943.22 944.31 945.4 946.18 946.69 947.21 946.87 946.3 945.74 945.73 945.72 945.27 943.67 942.07 941.11 940.76 940.4 940.47 940.67 940.87 940.2 939.53 938.68 937.28 935.87 935.44 936 936.56 935.99 935 934.02 932.89 931.75 930.68 929.85
0 984.28 983.24 982.2 981.21 980.33 979.45 978.76 978.19 977.62 977.19 976.77 976.38 976.12 975.87 975.26 973.96 972.67 970.43 967.53 964.63 961.89 959.2 956.58 954.91 953.24 951.26 948.63 945.99 943.99 942.47 940.96 940.96 941.33 941.75 943.2 944.65 945.99 947.08 948.17 948.84 949.15 949.47 948.93 948.16 947.38 946.67 945.95 945.05 943.65 942.25 941.75 942.1 942.45 942.31 942 941.7 941.43 941.17 940.55 938.84 937.13 936.3 936.36 936.42 935.78 934.9 934.02 933.18 932.35 931.49 930.56
0 985.96 985.12 984.29 983.47 982.69 981.9 981.19 980.52 979.85 979.23 978.62 978.01 977.45 976.9 976.06 974.66 973.27 970.99 968.08 965.18 962.53 959.94 957.45 956.39 955.32 953.63 950.59 947.55 945.65 944.65 943.64 943.74 944.1 944.52 945.97 947.42 948.76 949.85 950.94 951.5 951.62 951.73 950.99 950.01 949.03 947.61 946.19 944.83 943.63 942.43 942.39 943.44 944.5 944.14 943.34 942.53 942.67 942.81 942.41 940.4 938.4 937.16 936.72 936.27 935.58 934.8 934.02 933.48 932.95 932.3 931.27
0 987.41 986.77 986.13 985.48 984.8 984.12 983.35 982.54 981.73 980.95 980.18 979.41 978.64 977.87 976.9 975.53 974.17 971.98 969.21 966.44 963.86 961.32 958.91 958.05 957.19 955.66 952.71 949.75 948.2 947.74 947.27 947.37 947.6 947.89 949.16 950.44 951.62 952.57 953.53 953.83 953.56 953.3 952.36 951.22 950.08 948.44 946.8 945.34 944.33 943.33 943.44 944.58 945.73 945.24 944.24 943.24 943.47 943.71 943.38 941.38 939.38 937.99 937.22 936.45 935.68 934.91 934.14 933.68 933.23 932.65 931.65
0 988.54 988.1 987.67 987.18 986.6 986.02 985.17 984.16 983.14 982.25 981.38 980.51 979.64 978.77 977.8 976.64 975.47 973.54 971.08 968.61 966.08 963.54 961.1 959.94 958.78 957.27 955.02 952.77 951.86 952 952.15 952.12 952.05 952.02 952.9 953.77 954.58 955.23 955.89 955.72 954.85 953.99 952.83 951.6 950.36 949.13 947.89 946.78 945.98 945.18 945.02 945.46 945.89 945.39 944.59 943.8 943.73 943.65 943.2 941.61 940.01 938.77 937.9 937.03 936.16 935.29 934.42 933.76 933.11 932.42 931.62
0 989.67 989.44 989.2 988.88 988.4 987.92 986.99 985.77 984.56 983.55 982.58 981.61 980.64 979.67 978.7 977.74 976.78 975.11 972.94 970.77 968.3 965.76 963.3 961.84 960.37 958.88 957.34 955.79 955.53 956.27 957.02 956.86 956.49 956.16 956.63 957.1 957.54 957.89 958.24 957.61 956.14 954.67 953.31 951.97 950.65 949.82 948.99 948.22 947.62 947.02 946.59 946.33 946.06 945.55 944.95 944.35 943.98 943.6 943.03 941.83 940.63 939.55 938.58 937.61 936.64 935.67 934.69 933.84 932.99 932.19 931.59
0 990.81 990.77 990.74 990.58 990.2 989.82 988.81 987.39 985.97 984.85 983.78 982.71 981.63 980.56 979.6 978.84 978.08 976.67 974.8 972.94 970.51 967.97 965.49 963.73 961.97 960.49 959.65 958.8 959.19 960.54 961.89 961.61 960.93 960.3 960.36 960.43 960.5 960.55 960.6 959.5 957.43 955.35 953.78 952.35 950.94 950.51 950.08 949.66 949.26 948.86 948.17 947.2 946.23 945.7 945.3 944.9 944.23 943.55 942.85 942.06 941.26 940.33 939.26 938.19 937.12 936.05 934.97 933.92 932.86 931.96 931.56
0 991.03 991.28 991.53 991.65 991.54 991.42 990.6 989.31 988.03 986.62 985.2 983.82 982.82 981.81 980.93 980.29 979.65 978.41 976.77 975.12 972.66 970.04 967.48 965.75 964.02 962.61 961.88 961.16 961.52 962.72 963.92 963.7 963.14 962.6 962.43 962.27 962.05 961.72 961.38 960.1 958.01 955.91 954.58 953.47 952.37 951.92 951.48 951.03 950.58 950.14 949.36 948.27 947.18 946.52 945.99 945.46 944.73 944.01 943.28 942.55 941.83 940.92 939.84 938.75 937.66 936.57 935.48 934.31 933.14 932.11 931.58
