testDir/InputMaps/malcataHeight_300.grass
north: 40:14:17.01N
south: 40:12:39.7468N
east: 7:02:14.5154W
west: 7:04:21.43W
rows: 300
cols: 300
[rows 32 to 63 of 300, columns 0 to 71 of 300]
0 995.45 996.71 997.98 999.24 1000.5 1000.26 998.99 997.62 995.93 994.24 993.64 993.21 992.34 991.07 989.42 985.63 981.83 979.37 977.27 976.4 977.23 977.92 976.65 975.39 973.82 972.13 970.57 969.3 968.02 967.56 967.13 965.94 964.25 962.77 961.91 961.06 959.82 958.54 956.37 953.41 950.65 948.97 947.28 946.26 945.41 944.38 943.1 941.83 940.56 939.28 938.32 937.48 936.65 935.81 934.97 933.26 931.55 930.11 928.83 927.44 925.74 924.05 922.76 921.52 920.71 920.28 919.92 919.92 919.92 917.14 913.74
0 997.02 998.15 999.28 1000.27 1001.26 1000.82 999.41 997.97 996.42 994.87 993.93 993.08 991.88 990.33 988.53 985.28 982.04 980.33 979.06 978.26 978.13 977.92 976.65 975.39 973.82 972.13 970.48 968.93 967.38 966.65 965.95 964.81 963.4 962.02 960.75 959.49 957.72 955.89 953.46 950.5 947.79 946.37 944.96 943.89 942.9 941.73 940.32 938.91 937.5 936.09 935.38 934.95 934.48 933.91 933.35 930.84 928.3 926.29 924.6 922.91 921.22 919.52 919.1 918.81 918.3 917.59 916.99 916.85 916.71 913.35 909.26
0 998.59 999.58 1000.58 1001.3 1002.02 1001.39 999.84 998.33 996.91 995.49 994.22 992.96 991.42 989.59 987.64 984.94 982.24 981.3 980.85 980.12 979.03 977.92 976.65 975.39 973.82 972.13 970.39 968.56 966.74 965.74 964.76 963.69 962.55 961.27 959.6 957.92 955.62 953.24 950.55 947.59 944.92 943.78 942.64 941.52 940.39 939.08 937.54 935.99 934.44 932.89 932.44 932.42 932.31 932.02 931.73 928.41 925.05 922.48 920.38 918.38 916.69 915 915.43 916.11 915.89 914.91 914.06 913.78 913.5 909.56 904.79
0 1000.16 1001.02 1001.88 1002.34 1002.78 1001.96 1000.27 998.68 997.4 996.12 994.51 992.84 990.96 988.86 986.75 984.6 982.44 982.27 982.64 981.98 979.93 977.92 976.65 975.39 973.82 972.13 970.3 968.2 966.1 964.83 963.57 962.56 961.69 960.53 958.44 956.35 953.52 950.59 947.64 944.68 942.06 941.19 940.33 939.14 937.88 936.44 934.75 933.07 931.38 929.7 929.5 929.89 930.15 930.13 930.11 925.98 921.8 918.67 916.15 913.86 912.16 910.47 911.77 913.4 913.48 912.22 911.12 910.71 910.29 905.77 900.31
0 1000.79 1001.38 1001.97 1002.04 1002.08 1001.24 999.8 998.34 996.82 995.29 993.73 992.17 990.71 989.36 987.88 985.64 983.39 982.74 982.52 981.61 979.75 977.92 976.65 975.39 973.73 971.91 969.9 967.53 965.16 963.49 961.83 960.6 959.62 958.43 956.57 954.7 952.32 949.87 947.15 944.18 941.46 939.97 938.49 936.97 935.45 933.85 932.15 930.45 928.63 926.81 926.22 926.14 925.68 924.53 923.38 919.56 915.71 912.84 910.55 908.9 908.99 909.09 909.93 910.86 911.01 910.51 909.93 909 908.06 904.76 900.91
0 1001.35 1001.67 1001.99 1001.65 1001.28 1000.43 999.27 997.96 996.16 994.36 992.88 991.45 990.48 989.95 989.15 986.77 984.39 983.17 982.27 981.08 979.49 977.92 976.65 975.39 973.64 971.68 969.49 966.84 964.2 962.12 960.05 958.57 957.46 956.23 954.64 953.06 951.19 949.28 946.82 943.86 941.02 938.86 936.69 934.81 933.01 931.26 929.57 927.85 925.9 923.94 922.92 922.29 921.04 918.66 916.28 912.85 909.41 906.87 904.86 903.91 905.92 907.93 908.22 908.33 908.55 908.86 908.86 907.38 905.9 903.94 901.88
0 1001.91 1001.95 1002 1001.25 1000.47 999.63 998.74 997.57 995.5 993.42 992.03 990.74 990.25 990.54 990.43 987.91 985.39 983.6 982.02 980.55 979.24 977.92 976.65 975.39 973.54 971.45 969.07 966.16 963.24 960.75 958.27 956.55 955.3 954.04 952.72 951.41 950.06 948.7 946.5 943.54 940.59 937.74 934.88 932.65 930.58 928.67 926.98 925.26 923.16 921.07 919.62 918.44 916.41 912.79 909.18 906.14 903.11 900.89 899.16 898.91 902.84 906.77 906.51 905.79 906.08 907.22 907.8 905.77 903.74 903.13 902.85
0 1000.59 1001.28 1001.97 1000.86 999.67 998.68 997.84 996.91 995.71 994.51 992.85 991.12 990.37 990.56 990.49 988.87 987.25 985.3 983.27 981.75 980.94 980.08 978.58 977.08 975.07 972.84 970.33 967.25 964.17 960.83 957.49 955.2 953.58 952.17 951.36 950.55 949.33 948.06 946.15 943.64 941.03 937.83 934.64 932.22 929.98 927.84 925.8 923.76 921.76 919.76 918.12 916.62 914.47 911.12 907.77 905.25 902.75 900.9 899.44 899.17 902.25 905.34 905.71 905.78 906.25 907.06 907.33 905.1 902.87 902.46 902.46
0 998.91 1000.42 1001.93 1000.47 998.86 997.71 996.86 996.19 996.09 995.99 993.99 991.72 990.55 990.47 990.33 989.8 989.28 987.25 984.8 983.27 983.01 982.66 980.88 979.11 976.92 974.55 971.9 968.68 965.47 961.2 956.89 953.98 951.95 950.36 950.1 949.84 948.68 947.41 945.79 943.83 941.63 938.16 934.7 932.11 929.74 927.33 924.89 922.48 920.62 918.75 916.95 915.18 913.04 910.24 907.44 905.47 903.52 902.04 900.85 900.43 902.14 903.86 905.08 906.25 906.93 907.19 906.99 904.62 902.25 901.81 901.81
0 997.23 999.57 1001.9 1000.07 998.06 996.74 995.89 995.48 996.47 997.46 995.13 992.31 990.74 990.38 990.16 990.73 991.3 989.19 986.33 984.79 985.08 985.23 983.18 981.13 978.76 976.26 973.47 970.12 966.77 961.56 956.3 952.76 950.32 948.56 948.85 949.13 948.04 946.77 945.43 944.02 942.23 938.49 934.75 932 929.49 926.83 923.97 921.2 919.47 917.74 915.79 913.74 911.62 909.36 907.11 905.69 904.28 903.18 902.27 901.68 902.03 902.37 904.45 906.71 907.6 907.32 906.64 904.13 901.63 901.16 901.16
0 996.16 998.19 1000.22 999.07 997.77 996.98 996.54 996.38 997.14 997.9 996.22 994.18 992.91 992.38 992 992.43 992.87 991.21 988.96 987.58 987.39 987.08 984.86 982.64 980.34 978 975.42 972.34 969.26 963.82 958.32 954.56 951.92 949.86 949.57 949.28 947.94 946.46 944.99 943.51 941.74 938.44 935.15 932.7 930.47 928.05 925.39 922.81 921.22 919.63 917.89 916.08 914.23 912.32 910.41 908.62 906.84 905.77 905.13 904.66 904.66 904.66 906.49 908.52 909.06 908.33 907.33 905.1 902.86 901.87 901.15
0 995.3 996.64 997.99 997.85 997.65 997.63 997.74 997.84 997.92 997.99 997.29 996.48 995.75 995.09 994.5 994.39 994.28 993.25 991.96 990.79 989.78 988.69 986.33 983.97 981.82 979.76 977.5 974.83 972.16 966.73 961.23 957.39 954.61 952.21 950.96 949.71 948.02 946.27 944.52 942.77 940.88 938.27 935.65 933.67 931.85 929.84 927.6 925.41 923.96 922.5 921.09 919.69 918.21 916.57 914.93 912.47 910.01 908.85 908.49 908.21 908.21 908.21 909.43 910.77 910.77 909.63 908.37 906.55 904.73 903.03 901.35
0 994.43 995.09 995.75 996.63 997.53 998.28 998.94 999.3 998.69 998.08 998.37 998.79 998.59 997.79 997.01 996.35 995.7 995.29 994.96 994 992.17 990.29 987.8 985.31 983.31 981.52 979.57 977.32 975.06 969.64 964.14 960.22 957.3 954.56 952.35 950.14 948.1 946.07 944.05 942.03 940.02 938.09 936.16 934.65 933.24 931.64 929.8 928.01 926.69 925.37 924.29 923.3 922.18 920.82 919.45 916.32 913.17 911.94 911.84 911.77 911.77 911.77 912.37 913.03 912.49 910.94 909.41 908 906.59 904.18 901.55
0 993.68 994.02 994.35 995.67 997.03 998.13 999.07 999.67 999.19 998.7 999.45 1000.39 1000.42 999.57 998.74 997.98 997.22 996.85 996.58 995.68 993.92 992.13 989.77 987.41 985.39 983.52 981.41 978.85 976.28 971.3 966.24 962.46 959.5 956.66 954.21 951.76 949.53 947.32 945.35 943.59 941.84 940.15 938.46 937.32 936.32 934.89 932.93 931.01 929.66 928.3 927.17 926.15 925.01 923.65 922.29 919.28 916.25 914.95 914.68 914.46 914.37 914.28 914.17 914.05 913.09 911.39 909.74 908.29 906.84 904.23 901.36
0 992.99 993.19 993.39 994.83 996.32 997.57 998.64 999.48 999.54 999.6 1000.54 1001.61 1001.71 1000.86 1000.05 999.43 998.81 998.14 997.46 996.56 995.35 994.09 992 989.91 987.78 985.64 983.12 979.87 976.62 972.28 967.91 964.4 961.44 958.64 956.32 954.01 951.67 949.33 947.58 946.37 945.08 943.38 941.69 940.88 940.29 938.92 936.55 934.24 932.74 931.25 929.89 928.59 927.22 925.72 924.23 921.76 919.28 917.92 917.25 916.69 916.46 916.23 915.37 914.43 913.09 911.39 909.69 907.97 906.25 903.7 900.96
0 992.3 992.36 992.42 993.99 995.62 997 998.21 999.28 999.89 1000.5 1001.63 1002.84 1003 1002.16 1001.36 1000.88 1000.4 999.44 998.35 997.44 996.77 996.04 994.23 992.42 990.18 987.76 984.83 980.9 976.97 973.27 969.59 966.34 963.38 960.61 958.43 956.26 953.81 951.33 949.8 949.14 948.31 946.62 944.92 944.44 944.26 942.94 940.16 937.46 935.83 934.19 932.6 931.03 929.44 927.8 926.17 924.24 922.31 920.9 919.81 918.91 918.55 918.19 916.57 914.81 913.09 911.39 909.65 907.65 905.65 903.16 900.56
0 992.31 992.16 992.01 993.4 994.86 996.26 997.6 998.87 999.87 1000.87 1002.37 1003.95 1004.3 1003.45 1002.63 1001.98 1001.32 1000.19 998.92 997.91 997.25 996.53 994.68 992.83 990.45 987.83 984.83 981.06 977.29 974.26 971.26 968.42 965.69 963.11 960.99 958.88 956.25 953.55 952.01 951.51 950.79 948.94 947.1 946.48 946.17 944.77 941.96 939.24 937.54 935.85 934.16 932.46 930.8 929.18 927.56 925.95 924.33 922.88 921.54 920.35 919.62 918.89 916.91 914.79 912.86 911.09 909.26 907.14 905.03 902.75 900.45
0 992.87 992.45 992.02 993.01 994.06 995.37 996.85 998.29 999.56 1000.83 1002.85 1004.97 1005.59 1004.74 1003.86 1002.8 1001.74 1000.51 999.24 998.06 996.99 995.86 993.74 991.62 989.06 986.31 983.49 980.54 977.59 975.25 972.93 970.61 968.29 966.02 963.9 961.79 958.92 955.95 954.2 953.56 952.69 950.57 948.45 947.34 946.48 944.89 942.36 939.88 938.19 936.5 934.8 933.11 931.49 930.01 928.53 927.05 925.57 924.09 922.61 921.18 919.9 918.62 916.59 914.47 912.47 910.56 908.61 906.5 904.38 902.44 900.54
0 993.43 992.73 992.03 992.61 993.25 994.48 996.1 997.7 999.25 1000.8 1003.33 1006 1006.88 1006.04 1005.1 1003.62 1002.15 1000.83 999.56 998.21 996.73 995.2 992.81 990.41 987.67 984.78 982.15 980.02 977.89 976.24 974.61 972.8 970.89 968.93 966.81 964.7 961.58 958.34 956.39 955.62 954.58 952.19 949.79 948.19 946.79 945.01 942.75 940.53 938.84 937.14 935.45 933.76 932.19 930.84 929.5 928.16 926.82 925.3 923.68 922 920.18 918.35 916.26 914.15 912.07 910.03 907.97 905.85 903.74 902.13 900.64
0 992.77 992.25 991.72 992.1 992.52 993.78 995.6 997.45 999.4 1001.35 1003.74 1006.19 1007.09 1006.5 1005.77 1004.21 1002.64 1001.21 999.81 998.26 996.5 994.71 992.29 989.88 987.49 985.1 982.91 981.09 979.26 977.92 976.58 974.95 973.13 971.23 969.12 967 963.87 960.61 958.45 957.28 955.86 953.13 950.4 948.34 946.46 944.44 942.26 940.12 938.56 936.99 935.38 933.75 932.27 931.07 929.86 928.85 927.83 926.48 924.91 923.17 920.92 918.68 916.32 913.94 911.6 909.29 907 904.75 902.51 901.16 900.02
0 990.73 990.88 991.04 991.45 991.88 993.3 995.39 997.58 1000.08 1002.58 1004.08 1005.43 1006.08 1006.04 1005.81 1004.52 1003.23 1001.64 999.97 998.2 996.31 994.4 992.26 990.12 988.67 987.52 986.05 983.95 981.86 980.37 978.9 977.05 974.95 972.85 970.73 968.62 965.73 962.75 960.36 958.5 956.44 953.3 950.16 947.69 945.39 943.09 940.77 938.53 937.24 935.95 934.51 933.02 931.68 930.61 929.54 929.06 928.6 927.62 926.33 924.71 922.19 919.67 916.79 913.87 911.06 908.34 905.65 903.13 900.62 899.44 898.57
0 988.68 989.52 990.37 990.81 991.23 992.81 995.18 997.71 1000.75 1003.8 1004.42 1004.68 1005.06 1005.57 1005.85 1004.83 1003.82 1002.07 1000.13 998.14 996.11 994.09 992.23 990.36 989.85 989.93 989.19 986.82 984.45 982.82 981.22 979.14 976.77 974.47 972.35 970.23 967.59 964.88 962.26 959.72 957.02 953.47 949.92 947.04 944.33 941.73 939.28 936.93 935.91 934.9 933.64 932.28 931.08 930.14 929.21 929.28 929.36 928.76 927.74 926.26 923.46 920.67 917.27 913.8 910.51 907.38 904.31 901.52 898.73 897.73 897.13
0 986.85 988.27 989.69 990.16 990.58 992.11 994.4 996.89 1000.07 1003.25 1003.65 1003.64 1004.12 1005.07 1005.8 1005.26 1004.72 1003.07 1001.11 999.06 996.89 994.75 993.11 991.47 991.35 991.89 991.43 988.99 986.55 984.84 983.15 980.97 978.48 976.11 974.1 972.08 969.78 967.45 964.71 961.59 958.35 954.49 950.63 947.32 944.15 941.21 938.57 936.04 934.99 933.94 932.77 931.55 930.51 929.82 929.13 929.64 930.17 929.96 929.32 928.07 925.11 922.14 918.23 914.21 910.57 907.23 903.97 901.06 898.15 897.14 896.56
0 985.36 987.2 989.03 989.51 989.94 991.06 992.66 994.5 997.13 999.76 1001.05 1002.13 1003.29 1004.51 1005.6 1005.88 1006.16 1005.01 1003.46 1001.59 999.28 997.03 995.52 994.02 993.36 993.08 992.17 990 987.84 986.13 984.44 982.34 979.99 977.79 976.05 974.31 972.53 970.75 968.05 964.52 960.91 956.92 952.92 949.14 945.43 942.06 939.14 936.33 934.73 933.12 931.89 930.81 930.01 929.73 929.45 930.24 931.04 931.28 931.18 930.33 927.37 924.41 920 915.44 911.61 908.41 905.29 902.51 899.74 898.42 897.43
0 983.87 986.12 988.37 988.87 989.29 990.01 990.92 992.11 994.19 996.28 998.44 1000.62 1002.46 1003.95 1005.39 1006.5 1007.6 1006.95 1005.81 1004.12 1001.68 999.3 997.93 996.56 995.38 994.27 992.9 991.01 989.13 987.43 985.73 983.72 981.51 979.48 978.01 976.55 975.28 974.04 971.39 967.45 963.48 959.34 955.21 950.97 946.71 942.91 939.72 936.61 934.46 932.31 931.02 930.08 929.51 929.64 929.77 930.83 931.9 932.59 933.04 932.6 929.63 926.67 921.77 916.66 912.65 909.59 906.61 903.97 901.33 899.7 898.3
0 982.67 985.05 987.44 988.1 988.67 989.18 989.65 990.38 992.04 993.69 996.32 999.09 1001.37 1003.18 1004.98 1006.71 1008.44 1008.12 1007.24 1005.72 1003.34 1001.02 999.75 998.48 996.88 995.15 993.46 991.84 990.23 988.54 986.84 984.89 982.78 980.82 979.36 977.89 977.11 976.42 973.96 969.88 965.78 961.59 957.39 952.8 948.1 944.03 940.76 937.53 934.88 932.22 930.77 929.81 929.33 929.76 930.18 931.36 932.55 933.46 934.19 933.98 931.18 928.37 923.16 917.7 913.65 910.8 907.99 905.38 902.76 900.83 899.06
0 982.17 984.01 985.85 987 988.13 988.94 989.54 990.35 991.87 993.39 995.4 997.48 999.64 1001.86 1004.03 1005.9 1007.77 1007.37 1006.35 1004.98 1003.14 1001.34 1000.07 998.8 997.11 995.24 993.55 992.21 990.87 989.18 987.49 985.54 983.42 981.3 979.15 977 976.63 976.48 974.57 971.04 967.42 963.36 959.3 954.63 949.8 945.83 942.97 940.09 937.02 933.96 932.1 930.72 929.98 930.4 930.83 931.74 932.66 933.2 933.52 933.16 930.9 928.64 923.61 918.28 914.52 912.08 909.56 906.67 903.78 901.58 899.53
0 981.67 982.96 984.25 985.91 987.58 988.7 989.44 990.32 991.7 993.08 994.48 995.88 997.91 1000.54 1003.08 1005.08 1007.09 1006.62 1005.46 1004.24 1002.95 1001.66 1000.39 999.12 997.34 995.33 993.64 992.57 991.51 989.83 988.14 986.18 984.07 981.77 978.94 976.11 976.14 976.55 975.18 972.19 969.06 965.14 961.22 956.46 951.49 947.62 945.17 942.65 939.17 935.69 933.42 931.64 930.62 931.05 931.47 932.11 932.76 932.94 932.85 932.33 930.62 928.91 924.06 918.87 915.38 913.36 911.13 907.97 904.8 902.33 900.01
0 981.22 982.09 982.96 984.95 986.99 988.35 989.25 990.23 991.5 992.77 993.7 994.57 996.47 999.35 1002.12 1004.21 1006.3 1005.86 1004.72 1003.72 1002.9 1002.05 1000.78 999.51 997.67 995.58 993.89 993.02 992.15 990.45 988.73 986.74 984.57 982.14 978.94 975.74 975.89 976.47 975.49 973.08 970.46 966.73 963 958.27 953.29 949.51 947.26 944.9 941.12 937.33 934.66 932.44 931.16 931.61 932.06 932.35 932.64 932.5 932.11 931.49 930.24 929 924.48 919.61 916.51 914.92 913.01 909.6 906.19 903.55 901.09
0 980.94 981.95 982.96 984.56 986.18 987.54 988.71 989.91 991.18 992.45 993.49 994.5 996.26 998.73 1001.13 1003.08 1005.04 1005.1 1004.65 1004.1 1003.41 1002.7 1001.43 1000.16 998.41 996.45 994.82 993.81 992.8 990.96 989.11 986.89 984.45 982.06 979.81 977.57 976.62 975.83 974.56 972.83 970.85 967.53 964.21 960 955.57 951.8 948.87 945.88 942.24 938.59 935.57 932.8 931.21 931.79 932.38 932 931.61 931.3 931.04 930.55 929.45 928.34 924.83 921.05 918.75 917.71 916.22 912.67 909.12 906.79 904.74
0 980.66 981.8 982.95 984.16 985.38 986.73 988.18 989.59 990.86 992.13 993.29 994.44 996.05 998.11 1000.14 1001.96 1003.77 1004.35 1004.58 1004.48 1003.93 1003.34 1002.07 1000.8 999.15 997.33 995.74 994.59 993.45 991.48 989.49 987.05 984.33 981.97 980.68 979.4 977.34 975.19 973.62 972.58 971.24 968.33 965.42 961.73 957.85 954.09 950.47 946.86 943.35 939.84 936.47 933.15 931.25 931.98 932.7 931.65 930.57 930.09 929.97 929.62 928.65 927.68 925.17 922.49 920.98 920.49 919.43 915.74 912.06 910.04 908.4
0 980.27 981.51 982.76 983.62 984.47 985.83 987.55 989.18 990.52 991.86 993.13 994.38 995.85 997.53 999.21 1000.89 1002.57 1003.62 1004.49 1004.84 1004.46 1004.02 1002.76 1001.51 999.93 998.21 996.63 995.35 994.07 991.97 989.86 987.23 984.28 981.95 981.5 981.05 978 974.61 972.69 972.11 971.22 968.75 966.27 963.1 959.76 956.05 951.89 947.78 944.43 941.09 937.43 933.65 931.44 932.17 932.9 931.3 929.67 929.02 928.95 928.68 927.82 926.96 925.41 923.78 923 922.93 922.22 918.51 914.81 913.09 911.82
