testDir/InputMaps/malcataAspect_300.grass
north: 40:14:17.01N
south: 40:12:39.7468N
east: 7:02:14.5154W
west: 7:04:21.43W
rows: 300
cols: 300
[rows 99 to 131 of 300, columns 74 to 147 of 300]
279.19 284.25 277.29 268.82 261.91 248.53 237.65 232.41 233.47 238.32 240.33 241.03 242.7 245.63 253.29 260 264.65 271.51 273.5 269.08 264.85 259.42 252.97 252.08 251.64 250.02 266.57 288.12 302.62 315.11 305.81 266.25 242.77 267.87 297.67 319.78 339.42 348.08 353.02 354.55 353.68 350.38 348.25 355.41 11.71 26.87 35.02 37.51 36.5 28.42 18.55 12.44 9.54 7.65 5.11 359.9 352.35 343.83 337.53 344.38 349.27 352.15 354.11 354.65 355.17 356.13 354.57 344.84 340.04 343.68 350.85 352.86 344.44 333.16
293.37 293.78 280.67 266.14 258.57 248.55 241.74 244.77 249.98 250.47 249.66 250.49 252.82 254.49 257.72 260.84 264.29 270.81 272.5 263.03 253.88 249.67 244.51 242.07 241.78 244.68 263.36 281.3 295.8 313.27 309.99 270.09 247.44 268.59 286.24 299.61 317.52 328.9 340.1 348.02 353.8 356.45 358.48 5.92 19.22 29.56 36.11 36.26 30.56 21.38 13.37 9.61 8.17 6.2 2.93 358.23 351.58 340.69 327.99 330.5 336.61 343.22 349.78 354.26 358.15 1.76 5.28 6.9 3.12 2.21 3.81 3.57 359.55 353.93
312.35 306.71 287.39 266.83 258.76 250.98 246.39 252.74 259.68 259.08 257.99 258.1 257.87 257.23 257.58 257.65 258.79 262.32 262.01 251.09 242.6 236.66 226.17 223.77 240.98 256.92 267.04 273.84 285.02 304.06 309.11 282.2 264.2 277.14 285.34 290.93 300.91 310.25 324.54 338.86 353.2 2.51 10.38 19.7 26.52 31.66 38.94 34.91 24.4 14.92 8.88 7.28 6.99 4.77 0.99 356.81 351.04 340.19 326.14 321.13 323.88 333 344.1 353.38 1.53 8.28 16.37 24.7 23.53 21.02 16.98 13.4 12.13 12.05
323.72 317.22 295.64 268.67 258.76 251.01 246.46 255.24 264.56 264.22 263.63 262.56 258.67 255.59 254.22 252.11 251.14 250.45 247.19 243.31 242.36 232.27 218.31 220.35 261.56 280.39 272.34 266.99 274.39 288.73 298.09 296.22 287.97 288.93 290.81 291.71 295.73 302.53 316.36 332.55 351.69 3.01 11.94 21.51 28.44 36.24 46.17 34.62 21.06 13.09 8.45 7.23 6.75 4.46 0.9 357.01 351.98 343.91 333.15 323.35 320.59 329.46 341.24 352.17 1.82 9.41 17.57 24.16 22.63 19.76 15.9 13.09 12.31 12.31
337.53 334.54 318.95 273.43 256 248.62 247 258.63 268.3 268.13 267.86 265.52 257.8 252.5 250.7 248.7 247.58 244.99 242 244.04 247.51 237.77 228.14 237.67 272.75 289.97 274.1 258 265.25 278.25 286.34 296.6 301.29 303.56 304.79 301.96 300.59 304.98 317.05 329.77 347.84 358.68 5.6 9.78 9.82 10.14 12.74 7.04 4.42 4.1 4.43 4.97 4.44 1.56 357.92 355.31 353.9 352.85 351.28 347.98 345.5 349.86 357.18 5.44 11.9 16.55 23.06 28.39 27.5 25.49 22.94 21.12 19.55 17.77
348.36 352.09 3.16 0.05 269.25 258.3 259.03 265.79 269.85 269.83 269.8 266.76 256.47 250.12 249.95 250.31 248.7 243.77 240.73 244.65 248.84 243.34 239.69 248.56 268.09 280.46 265.12 243.97 259.61 284.32 286.91 288.41 295.21 316.91 329.31 326.13 320.97 321.56 328.26 332.57 343.7 352.43 356.41 354.69 347.18 334.86 321.19 332.55 345.67 354.32 0.04 2.44 2 358.73 354.91 353.32 355.41 1.37 10.34 19.69 23.68 20.79 21.02 23.32 23.83 24.29 28.6 33.04 32.69 31.26 29.64 28.28 25.79 22.7
349.86 352.37 10.44 12.26 330.65 297.99 285.48 275.78 270 270 270 267.23 257.73 251.86 253.59 255.72 250.97 241.32 236.51 240.56 244.86 243.99 245.59 251.12 259.38 262.33 249.27 234.39 260.22 298.69 294.75 279.5 269.48 307.96 333.01 330.23 324.87 324.57 330.01 333.01 342.23 350.87 355.22 353.72 347.03 336.35 324.71 328.79 340.67 352.11 359.51 2.2 1.7 358.55 354.8 353 355.27 2.75 15.25 24.51 25.45 23.35 24.62 26.68 26 25.73 29.58 33.54 32.94 31.13 29.34 27.59 24.75 21.99
355.23 356.77 6.29 356.45 334.52 317.81 306.5 287.96 274.66 272.08 268.87 265.8 259.07 254.79 257.09 259.41 250.99 237.04 231.81 236.49 240.6 242.46 246.9 248.4 248.37 245.35 238.87 234.6 262.2 303.87 303.46 273.51 249.96 290.86 321.78 320.06 315.74 317.26 324.74 328.58 336.34 342.15 344.86 347.12 346.96 342.86 335.17 332.59 337.27 345.62 352.97 357.51 0.72 2.88 5.63 10.03 15.21 23.38 32.84 34.64 32.54 32.77 34.26 33.41 29.46 27.38 30.43 34.39 34.07 32.39 30.95 29.22 26.39 24.08
1.82 7.66 359.54 347.16 333.61 324.07 317.86 303.19 288.37 277.5 265.96 260.74 258.59 257.68 258.33 258.47 248.13 233.01 229 233.73 236.67 238.24 241.13 238.83 235.84 234.36 236.85 241.16 261.58 294.48 304.41 273.98 253.2 286.82 309.62 308.61 304.98 308.09 318.38 323.56 330.95 333.79 333.31 338.01 344.94 348.28 344.65 338.9 335.99 337.89 343.79 350.78 359.42 9.14 20.4 31.41 38.47 45.18 49.11 44.57 41.03 42.16 42.16 38.53 32.28 28.63 31.18 35.85 35.93 34.44 33.33 31.45 28.49 26.46
3.35 9.05 358.58 348.5 337.66 328.55 322.65 315.23 304.9 285.14 261.76 253.19 256.4 260.01 257.82 254.69 245.38 232.62 229.34 232.23 233.06 233.37 233.85 231.25 230.99 232.55 239.7 247.95 258.41 273.21 281.81 282.3 277.77 292.18 304.72 303.42 299.21 303 316.12 322.62 331.38 334.37 331.54 333.57 342.36 349.36 347.51 341.45 336.7 336.22 340.42 347.95 358.96 12.89 27.33 38.58 44.81 49.59 51.66 46.82 43.45 43.45 41.33 37.1 31.61 28.26 31.28 37.05 36.95 35.02 33.64 31.02 27.63 25.65
11.16 17.83 5.87 359.14 354.09 347.08 338.29 331.72 325.51 300.73 255.7 243.8 253.08 260.78 253.42 243.17 232.95 224.69 225.93 229.6 230.66 231.77 232.08 231.22 232.73 233.72 242.5 254.21 255.55 254.62 257.81 280.55 293.99 300.05 308.01 306.77 302.02 310.52 330.81 337.99 344.28 345.46 341.47 339.38 344.98 352.56 354.05 352.74 351.71 352.54 356.43 3.71 13.97 26.41 37.31 44.54 48.21 50.05 49.96 44.68 40.58 38.8 35.68 32.79 29.96 28.66 32.89 38.58 36.83 33.57 31.32 27.72 23.85 22.21
21.08 25.3 14.17 11.83 13.51 9.18 358.22 349.15 347.4 336.41 249.87 237 251.78 259.9 241.66 217.11 203.19 206.63 222.61 229.48 231.61 233.65 233.56 233.24 233.41 231.62 241.96 259.35 255.11 248.81 252.16 270.73 288.14 303.84 319.1 319.39 317.06 350.29 5.63 5.99 2.64 359.7 356.76 353.34 352.43 357.13 2.55 8.64 14.18 18.76 24.36 30.2 37.13 44.02 47.81 50.09 50.76 49.11 46.4 39.97 34.28 31.28 29.12 28.84 29.12 30.3 35.13 39.01 35.36 30.89 27.76 23.41 19.32 18.34
22.74 23.23 15.72 16.97 19.7 13.17 2.51 354.15 353.65 352.04 285.65 252.54 258 259.41 230.34 202.22 190.79 203.4 239.78 238.18 236.26 236.08 233.32 231.72 229.21 225.37 238.58 263.87 256.99 248.45 249.61 258.93 266.11 289.91 320.4 318.8 297.58 36.27 18.82 14.29 7.65 3.53 1.19 357.96 355.05 358.47 5.86 14.78 22 27.65 33.88 39.32 45.48 51.12 52.52 52.84 51.82 47.61 43.33 36.8 30.87 28.27 27.46 28.41 29.91 32.05 35.85 37.46 33.58 29.29 26.08 21.49 17.39 17.02
23.04 25.27 24.41 29.32 28.74 18.96 11.43 8.69 9.9 13.14 11.16 301.37 269.43 261.96 223.01 203.86 206.8 239.08 265.72 245.37 235.94 232.74 228.32 227.49 225.96 225.41 242.8 267.14 260.34 251.48 250.11 252.36 252.47 267.97 291.27 282.91 259.38 266.8 326.48 341.59 350.22 353.87 353.54 350.98 348.91 353.17 1.85 11.57 19.48 26.05 32.37 37.33 44.15 51.32 50.99 47.59 43.12 36.55 32.19 27.31 23.17 22.8 25.02 28.24 30.59 32.41 33.53 31.65 26.67 21.87 18.22 14.74 13.02 14.92
25.28 32.12 37.78 45.7 41.26 28.67 24.22 28.47 32.83 37.45 52.01 57.79 45.68 332.51 224.93 213.96 227.58 249.57 258.52 237.85 225.11 221.52 220.51 224.56 227.93 232.69 249.93 266.32 261.03 253.71 251.85 252.61 253.06 262.53 273.93 269.96 262.51 267.25 291.03 305.89 324.63 338.07 341.08 340.19 339.36 343.41 352.16 2.73 12.64 20.91 26.34 29.42 37.56 49.14 43.86 31.75 20.89 13.65 12.15 11.65 11.29 14.08 20.99 28.11 30.86 31.3 28.89 22.98 16.01 9.85 5.41 4.07 6.62 12.01
27.96 37.19 44.55 52.51 46.85 33.28 29.63 34.6 37.74 41.92 55.81 59.12 41.18 6.03 262.44 228.28 237.9 242.23 235.49 222.38 217.38 217.15 221.73 229.41 235.25 241.19 253.53 262.96 258.55 252.55 251.18 252.67 253.88 259.15 264.52 264.03 264.26 269.53 285.62 296.7 314.15 329.81 334.71 335.71 335.6 337.84 345.84 358.08 10.49 20.11 24.05 25.61 36.38 54.23 39.55 21.51 9.88 3.5 3.44 5.2 6.61 11 21.54 31.14 32.03 30.72 25.87 18.19 11.18 5.06 0.58 359.82 4.3 11.57
23.48 32.34 40.07 49.9 45.7 33.59 31.58 35.79 36.34 38.79 48.27 44.17 20.17 359.45 314.8 245.82 243.02 234.32 227.29 230.5 237.68 238.58 241.72 244.72 247.2 249.95 254.71 257.47 253.84 249.71 249.4 251.45 252.62 254.16 255.01 257.27 263.82 271 286.47 297.54 315.31 329.52 332.91 333.64 333.2 332.3 336.8 348.98 3.81 16.41 21.63 25.35 39.86 60.31 33.69 16.53 10.23 8.27 9.81 10.12 9.41 12.57 23.8 32.72 29.99 27.5 22.46 16.34 12.59 9.92 8.42 9.2 12.36 18.24
8.51 12.47 19.77 38.11 41.61 33.84 35.54 38.39 35.26 34.29 33.48 17.55 359.95 353.02 334.86 270.28 250.08 235.52 235.49 244.8 250.86 251.97 253.86 254.24 254.7 254.89 252.66 248.82 246.93 247.64 248.89 249.44 248.72 247.35 245.21 248.54 258.43 268.01 289.22 305.11 325.8 335.08 333.14 330.91 329.23 324.37 321.74 327.95 340.35 1 15.36 26.02 41.52 53 21.56 11.95 12.85 17.44 21.9 18.81 13.97 14.2 22.74 28.38 23.03 20.84 17.97 15.58 16.71 19.46 22.77 25.73 25.68 29.43
360 360 4.61 35.64 48.66 40.03 43.1 40.58 32.94 29.45 22.48 5.77 353.21 350.37 341.09 300.17 269.06 248.73 248.21 251.58 251.94 252.86 254.31 254.46 255.05 254.59 247.65 238.86 240.13 248.7 250.89 247.33 243.49 240.78 237.53 240.08 248.66 257.48 285.63 308.85 333.72 339.79 334.78 330.18 327.34 320.08 313.27 313.5 317.91 346.29 14.18 31.68 41.9 38.48 14.84 10.56 15.09 22.6 27.99 22.08 15.04 14.24 21.72 25.77 19.42 17.7 16.31 15.89 19.53 25.3 30.48 31.92 28.9 34.36
0.43 357.07 352.25 355.98 42.33 34.34 41.48 33.33 25.19 23.24 17.51 6.8 357.58 353.35 345.56 319.52 292.77 268.28 260.83 253.34 247 248.15 250.01 250.8 252.5 252.42 242.85 233.03 238.14 251.76 253 244.63 238.05 235.38 232.65 235.43 243.8 251.99 274.58 293.78 325.42 337.23 334.56 330.88 328.67 321.38 313.65 310.42 304.11 339.75 21.96 41.24 41.2 33.04 18.78 14.53 18.11 23.68 26.28 18.62 12.6 13.15 21.03 23.52 16.02 13.91 13.23 14.11 18.94 25.97 31.41 31.47 29.44 40.9
1.35 351.75 330.45 283.32 277.94 304.06 332.72 2.19 9.85 15.49 14.97 10.5 5.46 0.1 352.15 334.4 313.94 288.76 273.12 250.37 236.13 239.01 243.55 246.47 250.32 251.4 241.2 233.41 240.53 251.8 250.63 239.74 231.84 230.22 229.73 235.22 247.03 256.09 270.19 280.61 308.97 328.52 330.77 330.78 331.72 327.24 322.33 322.08 300.77 345.9 36.49 51.62 41 36.31 28.73 22.61 22.9 23.34 19.62 11.58 9.04 12.02 18.17 14.35 5.95 3.3 4.08 8.3 15.54 24.06 30.33 32.61 35.97 54.18
1.7 351 329.37 291.78 280.13 281.42 285.06 332.22 359.13 12.26 14.2 12.12 8.89 3.36 355.61 342.14 326.46 304.25 284.68 247.08 226.92 232.53 241.28 246.48 251.93 253.69 243.15 236.32 241.63 246.89 243.34 233.66 226.73 226.8 228.89 237.06 252.7 261.46 269.7 275.4 299.12 320.86 325.8 328.31 331.55 328.4 325.28 339.18 343.28 76.66 81.84 76.57 48.85 45.01 36.13 27.09 24.85 21.51 14.4 7.51 7.37 11.58 15.38 8.15 0.09 357.13 358.18 4.71 14.16 23.86 31.24 37.31 45.21 63.99
356.17 350.47 336.35 307.88 290.27 278.35 271.47 313.83 349.33 6.59 9.76 9.69 8.69 5.7 1.74 354.6 343.92 324.5 299.66 246.37 223.78 233.21 245.39 250.94 255.87 257.01 245.16 237.44 239.39 239.42 235.44 229.57 225.52 228.11 232.84 242.23 258.79 265.93 269.53 272.07 292.82 313.38 316.99 318.26 320.65 311.42 291.08 286.44 269.11 253.88 216.32 156.51 48.44 47.14 33.07 23.18 20.99 17.45 11.84 7.7 8.51 12.59 15.21 9.13 2.35 359.83 0.96 7.62 17.34 27.21 35.32 43.97 53.04 69.07
341.41 345.22 340.62 324.36 305.97 283.2 270.39 292.43 314.72 338.14 354.7 3.67 9.96 13.2 17.28 21.69 22.86 23.31 14.55 223.09 211.93 233.64 250.25 255.15 257.7 257.06 243.08 234.13 234.02 232.27 230.74 229.59 229.24 235.2 242.51 250.55 262.45 266.98 268.19 269.08 286.43 303.52 303.11 299.92 299.35 289.15 275.04 270.35 264.06 260.7 257.22 257.51 268.51 289.72 4.36 8.62 10.23 10.02 8.79 8.81 11.24 15.37 17.88 13.74 8.67 7.53 10.1 15.62 22.55 31.42 39.5 47.33 53.45 69.59
331.53 340.28 341.7 334.32 320.93 297.93 282.45 288.83 296.74 315.4 340.34 358.99 12.15 19.3 27.66 36.07 39.55 41.27 38.2 54.03 207.19 248.54 260.33 260.87 257.92 254.21 240.19 231.31 230.66 229.42 230.17 231.49 232.87 240.76 249.29 254.7 261.74 264.38 265.61 266.58 283.2 299.24 295.71 287.22 283.53 280.3 275.85 268.46 259.18 259.03 264.76 267.11 259.66 247.3 326.16 356.92 2.57 5.45 7.26 9.89 13.52 17.42 19.17 16.04 12.68 12.83 16.63 21.43 26.61 35.95 44.05 47.91 48.17 70.26
330.54 338.29 340.54 336.48 328.16 313.18 299.57 294.83 294.46 309.39 334.4 357.82 12.57 19.14 26.95 33.78 34.83 32.3 26.26 21.22 315.34 282.32 274.12 267.87 258.3 251.95 241.06 234.12 233.53 232.4 233.32 234.72 236.13 244.66 253.57 256.19 259.17 260.42 262.42 263.99 281.32 298.89 293.51 278.83 271.66 275.98 279.34 266.9 251.42 253.82 268.85 273.61 251.08 228.13 296.26 350.94 359.16 3.41 5.94 9.08 13.05 16.6 18.18 16.84 15.37 15.96 19.81 24.55 30.17 41.44 49.37 49.19 47.2 77.43
333.37 338.23 339.1 338.43 337.88 333.57 326.23 315.58 306.7 317.02 334.6 352.51 4.26 9.71 14.71 16.68 14.46 10.88 6.63 358.73 332.97 307.03 288.48 275.97 259.87 251.71 244.15 239.43 239.5 239.23 240.66 242.08 243.39 250.53 257.32 257.43 257.28 257.43 259.62 261.25 276.98 296.2 291.62 272.64 263.72 270.98 277.97 262.54 243.51 248.36 267.83 275.91 242.68 228.78 276.13 325.88 342.27 353.13 359.18 3.63 7.43 11.6 17.88 23.79 26.2 26.74 29.95 33.35 37.66 48.25 54.03 51.34 50.38 85.13
336.2 339.1 337.86 338.2 343.49 347.96 349.18 345.19 335.62 334.84 339.54 347.06 355.41 0.44 2.95 1.05 357.18 355.03 353.94 348.69 335.44 319.41 301.59 285.45 263.8 253.9 248.34 244.91 245.59 246.08 247.4 248.09 248.88 253.69 257.82 256.74 255.05 254.57 256.5 257.78 269.75 286.96 284.65 269.42 262.55 265 266.56 253.68 240.3 245.23 256.87 261.21 246.62 250.22 279.17 305.93 324.96 343.23 353.11 358.92 2.52 7.65 20.41 32.91 34.96 33.76 36.05 38.02 41.4 51.27 56.33 55.05 56.67 91.47
334.14 338.03 336.11 334.49 339.98 346.1 348.44 345.7 338.58 336.23 338.1 344.23 352.99 358.52 1.1 359.5 356.28 354.36 353.46 349.44 340.03 327.47 312.26 295.22 269.3 257.12 252.16 248.86 249.93 250.98 251.74 251.18 251.19 253.82 255.75 254.16 251.75 250.99 252.74 253.8 261.65 272.81 272.28 267.9 264.73 258.86 251.65 246.57 244.37 245.4 243.85 239.23 270.15 286.97 289.19 298.89 318.98 343.32 354.72 1.25 5.08 11.42 29.02 41.51 37.24 33.59 35.6 37.22 41.01 51.29 57.43 60.41 64.97 97.23
324.19 330.94 329.43 324.85 328.4 336.7 343.23 345.09 342.9 340.37 336.1 333.47 339.12 344.63 348.46 350.03 349.58 349.42 349.85 348.55 345.45 340.22 330.99 314.93 280.44 262.98 255.01 248.66 250.26 252.86 253.05 250.31 248.86 249.41 249.27 247.77 246.41 247.14 249.8 251.43 256.09 261.22 262.11 264.92 264.34 253.8 243.66 244.6 248.49 245.08 234.95 226.82 275.56 330.4 334.19 343.67 1.66 8.59 13.49 18.49 21.72 30.71 48 50.33 37.29 32.55 36.11 39.62 44.86 53.64 58.83 69.27 79.59 100.88
315.41 323.58 322.57 316.41 318.03 326.76 336.6 343.53 345.71 344.39 337.94 329.9 329.59 332.81 337.78 342.11 343.74 344.94 346.47 347.17 348.53 349.43 346.68 336.98 306.1 280.11 259.23 244.58 248.01 254.73 254.29 247.73 243.82 242.11 239.75 240.47 244.04 247.6 250.37 251.93 253.53 254.08 255.31 259.82 259.87 249.34 240.5 243.27 247.78 241.84 228.5 219.11 232.52 40.14 65.18 64.08 50.3 33.4 31.21 33.64 35.66 44.11 55.39 51.72 36.66 32.75 38.08 43.5 48.54 53.41 57.37 80.31 97.16 103.93
312.17 320.09 319.08 312.81 313.73 321.11 330.78 340.31 344.03 344.64 341.28 334.27 330.53 331.49 336.67 341.27 343.05 344.38 346.08 346.91 348.51 350.3 348.99 342.48 323.95 301.4 265.59 241.35 248.5 260.43 259.38 249.38 243.72 240.85 237.47 241.29 249.86 253.85 253.9 253.81 251.52 247.61 248.31 253.01 253.24 244.3 236.88 239.18 243.13 236.25 222.36 212.58 206.58 154.53 91.89 61.74 46.88 34.27 33.34 35.78 37.79 44.66 51.67 48.2 37.68 35.32 40.99 46.65 49.54 50.21 54.16 91.79 114.17 108.19
310.37 318.76 318.31 311.69 309.3 310.29 311.83 317.43 320.51 326.77 332.66 332.03 329.35 328.09 331.82 337.26 341 344.67 349.21 353.96 0.87 9.61 19.83 27 25.21 12.05 314.92 228.37 252.51 269.34 265.78 250.95 242.14 238.76 236.23 242.56 253.62 256.86 253.62 251.28 245.09 238 239.1 243.89 243.42 234.04 225.6 226.57 231.05 225.08 215.5 212.35 213.6 207.23 215.17 345.72 351.16 357.33 5.34 13.5 20.71 30.44 40.38 43.08 39.45 39.81 45.74 50.67 52.68 54.37 62.35 96.85 119.58 110.96
