testDir/InputMaps/malcataAspect_200.grass
north: 40:14:17.01N
south: 40:12:39.7468N
east: 7:02:14.5154W
west: 7:04:21.43W
rows: 200
cols: 200
[rows 0 to 32 of 200, columns 74 to 147 of 200]
0 0 0 0 0 0 0 0 0 0 0 0 0 0 0 0 0 0 0 0 0 0 0 0 0 0 0 0 0 0 0 0 0 0 0 0 0 0 0 0 0 0 0 0 0 0 0 0 0 0 0 0 0 0 0 0 0 0 0 0 0 0 0 0 0 0 0 0 0 0 0 0 0 0
0 0 0 0 0 0 0 0 0 0 0 0 0 0 0 0 0 0 0 0 0 0 0 0 0 0 0 0 0 0 0 0 0 0 0 0 0 0 0 0 0 0 0 0 0 0 0 0 0 0 0 0 0 0 0 0 0 0 0 0 0 0 0 0 0 0 0 0 0 0 0 0 0 0
1.58 5.46 8.07 16.14 22.68 27.45 30.47 10.74 265.36 252.05 253.62 253.58 251.26 235.89 229.1 235.07 239.06 243.67 254.41 261.98 262.69 264.29 264.76 262.47 253.74 227.74 194.37 175.04 164.17 158.51 156.25 170.04 258.72 244.71 226.88 226.05 227.81 222.53 217.95 224.13 257.2 286.27 289.42 290.93 290.53 288.64 295.67 297.94 295.78 292.59 279.5 243.88 221.43 225.11 229.88 231.81 234.28 246.68 266.77 271.21 266.68 256.82 236.98 222.86 222.06 206.24 208.03 225.35 237.36 240.49 238.7 236.29 234.89 237.37
17.21 23.77 27.95 31.28 33.58 40.68 46.55 39.51 15.63 304.14 269.95 255.17 247.12 233.56 229.81 235.32 237.68 241.82 253.95 262.58 262 259.49 255.56 251.08 241.25 225.36 208.8 195.78 190.2 191.68 206.79 258.24 285.57 250.93 218.87 225.61 229.47 220.48 217.2 221.07 252.29 292.63 294.28 299.14 301.9 302.11 313.48 314.97 300.32 280.97 263.17 245.87 231.95 227.33 218.48 215.44 223.08 242.97 267.75 282.28 267.79 227.49 204.15 201.34 211.34 206.18 203.45 213.54 215.09 216.2 227.45 236.31 238.8 237.55
25.55 31.15 33.79 34.94 38.34 44.84 45.87 36.11 23.39 1.3 318.1 269.3 247.52 235.35 233.61 237.37 238.68 242.89 253.93 261.07 259.89 257.87 253.01 246.47 236.16 224.53 215.47 209.63 210.6 219.51 236.94 254.65 265.52 243.04 211.57 224.79 231.28 219.38 213.52 212.5 236.21 293.18 301.11 312.35 314.02 311.15 323.79 327.67 310.42 281.05 260.13 240.36 222.29 210.7 199.9 201.97 218.46 253.79 276.05 274.92 240.31 197.21 185.96 191.18 209.45 208.83 200.72 190.6 180.68 191.76 223.76 241 239.93 233.15
14.85 20.36 23.36 26.47 31.72 33.79 29.06 21.19 15.19 4.35 342.52 297.73 252.6 242.48 243.18 244.49 245.27 249.07 256.77 259.98 257.88 257.94 253.39 244.12 233.23 224.74 221.54 222.45 228.11 237.57 245.86 246.66 243.63 229.82 209.35 219.06 221.16 206 199.45 199.65 226.62 289.52 295.96 309.7 317.82 317.81 328.83 329.4 311.69 283.37 253.35 211.36 180.69 165.03 172.43 190.8 223.72 267.44 282.7 256.09 209.57 193.38 189.32 190.3 217.7 220.09 210.1 201.75 190.1 184.54 199.39 232.97 231.89 228.59
359.76 7.32 13.39 18.66 22.56 20.03 13.93 10.44 8.77 3.26 352.17 325 264.2 262.85 263.84 257.45 254.88 256.2 260.12 259.65 256.7 258.11 254.77 245.84 237.52 232.8 232.83 236.25 242.14 248.29 249 243.03 238.1 234.3 231.59 237.22 227.73 202.71 193.75 198.27 239.11 292.83 293.42 297.06 302.83 307.28 323.84 327.27 311.78 281.59 241.31 199.84 179.58 166.17 174.07 209.56 249.34 271.86 271.34 227.7 198.87 195.58 196.01 203 257.18 239.07 219.75 215.09 212.86 215.89 232.49 263.28 259.39 251.18
342.05 353.2 3.03 9.16 11.11 8 3.33 359.39 357.05 356.56 355.53 343.69 294.49 292.91 289.94 275.7 268.28 266.07 266.23 263.51 260.85 261.61 258.92 253.15 248.67 246.27 245.7 248.11 252.41 255.17 252.94 247.46 245.53 246.62 249.01 250.45 244.61 226.83 212.85 222.22 262.22 291.77 292.63 286.43 282.58 283.88 299.49 312.65 307.12 278.84 240.78 219.25 221.16 236.81 249.35 258.97 262.9 264.06 253.73 226.9 208.62 206.79 214.03 236.47 268.52 253.43 235.95 240.25 245.78 251.71 258.87 267.66 272.57 271.43
327.61 337.15 348.17 354.43 355.31 353.92 352.49 350.48 348.9 351.56 356.78 353.82 327.89 317.03 312.54 299.03 287.97 280.69 275.81 270.35 266.36 264.04 259.72 255.12 251.7 249.04 246.64 249.03 254.22 255.84 253.28 248.64 246.35 246.06 246.76 246.04 241.16 230.22 230.13 248.8 270.71 291.72 297.24 287.14 277.09 274.53 282.19 296.27 303.19 278.29 241.02 235.57 242.87 251.33 257.76 260.29 255.92 251.29 241.53 223.84 214.64 219.01 235.12 252.94 261.62 253.87 250.33 259.43 260.19 258.74 259.46 264.44 271.39 274.42
327.8 326.45 328.17 328.82 327.7 328.9 334.32 342.52 347.9 351.48 354.03 353.14 348.54 348.78 351.79 351.94 346.05 331.56 311.41 291.02 276.38 264.18 252.69 246.19 241.56 237.04 232.57 236.94 246.17 247.71 244.54 239.7 236.65 235.61 235.97 237.34 238.94 238.94 249.71 264.02 271.13 285.93 298.48 291.86 277.7 270.79 271.26 279.88 295.42 275.73 235.4 243.48 249.37 249.53 252.11 249.2 238.01 231.64 225.98 216.35 219.18 235.11 252.25 258.39 254.11 250.44 255.63 269.33 268.87 261.86 258.03 261.88 270.08 274.73
330.11 323.76 321.1 318.52 315.08 313.1 317.68 333.51 347.96 355.81 358.59 2.13 12.63 24.69 33.86 44.03 42.7 36.48 28.85 15.58 346.48 277.34 234.44 226.64 222.6 218.91 216.19 223.2 235.27 235.73 232.04 228.41 226.91 226.99 227.9 233.67 243.15 249.37 259.07 266.46 268.18 277.16 290.54 292.09 281.67 271.22 265.3 264.24 267.59 252.95 237.17 253.4 254.36 247.88 243.34 232.93 220.18 216.02 215.65 213.83 229.07 253.3 260.19 258.2 252.72 248.71 251.78 265.21 279.2 276.53 265.06 264.54 269.75 272.87
323.47 323.78 322.81 321.41 319.16 315.39 316.95 338.26 5.14 25.8 40.32 53.38 63.33 63.54 61.31 61.33 49.52 38.18 32.23 26.55 17.94 353.95 233.82 225.67 226.08 226.42 225.66 231.26 237.62 234.23 229.22 225.22 222.57 220.23 218.06 223.78 238.71 251.34 261.58 264.9 263.24 269.98 283.66 291.91 287.2 271.35 260.53 251.4 233.35 220.69 243.52 266.48 261.09 249.05 235.34 221.84 213.77 211.74 213.3 218.95 242 264.26 264.14 259.12 254.69 248.61 249.74 260.54 280.26 287.29 274.38 268.08 269.23 271.08
318.61 325.47 324.29 322.12 320.79 317.08 317.22 351.94 39.83 60.72 69.27 73.18 74.65 73.33 70.12 66.14 52.07 40.36 36.63 33.33 28.8 25.22 335.11 232.73 238.76 239.99 236.23 235.99 235.43 230.88 226.09 221.71 217.66 212.99 208.16 210.81 226.02 250.45 265.92 263.73 257.57 264.1 280.27 291.41 286.98 258.91 258.24 248.09 213.61 202.04 222.88 305.98 290.59 257.73 227.89 213.52 210 209.6 213.79 231.27 253.37 264.01 272.5 267.98 257.42 250.43 252.44 262.47 279.04 287.27 277 268.61 267.72 271.12
337.52 342.58 341.19 337 332.03 323.1 318.02 51.86 87.29 90.86 85.98 80.2 76.28 73.61 70.27 66.76 55.31 45.3 41.47 36.02 30.42 27.77 22 284.27 264.89 254.64 239.72 234.57 234.84 236.07 234.77 230.95 226.99 221.74 215.59 218.35 234.11 257.41 270.72 265.11 256.81 263.33 279.48 285.65 275.08 247.55 254 235.27 194.75 198.71 249.78 287.36 292.12 266.2 214.49 203.16 208.93 218.99 234.36 254.6 263.25 264.5 275.76 273.97 260.18 254.05 255.83 262.26 275.34 284.87 277.29 270.42 270.19 273.08
1.61 359.21 359.45 357.8 354.05 351.47 126.66 108.29 120.03 118.69 102.56 88.16 80.42 74.51 70.4 69.79 58.85 48.18 43.8 37.24 31.43 28.34 24.11 0.43 313.28 279.71 244.76 238.91 243.41 245.12 240.56 233.8 230.04 225.53 219.22 222.12 236.69 255.18 267.5 262.77 254.77 265.12 283.33 282.41 266.01 242.82 230.12 191.41 180.41 205.42 265.44 278.84 273.28 237.09 191.61 192.47 214.53 239.45 255.27 263.67 266.38 267.55 274.56 271.96 259.9 256.25 256.8 256.82 263.23 273.68 275.98 281.13 281.94 276.67
34.17 27.11 25.4 27.27 35.37 68.59 108.65 107.2 117.35 123.33 112.13 93.13 78.01 65.65 59.89 60.69 46.04 35.56 32.33 27.27 23.96 22.01 17.46 358.72 329.38 301.37 254.26 247.21 251.6 246.73 236.22 229.45 227.94 224.38 219.45 224.07 237.81 249.18 261.6 264.59 259.24 267.71 282.7 278.35 260.55 242.74 227.48 217.09 220.11 245.31 269.76 270.18 253.96 225.3 205.94 211.03 238.45 263.02 269.72 265.82 268.22 273.78 276.99 270.65 259.39 256.3 254.97 251.96 254.12 261.36 270.99 282.89 287.62 279.95
51.49 46.22 42.54 43.99 53.89 76.35 100.71 108.17 114.02 117.13 112.34 89.78 57.73 39.76 35.96 31.43 21.04 20 19.93 17.81 18.19 18.38 14.04 358.32 335.24 309.77 266.82 257.5 259.17 246.53 234.91 232.19 228.73 223.07 220.01 226.21 238.09 241.45 256.46 271.64 264.13 267.08 277.94 273.57 257.7 243.07 232.19 232.47 244.11 257.4 264.08 259.79 242.42 221.81 215.27 229.62 258.75 279.62 280.89 266.9 276.83 289.08 286.3 274.23 260.33 253.83 250.84 250.97 252.5 257.4 268.83 275.3 274.69 276.06
40.47 38.57 35.5 36.94 47.15 70.76 100.09 114.69 119.37 115.84 108.91 73.61 33.86 26.97 25.04 16.34 11.76 12.78 13.65 13.64 13.51 13.08 11.88 6.55 359.44 348.36 306.64 279.43 272.78 254.75 243.52 238.27 227.74 221.47 220.55 225.06 232.55 232.63 250.91 274.89 263.28 261.76 274.25 269.79 249.67 232.19 224.32 228.49 242.84 254.41 255.78 247.64 229.77 214.76 215.01 236.8 270.32 289.41 287.07 271.42 285.89 301.15 297.6 280.4 258.56 247.18 244.91 249.88 252.26 256 265.53 264.66 255.99 267.49
24.64 28.65 28.2 30.45 40.13 67.76 103.61 116.59 123.08 117.32 92.41 35.9 15.86 17.04 11.2 2.38 0.31 1.82 6.41 9.21 7.94 7.92 11.49 13.25 19.25 36.56 27.79 348.32 309.97 278.24 256.19 242.71 229.87 223.79 221.23 221.9 225.45 228.28 245.97 264.24 250.53 246.22 263.49 264.1 236.78 216.77 213.82 222.43 237.73 251.91 253.14 238.37 220.43 210.95 215.2 241.31 278.89 299.24 296.41 280.76 291.52 305.19 303.22 284.39 255.8 243.4 243.7 249.63 255.16 259.02 259.42 252.34 246.37 265.26
27 22.36 20.04 25.93 39.6 70.43 105.74 114.77 123.19 120.54 61.71 24.83 27.45 29.31 24.73 19.74 14.59 11.57 13.51 14.36 13.44 14.97 15.43 11.68 13.72 27.7 17.69 359.98 342.39 320.65 273.62 241.46 231.05 223.88 220.07 221.48 226.35 233.4 247.14 255.76 250.37 250.62 258.25 261.26 248.31 229.19 226.79 234.37 244.66 256.52 256.28 234.76 218.32 213.04 219.51 247.73 282.65 302.18 301.91 288.67 299.61 314.17 310.1 288.09 262.5 254.37 253.13 253.23 259.27 262.46 253.67 245.51 245.79 263.28
24.89 11.47 7.89 22.69 44.07 73.38 101.46 109.75 117.31 114.45 29.31 25.03 45.09 42.68 35.84 32.65 26.54 21.81 22.66 21.08 19.98 22.15 18.13 9.27 7.17 19.62 12.7 5.35 3.89 5.76 354.52 241.9 235.04 226.61 223.49 224.84 228.58 236.51 248.25 255.02 252.3 252.05 254.83 254.72 247.94 237.94 237.08 242.15 249.33 256.92 253.76 232.58 218.75 215.47 223.42 252.74 285.01 303.06 302.38 285.45 302.9 328.65 326.23 304.95 280.48 270.86 263.22 255.35 259.01 262.6 251.4 244.95 247.16 257.94
24.07 23.02 27.99 40.75 55.04 77.38 94.95 99.62 98.01 85.03 57.42 50.41 59.8 45.59 34.73 33.31 31.16 28.82 26.85 19.79 17.09 19.62 18.37 15.21 23.61 46.21 23.31 14.91 10.8 359.67 336.14 288.86 260.22 232.42 222.29 220.51 224.39 234.79 247.35 254.64 252.09 250.33 250.12 247.24 242.93 239.72 239.31 241.73 245.86 250.09 246.62 232.84 224.24 222.88 233.93 260.23 282.27 296.57 295.24 271.15 287.19 321.35 321.33 311.04 297.51 287.05 271.18 254.17 254.26 256.06 242.46 235.97 239.83 247.99
27.66 38.53 44.74 48.84 63.09 84.11 93.71 94.53 91.32 83.25 68.54 60.58 60.83 43.67 33.47 35.94 37.09 34.46 27.03 15.39 12.2 16.49 20.48 23.93 38.41 51.88 30 21.81 13.67 352.7 327.04 294.35 268.46 226.67 211.26 213.46 223.83 236.63 248.4 255.28 252.99 249.78 246.96 242.05 238.19 237.55 238.01 238.5 236.32 237.57 241.65 240.91 234.99 231.75 243.95 265.38 279.02 287.45 283.39 257.57 275.42 314.48 315.7 310.32 303.58 296.61 278.92 257.5 248.55 238.76 220.61 215.38 227.28 239.11
30.13 42.67 42.48 44.58 62.94 88.32 98.33 94.66 91.44 85.76 69.63 61.03 61.77 49.68 38.18 34.48 27.46 18.52 10.72 7.64 12.27 21.96 28.55 32.09 43.35 49.37 36.32 30.24 20.61 1.73 343.67 307.68 266.36 228.76 217.24 220.7 229.56 236.59 244.63 250.54 248.27 243.72 239.21 234.05 231.55 232.42 234.28 234.17 227.02 228.71 242.95 248.63 234.94 225.17 240.61 267.94 281.53 285.73 275.48 251.4 272.42 307.1 311.61 308.63 303.17 296.64 283.25 268.46 243.77 225.05 214.59 215.38 230.5 241.09
33.23 40.83 39.52 44.63 54.31 82.13 110.61 99.79 95.32 91.22 73.69 65.25 66.61 53.39 38.14 26.72 10.02 356.83 352.33 358.61 15.22 32.88 39.78 40.91 47.94 50.38 41.85 35.08 23.96 8.88 358.38 333.58 278.44 238.49 228.83 229.63 231.97 231.67 234.14 236.74 236.44 234.3 231.45 228.95 228.15 228.39 230.09 229.58 219.7 222.91 243.48 240.71 215.24 204.75 225.19 273.91 293.67 292.24 276.28 261.84 277.77 298.23 305.3 304.2 297.63 287.97 280.45 286.53 242.47 220.4 216.04 218.73 230.38 242.61
28.42 31.55 34.32 39.71 40.96 73.4 119.54 105.39 99.8 97.46 75.29 63.08 62.13 42.45 27.35 18.16 6.46 358.24 355.27 0.69 21.21 41.46 45.18 43.47 46.42 44.98 36.73 30.93 26.35 21.85 18.66 4.54 313.29 244.84 230.62 227.54 226.69 226.57 227.83 229.09 232.55 231.22 224.75 220.42 219.12 219.81 223.54 223.77 213.95 218.05 239.28 227.58 212.19 213.45 240.92 278.88 292.63 290 281.59 280.82 287.15 294.18 298.05 296.13 286.95 271.18 266.97 289.01 251.46 220.32 214.75 217.29 229.15 247.91
8.95 16.75 22.52 26.36 32.07 76.87 120.61 105 97.89 99.38 70 50.54 44.41 25.08 17.05 12.39 6.62 4.43 4.68 8.97 30.06 51.7 49.52 43.03 41.27 36.3 28.8 27.92 32.97 36.42 32.43 16.83 346.52 245.98 224.94 216.8 215.27 222.9 227.42 228.08 231.44 224.78 209.95 201.42 202.5 210.52 218.89 218.65 210.1 213.54 229.98 221.84 222.16 235.58 260.24 279.34 284.98 283.49 282.51 289.77 296.15 296.17 290.68 284.15 277.48 265.06 262.13 275.01 250.84 219.65 213.06 217.42 232.26 253.23
6.8 13.96 19.05 23.4 34.44 85.79 124.21 102.98 87.66 85 46.68 19.57 8.72 4.87 6.98 8.05 8.34 11.27 15.75 28.42 58.79 73.68 60.05 45.47 41.28 37.53 32.52 34.24 38.99 34.89 22.87 11.27 2.19 244.38 219 212.57 216.92 234.03 234.6 228.42 228.01 219.06 207.6 203.27 204.62 210.66 214.19 210.78 206.03 211.25 225 226.04 234.57 248.39 271.03 284.86 284.68 282.05 281.36 285.3 293.56 296.52 284.77 273.15 271.37 264.9 260.56 261.99 248.95 229.61 219.64 223.09 237.5 254.93
17.43 17.7 21.01 27.42 39.18 89.01 131.81 107.86 75.24 46.78 1.05 339.94 331.81 339.22 353.41 4.01 11.53 19.88 29.51 50.07 75.56 83.47 67.47 48.48 46.31 45.74 41.01 41.77 39.64 21.86 7.31 5.6 12.45 27.96 214.65 216.4 230.66 250.55 241.81 227.81 224.09 217.44 213.21 213.14 212.48 210.04 204.27 200.72 202.99 211.98 223.65 232.66 244.41 251.51 280.74 298.64 294.99 289.1 283.54 279.7 283.25 288.78 279.69 269.97 269.5 264.22 259.02 258.23 249.76 236.69 226.86 229.59 242.31 253.1
13.82 18.91 22 30.38 43.71 88.44 123.26 107.28 72.94 40.65 13.16 352.9 340.01 338.84 352.76 7.83 19.28 30.64 42.04 59.97 76.81 82.18 67.72 50.56 49.86 46.36 38.02 35.87 28.75 13.22 6.11 7.83 13.45 10.52 256.87 236.51 246.86 258.14 239.97 222.26 217.06 212.32 212.11 213.24 213.19 210.88 205.1 202.22 205.28 213.28 222.93 237.77 249.09 250.13 285.77 310.99 310.2 303.13 292.06 279.44 275.39 278.56 275.83 271.66 269.24 262 256.21 257.11 248.29 235.89 228.45 230.53 240.04 245.06
355.11 18.25 21.07 33.9 53.42 96.78 115.99 101.57 74.09 49.24 30.74 15.47 3.57 358.01 7 20.44 32.63 43.6 52.06 61.75 70.21 76.11 67.36 54.08 46.66 33.21 24.42 20.85 13.46 9.2 11.71 13.59 9.87 357.72 302.36 259.61 253.51 252.6 228.57 213.7 207.45 202.71 204.96 210.9 215.31 214.3 210.83 208.89 208.55 214.15 226.24 241.96 249.93 251.21 286.7 316.05 321.66 318.2 306.18 286.1 273.98 273.73 274.81 273.07 268.48 258.97 252.61 255.32 246.47 234.23 227.51 226.13 228.51 229.58
225.6 19.2 28.8 50.22 73.1 108.94 118.35 98.5 71.49 52.26 36.94 27.63 23.36 25.69 34.37 38.74 44.02 47.91 51.88 57.27 62.85 71.05 67.93 52.87 33.8 19.54 15.94 14.37 12.33 14.01 17.18 16.16 10.85 0.98 330.48 274.31 248.7 240.15 224.92 215.28 207.21 206.17 214.82 223.33 224.5 220.14 218.57 218.48 217.22 223.7 237.76 248.17 253.51 257.71 284.05 309.93 321.33 324.76 316.35 296.27 279.17 274.28 275.49 273.15 266.38 254.57 247.66 250.7 242.42 232.21 229.56 228.21 225.68 227.98
204.84 35.04 50.02 71.85 92.67 116.82 120.86 95.92 68.51 54.72 43.38 39.15 40.18 46.47 54.31 55.09 48.6 40.9 43.17 53.09 62.78 70.02 61.36 35.5 14.72 11.09 12.79 15.62 22.29 25.13 21.75 17.87 14.17 7.81 353.65 303.95 244.66 238.74 232.66 224.52 215.52 220.68 235.23 239.45 234.49 229.35 228.08 227.11 226.35 233.86 247.71 256.09 260.71 263.85 281.52 298.7 309.65 325.22 323.17 303.88 284.3 274.68 274.31 270.46 261.68 249.73 242.96 242.07 234.82 232.43 240.53 236.69 227.46 232.72
