testDir/InputMaps/malcataHeight_300.grass
north: 40:14:17.01N
south: 40:12:39.7468N
east: 7:02:14.5154W
west: 7:04:21.43W
rows: 300
cols: 300
[rows 0 to 31 of 300, columns 144 to 215 of 300]
0 0 0 0 0 0 0 0 0 0 0 0 0 0 0 0 0 0 0 0 0 0 0 0 0 0 0 0 0 0 0 0 0 0 0 0 0 0 0 0 0 0 0 0 0 0 0 0 0 0 0 0 0 0 0 0 0 0 0 0 0 0 0 0 0 0 0 0 0 0 0 0
0 0 0 0 0 0 0 0 0 0 0 0 0 0 0 0 0 0 0 0 0 0 0 0 0 0 0 0 0 0 0 0 0 0 0 0 0 0 0 0 0 0 0 0 0 0 0 0 0 0 0 0 0 0 0 0 0 0 0 0 0 0 0 0 0 0 0 0 0 0 0 0
836.37 835.88 835.4 834.91 834.79 834.72 835.52 837.18 838.92 841.14 843.35 845.84 848.42 850.23 850.98 851.71 852.17 852.63 853.64 854.91 856.43 858.44 860.46 862.54 864.63 866.91 869.32 871.09 870.83 870.57 869.65 868.64 867.78 867.06 866.44 866.34 866.25 865.5 864.59 862.88 860.11 857.44 856.11 854.78 855.39 856.82 859.2 863.4 867.6 869.86 872.07 873.68 874.92 875.64 874.86 874.08 875.51 877.2 877.97 877.94 878.07 878.99 879.9 880.29 880.55 881.52 883.37 885.33 888.39 891.45 892.98 893.93
831.53 831.86 832.2 832.53 833.23 833.99 835.4 837.48 839.64 842.41 845.17 847.47 849.63 850.98 851.18 851.37 851.42 851.46 852.35 853.62 854.95 856.42 857.89 860.35 862.85 865.21 867.48 869.08 868.55 868.01 867.3 866.57 865.91 865.33 864.74 864.1 863.45 861.83 859.96 858.18 856.51 854.91 854.4 853.89 854.55 855.71 857.44 860.27 863.1 865.87 868.63 870.7 872.35 873.62 873.8 873.98 873.92 873.83 873.99 874.37 875 876.87 878.74 879.54 880.07 881.07 882.65 884.26 886.08 887.91 889.5 890.99
826.69 827.84 829 830.16 831.68 833.26 835.29 837.77 840.37 843.68 846.99 849.09 850.84 851.72 851.37 851.03 850.66 850.29 851.05 852.32 853.48 854.4 855.33 858.16 861.07 863.51 865.65 867.08 866.27 865.46 864.95 864.49 864.04 863.6 863.04 861.85 860.65 858.17 855.34 853.47 852.9 852.38 852.69 853 853.71 854.6 855.68 857.14 858.6 861.88 865.19 867.72 869.78 871.61 872.74 873.88 872.33 870.46 870 870.79 871.93 874.76 877.59 878.79 879.6 880.63 881.94 883.18 883.78 884.37 886.01 888.05
822.49 823.72 825.23 826.73 828.8 830.97 833.5 836.39 839.35 842.74 846.13 848.2 849.89 850.81 850.62 850.43 850.12 849.82 850.52 851.67 852.64 853.25 853.87 856.4 859.01 861.54 864.01 865.74 865.13 864.52 864.07 863.65 863.04 862.27 861.41 860.14 858.87 856.36 853.51 851.65 851.11 850.63 850.93 851.24 852.01 852.97 854.08 855.47 856.86 860.21 863.59 866.05 867.93 869.47 870.04 870.6 869.51 868.21 868.43 869.99 871.72 874.33 876.94 878.13 878.97 880.06 881.45 882.78 883.44 884.09 885.55 887.31
818.39 819.58 821.36 823.14 825.72 828.43 831.44 834.74 838.06 841.45 844.83 846.91 848.6 849.63 849.71 849.79 849.62 849.45 850.1 851.11 851.91 852.24 852.58 854.71 856.91 859.52 862.4 864.51 864.18 863.84 863.43 863 862.18 861 859.8 858.53 857.26 854.85 852.14 850.3 849.62 849 849.17 849.34 850.17 851.27 852.51 854.04 855.56 858.91 862.3 864.59 866.19 867.32 867.07 866.81 866.48 866.15 867.25 869.63 871.97 874.17 876.37 877.48 878.33 879.47 881 882.48 883.41 884.34 885.58 886.93
814.29 815.44 817.49 819.54 822.64 825.9 829.38 833.1 836.77 840.15 843.54 845.61 847.31 848.45 848.81 849.15 849.12 849.08 849.68 850.56 851.17 851.23 851.3 853.03 854.81 857.51 860.8 863.28 863.22 863.16 862.78 862.35 861.33 859.73 858.18 856.91 855.64 853.34 850.77 848.95 848.14 847.38 847.41 847.44 848.32 849.56 850.94 852.61 854.27 857.62 861.01 863.12 864.46 865.17 864.09 863.01 863.46 864.08 866.07 869.27 872.23 874.02 875.8 876.83 877.68 878.89 880.55 882.17 883.38 884.59 885.6 886.55
809.29 810.57 813 815.44 818.87 822.47 826.12 829.83 833.46 836.63 839.81 841.84 843.53 845 846.16 847.29 847.92 848.56 849.33 850.18 850.79 850.89 851 852.53 854.12 856.73 860.01 862.45 862.24 862.03 861.54 861.01 859.99 858.51 857.06 855.79 854.52 852.08 849.33 847.35 846.4 845.52 845.73 845.94 847.57 849.78 851.82 853.52 855.21 857.84 860.49 862.03 862.88 863.27 862.31 861.36 862.2 863.26 865.44 868.62 871.61 873.73 875.84 876.51 876.83 877.76 879.45 881.14 882.72 884.31 885.51 886.57
804.01 805.49 808.33 811.18 814.91 818.78 822.5 826.06 829.54 832.44 835.35 837.31 839 840.87 842.99 845.07 846.52 847.98 849.01 849.86 850.51 850.75 850.99 852.4 853.85 856.32 859.47 861.74 861.26 860.77 860.13 859.46 858.52 857.31 856.09 854.82 853.55 850.89 847.87 845.67 844.59 843.6 844.09 844.57 847.14 850.59 853.44 855.13 856.82 858.52 860.21 861.04 861.35 861.43 860.89 860.34 861.47 862.8 864.97 867.87 870.74 873.4 876.06 876.28 875.92 876.47 878.16 879.88 881.87 883.87 885.39 886.72
798.73 800.41 803.66 806.92 810.94 815.08 818.87 822.3 825.62 828.25 830.88 832.78 834.48 836.74 839.82 842.85 845.12 847.4 848.69 849.53 850.23 850.61 850.99 852.27 853.58 855.92 858.92 861.03 860.27 859.51 858.72 857.91 857.04 856.11 855.12 853.85 852.58 849.71 846.41 844 842.77 841.68 842.44 843.2 846.72 851.4 855.06 856.75 858.44 859.2 859.93 860.06 859.81 859.6 859.46 859.33 860.75 862.35 864.5 867.13 869.86 873.07 876.28 876.05 875 875.17 876.87 878.62 881.03 883.43 885.26 886.87
788.43 790.24 793.63 797.02 801.13 805.37 809.46 813.4 817.16 819.79 822.42 824.47 826.35 828.89 832.37 835.82 838.82 841.83 843.79 845.28 846.64 847.71 848.78 850.58 852.4 854.58 856.99 858.61 857.77 856.92 855.42 853.84 852.63 851.79 850.93 850.03 849.13 846.78 844.04 841.81 840.26 838.89 840.02 841.14 844.4 848.56 851.87 853.56 855.25 855.79 856.31 856.59 856.72 856.91 857.28 857.65 859.37 861.25 863.43 865.88 868.36 871 873.65 873.58 872.87 873.14 874.65 876.18 877.98 879.79 881.38 882.88
775.71 777.64 781.02 784.41 788.53 792.76 797.26 802.02 806.51 809.28 812.05 814.34 816.49 819.24 822.86 826.48 830.17 833.85 836.69 839.14 841.45 843.48 845.51 848.14 850.78 852.79 854.38 855.38 854.53 853.69 851.23 848.55 846.81 845.97 845.2 844.84 844.49 843.01 841.23 839.37 837.41 835.69 837.22 838.76 841.17 843.96 846.37 848.07 849.76 850.43 851.08 851.92 852.87 853.82 854.74 855.65 857.67 859.83 862.06 864.37 866.55 868.11 869.66 870.04 870.15 870.76 871.99 873.18 873.89 874.59 875.68 876.92
763 765.02 768.41 771.8 775.91 780.15 785.06 790.64 795.86 798.76 801.67 804.2 806.63 809.6 813.35 817.14 821.51 825.88 829.59 833 836.27 839.26 842.24 845.69 849.16 851 851.77 852.15 851.3 850.45 847.03 843.26 840.99 840.15 839.46 839.65 839.85 839.24 838.42 836.93 834.56 832.48 834.43 836.37 837.94 839.36 840.87 842.57 844.26 845.07 845.86 847.26 849.03 850.72 852.19 853.65 855.98 858.4 860.7 862.87 864.75 865.21 865.67 866.5 867.43 868.37 869.33 870.18 869.79 869.4 869.99 870.95
756.37 758.22 761.44 764.67 768.7 772.85 777.85 783.7 789.14 792.02 794.9 797.58 800.2 803.28 807.01 810.78 815.28 819.78 823.85 827.74 831.39 834.54 837.69 840.94 844.19 845.73 846.16 846.35 845.83 845.3 842.08 838.48 836.22 835.21 834.42 834.76 835.1 835.09 834.99 834.18 832.44 830.93 832.64 834.36 835.35 836.04 837.02 838.55 840.09 841.18 842.27 844.09 846.36 848.51 850.29 852.06 854.45 856.91 858.93 860.57 861.96 862.11 862.27 863.27 864.46 865.56 866.57 867.44 866.84 866.23 866.32 866.69
754.1 755.57 758.52 761.48 765.35 769.36 774.23 779.94 785.24 787.99 790.73 793.49 796.24 799.35 802.94 806.56 810.79 815.01 819.1 823.13 826.73 829.47 832.2 834.51 836.81 837.97 838.4 838.72 838.74 838.76 836.57 834.07 832.2 830.92 829.87 830.08 830.28 830.68 831.12 831.21 830.84 830.56 831.59 832.62 833.22 833.63 834.34 835.6 836.86 838.35 839.85 841.99 844.54 846.93 848.84 850.75 853.03 855.35 856.88 857.69 858.45 858.88 859.31 860.25 861.3 862.45 863.73 864.89 864.69 864.5 864.12 863.66
751.83 752.92 755.6 758.28 762 765.88 770.6 776.17 781.34 783.95 786.56 789.39 792.28 795.41 798.87 802.35 806.3 810.25 814.34 818.51 822.07 824.4 826.72 828.09 829.43 830.22 830.64 831.1 831.66 832.23 831.07 829.66 828.18 826.63 825.32 825.39 825.46 826.26 827.25 828.24 829.24 830.19 830.54 830.89 831.09 831.23 831.66 832.64 833.63 835.52 837.43 839.9 842.72 845.35 847.4 849.44 851.61 853.8 854.82 854.82 854.93 855.64 856.35 857.22 858.14 859.34 860.89 862.34 862.55 862.77 861.91 860.63
750.67 751.18 753.38 755.59 758.66 761.86 766.05 771.22 776.08 779.02 781.96 785.13 788.36 791.71 795.23 798.77 802.65 806.53 810.74 815.11 818.76 820.95 823.13 823.83 824.48 824.95 825.3 825.78 826.62 827.47 826.89 826.11 824.93 823.37 822.08 822.28 822.48 823.21 824.08 825.53 827.76 829.85 829.91 829.98 829.91 829.77 829.9 830.55 831.2 833.28 835.4 838.04 841 843.78 846.04 848.29 850.12 851.9 852.62 852.39 852.29 852.81 853.32 854.1 854.95 856.14 857.77 859.29 859.64 860 858.93 857.3
750.66 750.38 751.9 753.42 755.33 757.31 760.54 765.02 769.4 773.17 776.93 780.71 784.48 788.27 792.06 795.87 799.88 803.9 808.34 812.99 816.87 819.19 821.51 821.82 822.05 822.28 822.5 822.87 823.71 824.56 824.1 823.46 822.48 821.2 820.2 820.82 821.43 821.59 821.64 823.09 826.42 829.53 829.74 829.94 829.71 829.3 829.12 829.35 829.59 831.67 833.78 836.42 839.39 842.24 844.76 847.29 848.54 849.63 850.25 850.44 850.56 850.39 850.22 850.87 851.71 852.85 854.34 855.72 855.94 856.16 855.15 853.66
750.65 749.58 750.41 751.25 752.01 752.75 755.02 758.82 762.73 767.31 771.9 776.28 780.61 784.83 788.89 792.97 797.12 801.27 805.95 810.86 814.97 817.43 819.89 819.81 819.63 819.61 819.69 819.96 820.81 821.65 821.31 820.8 820.04 819.03 818.33 819.35 820.37 819.97 819.2 820.65 825.07 829.22 829.56 829.9 829.52 828.84 828.33 828.15 827.98 830.05 832.17 834.81 837.77 840.69 843.49 846.29 846.95 847.37 847.88 848.48 848.83 847.97 847.12 847.63 848.48 849.55 850.9 852.15 852.23 852.32 851.37 850.01
751.19 749.29 749.44 749.59 749.33 749.01 750.43 753.6 756.96 761.49 766.03 770.49 774.93 779.44 784.06 788.66 793.11 797.56 802.6 807.89 812.33 814.97 817.62 817.41 817.1 817.01 817.06 817.3 818.15 819 818.63 818.1 817.46 816.73 816.31 817.63 818.95 818.65 817.93 819.51 824.15 828.51 828.82 829.14 828.71 827.97 827.42 827.21 827 829.02 831.08 833.5 836.14 838.75 841.28 843.81 844.12 844.18 844.6 845.33 845.75 844.59 843.43 843.93 844.83 845.87 847.09 848.22 848.44 848.66 848 847
752.58 749.78 749.25 748.72 747.66 746.51 747.25 749.87 752.56 755.73 758.9 762.63 766.52 771.11 776.68 782.22 787.22 792.22 797.8 803.65 808.53 811.46 814.38 814.44 814.4 814.5 814.69 815.04 815.89 816.73 816.13 815.33 814.7 814.23 814.06 815.52 816.99 817.8 818.44 820.33 823.88 827.2 827.24 827.28 826.96 826.5 826.31 826.65 826.99 828.89 830.81 832.67 834.49 836.21 837.64 839.07 839.4 839.59 839.92 840.39 840.62 839.74 838.85 839.51 840.55 841.61 842.69 843.74 844.5 845.27 845.26 844.94
753.97 750.28 749.06 747.84 745.98 744.01 744.06 746.14 748.17 749.97 751.77 754.77 758.11 762.77 769.3 775.78 781.33 786.88 793 799.4 804.74 807.94 811.14 811.47 811.71 812 812.33 812.78 813.63 814.47 813.63 812.55 811.93 811.74 811.82 813.42 815.02 816.94 818.95 821.15 823.61 825.88 825.65 825.42 825.22 825.03 825.2 826.09 826.98 828.75 830.54 831.84 832.83 833.66 834 834.34 834.67 835 835.25 835.44 835.5 834.88 834.27 835.1 836.27 837.34 838.29 839.26 840.57 841.88 842.52 842.89
755.43 750.92 748.81 746.7 744.29 741.84 741.37 742.9 744.31 745.03 745.76 748.12 750.96 755.41 762.15 768.86 775.03 781.21 787.86 794.71 800.45 803.88 807.31 808.12 808.83 809.27 809.53 809.93 810.77 811.62 810.68 809.49 808.94 808.98 809.28 811.02 812.75 815.43 818.35 820.71 822.32 823.8 823.5 823.2 823.2 823.33 823.89 825.28 826.68 828.32 829.98 830.82 831.16 831.29 830.83 830.36 830.69 831.11 831.18 830.93 830.62 830.03 829.44 830.35 831.62 832.78 833.79 834.86 836.51 838.16 839.29 840.22
757.04 751.91 748.43 744.95 742.59 740.4 739.8 740.78 741.67 741.98 742.29 744.24 746.67 750.26 755.49 760.82 767.81 774.81 781.9 789.03 795 798.56 802.13 803.87 805.54 806.03 805.74 805.72 806.57 807.41 806.72 805.8 805.45 805.63 806.07 807.94 809.81 812.41 815.19 817.36 818.69 819.95 820.06 820.17 820.58 821.12 822.09 823.89 825.7 827.22 828.73 829.35 829.42 829.32 828.71 828.11 828.43 828.85 828.48 827.41 826.33 825.19 824.05 824.86 826.13 827.53 829.09 830.64 832.16 833.67 834.96 836.17
758.65 752.89 748.05 743.2 740.88 738.97 738.24 738.67 739.03 738.93 738.83 740.37 742.39 745.11 748.84 752.78 760.59 768.41 775.95 783.35 789.54 793.25 796.95 799.62 802.25 802.79 801.95 801.52 802.36 803.21 802.75 802.11 801.97 802.28 802.86 804.87 806.88 809.39 812.04 814.01 815.07 816.09 816.62 817.14 817.96 818.91 820.29 822.51 824.72 826.12 827.49 827.89 827.68 827.34 826.6 825.86 826.16 826.59 825.78 823.89 822.03 820.34 818.66 819.36 820.63 822.27 824.38 826.43 827.81 829.18 830.63 832.11
760.18 754.01 748.05 742.09 739.81 738.12 737.2 737.06 736.86 736.32 735.78 736.79 738.25 740.14 742.62 745.39 753.57 761.75 769.64 777.41 783.95 788 792.04 795.42 798.78 799.45 798.35 797.74 798.64 799.55 799.34 798.97 799 799.39 800.05 802.17 804.29 806.69 809.17 810.95 811.8 812.64 813.43 814.22 815.41 816.77 818.54 821.11 823.68 824.97 826.24 826.45 825.99 825.43 824.52 823.62 823.82 824.16 822.97 820.43 817.97 815.91 813.85 814.45 815.7 817.48 819.93 822.29 823.56 824.83 826.32 827.89
761.37 755.59 749.5 743.41 741.11 739.41 738.15 737.32 736.46 735.37 734.29 734.33 734.69 735.82 738.03 740.47 747.28 754.09 762.03 770.48 777.85 782.98 788.12 791.41 794.63 795.74 795.47 795.54 796.72 797.9 797.96 797.87 797.96 798.22 798.76 800.87 802.99 805.18 807.39 809.01 809.86 810.68 811.2 811.71 813.11 814.88 816.97 819.67 822.38 823.68 824.95 825.07 824.48 823.74 822.56 821.38 821.19 821.12 819.73 817.19 814.78 813 811.21 811.76 812.86 814.38 816.43 818.4 819.67 820.94 822.04 823.07
762.56 757.18 750.95 744.72 742.4 740.71 739.1 737.59 736.06 734.43 732.79 731.86 731.13 731.5 733.44 735.55 740.99 746.43 754.42 763.55 771.74 777.97 784.2 787.39 790.48 792.03 792.58 793.34 794.8 796.25 796.58 796.77 796.92 797.04 797.46 799.58 801.7 803.67 805.61 807.07 807.92 808.73 808.97 809.21 810.81 812.99 815.4 818.24 821.08 822.38 823.65 823.69 822.97 822.05 820.6 819.15 818.56 818.08 816.5 813.96 811.59 810.08 808.57 809.06 810.03 811.29 812.92 814.52 815.79 817.06 817.77 818.25
763.87 758.78 752.34 745.89 743.58 741.94 740.03 737.87 735.71 733.61 731.51 729.72 728.03 727.7 729.29 731.02 735.09 739.16 747.01 756.57 765.37 772.62 779.86 783.02 786.04 788.01 789.29 790.69 792.41 794.14 794.78 795.27 795.54 795.62 796.02 798.12 800.22 802 803.69 805.02 805.87 806.66 806.69 806.72 808.52 811.06 813.75 816.73 819.71 821.02 822.29 822.24 821.37 820.29 818.58 816.88 815.99 815.21 813.51 810.98 808.66 807.36 806.06 806.41 807.16 808.1 809.27 810.46 811.76 813.06 813.44 813.45
766.02 760.54 753.27 746 743.94 742.7 740.8 738.22 735.73 733.77 731.8 730.05 728.36 727.68 728.46 729.33 732.03 734.73 741.12 749.18 757.1 764.75 772.41 775.98 779.41 781.62 783.05 784.61 786.61 788.61 789.76 790.8 791.69 792.46 793.41 795.37 797.34 799.08 800.78 802.11 802.95 803.77 804.07 804.38 806.26 808.8 811.54 814.65 817.77 819.07 820.34 820.21 819.21 818 816.15 814.3 813.9 813.66 812.28 809.9 807.65 806.07 804.5 804.13 804.06 804.18 804.53 804.98 806.56 808.13 808.69 808.84
768.17 762.29 754.2 746.11 744.29 743.47 741.56 738.58 735.75 733.92 732.09 730.37 728.68 727.67 727.62 727.64 728.98 730.31 735.24 741.78 748.83 756.89 764.96 768.94 772.78 775.24 776.8 778.53 780.8 783.08 784.75 786.33 787.84 789.29 790.8 792.63 794.45 796.17 797.87 799.2 800.04 800.87 801.45 802.03 803.99 806.53 809.32 812.57 815.83 817.13 818.4 818.19 817.05 815.7 813.71 811.73 811.8 812.11 811.06 808.81 806.63 804.78 802.93 801.85 800.96 800.26 799.79 799.51 801.36 803.21 803.93 804.22
