testDir/InputMaps/malcataAspect_300.grass
north: 40:14:17.01N
south: 40:12:39.7468N
east: 7:02:14.5154W
west: 7:04:21.43W
rows: 300
cols: 300
[rows 165 to 197 of 300, columns 222 to 295 of 300]
35.58 32.2 26.73 19.61 15.32 17.07 26.36 37.1 41.85 43.93 45.38 44.01 29.69 16.74 13.35 13.51 15.78 18.04 19.3 22.64 28.45 34.61 53.13 75.37 85.61 95.93 100.14 105.61 108.71 102.9 97.13 96.27 95.12 93.16 84.92 77.2 79.14 82.46 81.55 78.75 77.45 77.15 76.92 84.42 94.3 90.18 74.07 65.09 56.1 45.44 35.6 27.39 24.77 23.86 24.05 26.7 27.71 27.89 32 28.88 17.57 14.18 14.17 12.29 10.24 8.38 5.29 4.61 12 36.27 109.96 114.98 100.75 91.8
35.4 31.16 23.3 17.87 18.82 27.04 42.45 53.15 55.51 57.62 56.64 51.41 40.19 28.5 24.56 24.07 25.05 25.76 26.55 31.14 39.9 48.52 70.36 90.06 95.45 101.97 104.31 107.4 110.25 103.07 93.81 92.86 92.21 89.97 79.82 71.88 74.87 78.32 78.35 78.12 78.27 77.47 76.61 82.09 90.3 85.59 66.16 59.61 47.79 36.41 30.77 26.81 26.48 26.76 27.29 28.87 28.27 26.01 21.01 6.04 358.54 4.76 12.78 15.83 18.25 21.3 22.86 32.26 52.08 73.21 102.08 103.72 95 89.73
38.1 29.45 20.34 17.25 20.55 29.69 45.89 56.64 58.89 60.88 54.73 44.23 34.8 27.15 24.63 24.8 26.36 27.44 28.64 34.15 45.43 55.77 81.49 101.48 103.86 107.75 108.08 107.56 107.96 99.25 88.02 87.26 87.88 86.55 78.29 71.88 73.28 74.58 75.56 78.6 80.35 78.41 76.61 77.92 78.99 75.62 69.77 68.78 48.38 33.66 29.44 27.04 27.12 27.37 27.89 28.3 26.38 23.03 16.51 4.66 358.52 5.91 14.4 16.43 18.51 20.96 22.15 32.47 55.61 77.85 106.35 106.87 96.2 89.73
35.51 27.48 23.5 28.55 37.38 46.21 58.49 64.21 63.54 62.85 51.95 40.08 35.24 33.09 33.22 33.47 33.27 33.75 36.92 45.45 59.64 69.73 91.57 108.14 109.61 112.86 113.25 110.88 109.79 98.17 83.16 82.64 83.88 82.88 75.45 69.58 69.83 70.03 71.95 77.12 79.56 75.3 70.94 68.09 63.33 60.38 63.17 65.57 31.87 19.01 17.46 16.88 17.08 16.83 16.54 16.15 15.3 14.72 13.78 12.14 13.37 17.9 20.02 24.99 33.14 38.8 41.7 55.92 74.54 85.17 99.33 100.46 94.36 90.44
32.55 28.27 30.02 41.35 52.28 58.2 64.31 65.69 63.18 60.14 48.56 38.83 37.91 39.75 41.79 40.83 38.21 40.21 48.08 59.25 73.56 81.61 96.67 109.2 110.57 113.54 115.4 113.7 112.71 99.7 82.89 81.91 81.3 79.3 71.8 65.63 65.76 66.5 68.7 73.1 74.13 65.9 56.25 49.21 42.52 39.83 39.19 28.14 4.57 2.74 3.99 4.58 4.52 3.71 2.41 1.98 3.58 7.2 13.38 20.83 27.18 26.93 26.87 40.62 51.51 53.49 54.49 67.14 80.5 86 93.62 94.99 93.03 91.65
39.63 33.81 35.66 47.28 57.16 60.6 62.16 61 58.08 54.59 45.67 38.46 38.46 41.46 43.97 41.04 36.92 42.76 57.9 70.88 84.48 90.96 100.72 109.24 108.82 108.8 109.39 107.65 106.47 99.28 89.74 86.03 80.88 76.96 69.52 63.42 64.31 66.11 67.45 69.29 68.32 58.51 47.68 42.06 37.93 34.86 30.25 17.68 2.75 1.84 3.26 3.87 3.76 2.89 1.55 1.16 3.03 7.29 15.17 23.98 27.48 23.91 30.98 61.92 65.56 57.55 55.04 67.57 80.71 84.36 89.34 91.18 92.66 93.42
30.77 32.93 36.14 46.24 52.44 52.51 50.76 49 47.98 47.31 44.62 44.08 48.09 52.77 55.08 51.48 48.68 59.03 75.39 84.09 93 97.49 102.76 108.35 107.15 104.75 103.92 102 100.4 97.83 94.41 88.87 79.94 74.61 67.14 61.3 62.6 64.29 64.03 63.2 60.04 46.83 31.96 21.5 10.55 358.15 343.89 330.02 336.01 342.74 345.34 347.34 348.64 350.24 351.63 352.78 355.47 0.22 9.57 21.78 27.65 30.17 49.27 84.21 75.55 56.32 52.8 67.02 80.2 82.2 84.76 86.78 91.07 93.97
251.92 29.28 33.91 39.55 36.94 32.25 30.44 32.46 37.33 43 48.47 55.12 60.68 63.38 64.18 61.64 60.54 70.99 84.14 89.84 95.7 99.17 101.48 104.59 103.73 100.87 99.72 98.71 97.76 95.67 93.37 88.28 79.21 73.92 65.89 59.99 60.56 60.4 58.26 55.36 50.18 33.08 15.49 0.46 344 329.85 319.07 311.18 315.97 322.91 326.34 329.71 332.19 335.78 339.81 342.33 345.5 349.92 359.2 17.84 32.31 43.63 63.66 83.41 73.59 53.45 53.51 68.53 79.52 79.69 79.55 80.69 85.32 88.76
200.25 61.67 42.18 39.89 30.62 26.15 26.87 31.41 39.11 47.49 57.62 68.19 70.61 68.33 67.05 66.03 66.06 76.02 88.03 92.6 96.75 99.28 98.61 98.37 97.88 96.12 95.83 96.84 97.46 93.41 88.76 85.31 79.91 75.86 66.5 59.81 58.8 56.46 53.57 50.21 44.4 26.49 10.92 358.41 344.75 332.78 323.29 315.83 315.32 318.68 322.57 326.58 329.14 332.43 336.61 339.31 342.58 346.58 356.26 24.79 46.7 60.12 68.76 70.83 64.35 59.41 64.04 73.7 79.41 77.63 74.72 74.33 76.99 78.28
215.38 247.69 333.82 2.82 5.17 6.25 11.25 20 32.29 45.44 63.04 79.87 78.06 70.32 68.15 69.61 71.23 80.55 91.13 94.78 97.7 99.55 96.33 93.03 92.84 92.33 92.71 94.72 96.2 90.78 84.38 82.4 80.04 76.44 64.4 54.71 50.31 44.53 38.74 30.94 19.75 5.58 357.65 350.72 343.69 338.15 332.88 327.14 323.12 322.59 325.71 329.94 333.27 336.82 340.93 343.95 348.11 354.19 16.45 61.54 73 78.16 69.92 58.16 57.54 69.53 78.34 79.25 78.95 75.96 71.95 71.43 72.97 73.35
234.54 256.29 273.75 303.18 330.18 337.56 343.61 354.86 11.98 34.66 67.47 96.07 88.97 75.61 73.53 76.63 78.78 85.76 93.25 95.85 97.93 99.34 95.01 90.45 90.87 91.51 92.07 93.28 94.22 88.24 81.16 79.32 77.17 72.63 57.53 43.73 34.99 25.73 16.01 3.23 349.41 343.95 343.83 341.75 340.17 341.28 341.54 338.93 334.38 331.09 331.84 335.28 339.91 344.67 348.95 352.54 358.3 10.03 64.06 95.49 90.67 88.2 68.01 49.56 55.99 80.85 91.65 83.86 77.69 75.19 72.52 72.58 73.2 73.19
247.6 257.07 261.78 285.91 316.67 325.28 331.04 343.42 5.38 41.6 88.36 114.97 106.56 92.78 88.33 88.71 88.95 91.54 94.57 95.79 97.02 97.9 94.04 90 91.06 92.64 93.01 92.62 92.4 85.62 77.66 75.12 71.74 65.97 50.05 36 27.31 18.68 9.24 357.93 346.56 341.01 340.85 339.36 338.24 341.29 343.81 342.5 338.1 334.15 333.32 335.34 340.35 346.05 350.72 354.58 1.38 18.45 101.83 115.6 99.35 90 67.25 47.69 58.24 92.15 103.15 87.73 76.04 75.26 74.9 74.68 73.28 72.05
256.08 254.83 252.81 273.17 304.82 318.44 338.07 24.74 63.36 79.69 103.52 119.42 115.16 107.38 102.56 99.87 98.13 97.13 96.46 96.59 97.3 97.87 93.87 89.59 91.68 94.87 95.15 92.42 90.44 80.2 68.99 65.43 60.53 53.98 39.71 30.24 25.3 18.21 9.16 0.01 352.06 347.06 346.22 345.13 343.17 344.67 347.46 348.21 346.7 345.26 345.16 346.25 349.79 354.91 0.72 8.75 21.92 51.75 114.16 123.11 104.92 91.42 71.99 56.55 69.38 98.22 108 90.21 75.25 75.74 76.55 75.13 70.84 67.45
251.43 249.49 250.48 262.81 280.86 290.53 87.56 94.05 90.62 89.06 105.34 118.97 117.1 112.88 109.86 105.81 103.07 101.46 98.83 98.45 99.11 99.76 93.6 86.48 91.15 99.26 99.96 89.31 78.76 54.55 41.08 41.11 38.41 35.49 28.6 26.94 25.39 18.36 9.59 2.33 357.57 354.84 354.82 354.98 352.77 350.95 352.66 356.15 359.74 3.33 6.2 7.72 8.28 11.61 18.95 33.54 52.2 76.14 109.76 119.72 107.42 95.85 81.61 71.02 80.36 97.02 104.13 89.64 75.98 75.94 75.35 72.03 64.54 58.1
237.87 244.53 256.61 254.89 246.22 214.23 151.88 122.31 101.17 90 107.76 122.62 120.76 116.2 112.99 105.82 99.7 98.89 96.82 96.55 97.11 97.69 89.17 78.84 84.93 97.84 97.89 67.63 32.85 13.32 18.22 26.98 28.18 28.82 26.63 28.43 25.37 16.8 8.9 2.85 359.22 357.38 357.79 358.43 356.27 353.32 354.26 358.89 4.66 10.22 13.8 14.71 14.45 18.89 28.8 47.62 68.45 84.86 106.11 114.59 109.01 102.49 92.85 85.03 88.11 94.29 96.84 86.84 77.45 75.38 71.88 66.96 57.87 50.03
232.94 244.2 260.09 243.91 219.16 196.55 174.68 157.9 127.78 95.1 123.28 138.16 134 126.83 121.75 108.75 95.68 95.16 94.03 93.67 93.47 93.34 84.05 74.08 79.38 89.48 87.03 60.68 42.1 40.45 45.53 40.99 30.7 24.17 18.82 18.6 13.77 7.59 3.3 0.31 358.68 357.93 358.38 359.19 358.92 358.58 0.81 6.2 13.13 19.89 24.29 27.36 31.7 42.22 53.22 69.06 83.81 90.8 100.32 104.79 104.75 104.02 100.45 96.46 94.16 91.57 89.52 82.88 76.69 71.86 65.03 58.63 48.86 41.29
234.18 242.04 249.37 225.91 201.74 191.65 193.42 207.68 224.45 228.15 180.98 169.78 161.82 153.07 146.91 127.77 98.08 97.27 96.36 94.91 92.32 90.68 81.87 74.24 78.4 83.87 81.2 66.49 60.2 63.97 65.81 51.5 28.84 11.61 358.96 352.32 352.12 353.95 354.94 356.17 357.68 358.86 359.51 0.53 3.4 7.91 13.91 20.8 28.63 36.2 41.76 47.86 55.47 66.02 72.87 82.04 90.68 93.03 96.29 98 99.05 100.04 100.01 99.75 96.26 88.78 83.84 77.32 70.28 62.46 52.97 45.56 36.5 30.66
231.91 234.28 231.51 211.46 194.84 190.19 206.34 237.44 238.94 228.36 199.05 183.14 175.72 169.19 164.98 151.97 114.43 109.41 106.06 101.35 94.06 89.93 84.02 79.37 80.06 79.73 77.46 72.93 72.53 70.93 66.97 48.76 23.27 5.68 352.3 343.53 343.8 348.03 351.15 354.19 357.15 359.25 360 1.15 5.79 13.14 21.49 29.4 37.72 45.55 52.82 61.48 68.55 75.58 79.6 86.69 93.46 94.22 95.05 95.49 95.66 95.97 96.41 96.92 93.76 85.96 80.48 71.15 60.73 52.57 44.14 37.48 30.09 25.65
227.06 225.54 219.33 207.24 197.02 194.35 214.75 252.88 227.19 210.63 196.95 187.73 183.22 179.83 176.95 168.72 138.96 124.2 115.91 108.16 97.44 91.62 88.67 86.17 82.8 77.13 74.94 77.33 79.95 70.03 58.94 38.2 18.02 7.97 0.69 355.01 353.32 355.11 357.47 359.94 2.39 4.79 6.78 10.29 18.48 27.92 37.78 46.22 54.03 60.39 67.17 75.08 79.02 81.62 83.12 89.26 95.38 95.17 94.35 93.94 93.23 92.68 92.69 92.7 89.68 82.78 77.27 65.04 53.6 47.48 39.66 31.36 23 17.7
222.34 219.52 214.3 208.17 202.56 201.05 209.65 200.38 177.78 192.78 199.82 196.81 196.62 199.3 199.83 195.11 173.07 143.95 126.31 115.16 102.93 96.36 92.55 89.41 84.37 76.31 73.37 75.29 76.03 58.49 41.07 23.97 14.67 14.02 14.94 14.92 12.81 11.4 11.92 12.75 13.77 16.62 21.07 29.38 43.06 52.85 61.68 67.96 72.15 75.17 79.03 83.59 84.98 84.65 84.33 89.66 95.53 94.59 92.18 91.08 90.84 90.62 89.79 88.71 85.23 77.87 71.56 59.02 50.42 44.76 33.49 20.76 9.35 1.82
218.77 215.59 211.16 207.32 203.57 201.38 198.46 163.58 141.42 180.39 206.3 201.61 202.59 206.79 207.49 200.46 182.1 157.37 136.72 123.73 111.06 103.56 96.1 90 83.95 74.33 69.81 67.05 60.83 42.38 26.96 16.68 14.35 18.65 22.73 24.6 22.39 19.55 19.15 19.15 19.51 23.26 29.78 40.76 56.84 66.3 74.78 79.82 81.21 82.12 83.91 85.95 86.09 84.38 83.01 87.96 93.72 91.96 87.78 86.04 88.13 90 87.78 84.99 80.59 72.03 65.12 56.12 51.53 42.32 27.13 13.95 2.7 354.64
211.24 207.71 203.01 199.01 194.91 190.49 181.2 157.43 121.01 75.36 165.33 181.21 185.27 187.41 184.84 176.63 164.2 148.59 133.6 124.66 115.52 109.33 98.85 89.22 81.82 69.91 63.16 55.97 46.13 34.57 26.47 20.13 18.7 22.98 25.87 27.1 24.77 22.22 22.86 24.14 25.95 32.25 40.67 52.04 67.41 75.52 83.7 88.04 87.09 86.28 86.29 86.1 85.18 82.4 80.26 85.35 91.3 88.58 82.64 80.41 84.84 88.9 84.99 79.84 73.59 62.49 54.44 48.37 45.62 31.29 17 8.62 2.17 357.31
194.3 191.36 187 182.33 177.08 170.35 158.02 141.92 111.18 85.07 105.63 129.09 138.67 141.6 140.1 139.68 138.19 129.95 120.3 116.07 111.55 108.45 97.7 85.71 76.82 62.05 52.67 43.38 34.62 30.53 30.73 29.02 27.94 30.84 31.61 32.34 30.64 29.42 32.57 36.62 41.06 49.94 58.3 66.48 76.43 81.61 88.37 92.3 90.28 88.41 86.78 84.2 82.14 78.65 76.17 81.8 88.28 84.55 77.04 74.42 78.63 82.02 74.53 63.57 50.58 33.62 23.05 15.14 7.76 1.5 0.3 0.66 1.59 2.98
183.28 181.44 177.98 173.39 168.1 161.3 149.88 138.1 116.78 98.07 101.16 107.42 115.17 124.52 127.69 129.13 130.11 123.3 113.98 110.53 107.29 105.18 93.41 79.18 69.09 53.17 43.01 34.76 28.54 29.29 35.43 36.31 35.56 37.5 36.67 36.98 36 35.8 40.47 46.08 51.46 60.03 66.97 72.41 78.66 82.39 88.47 92.32 90.17 87.97 84.95 80.02 77.11 74.65 73.19 78.38 84.12 80.26 73.21 70.33 69.71 66 53.3 36.41 19.19 5.62 357.86 350.49 341.86 343.27 350.12 355.84 1.35 6.76
180.89 179.85 177.51 174.2 170.38 165.25 155.95 145.99 130.85 114.87 105.45 98.13 104.66 120.66 127.57 129.55 131.77 125.58 114.71 109.74 105.03 102.12 87.72 70.49 59.13 42.8 32.33 24.79 19.21 20.95 31.41 35.56 36.95 39.88 38.64 38.7 38.28 38.41 43.4 49.56 55.06 63.09 69.48 73.47 77.71 80.92 86.95 90.75 88.45 86.06 81.93 75.34 72.44 72.14 72.21 75.85 79.72 76.43 70.81 67.14 60.41 50.88 39.97 27.86 15.85 6.06 359.7 353.85 347.4 346.56 351.75 357.67 3.67 9.37
172.73 174.69 175.6 175.63 175.63 174.9 171.26 164.86 154.67 141.15 120.95 98.9 102.07 115.3 122.3 125.12 131.26 133.19 125.73 116.23 104.3 97.24 78.2 55.7 40.34 21.47 8.12 358.11 351.73 347.12 352.04 14.79 28.24 36.63 36.47 36.87 37.07 37.07 41.76 47.98 53.43 61.99 69.33 72.79 76.15 79.15 84.54 87.8 84.78 81.41 75.95 68.18 65.9 67.06 67.69 69.88 72.04 68.06 61.76 55.72 43.97 33.57 27.2 21 14.69 9.02 4.83 1.15 358.1 357.52 0.81 6.09 12 17.33
166.57 170.8 174.08 176.45 179.18 181.53 181.71 178.12 171.68 162.99 145.31 117.13 110.49 113.54 116.57 115.64 118.94 136.84 142.48 128.69 103.57 86.15 63.48 40.25 23.7 6.95 354.42 343.43 336.25 324.1 302.78 337.56 19.69 37.04 36.4 36.39 36.61 36.01 40.21 46.19 51.48 61.6 70.97 74.1 76.94 78.92 81.35 82.27 78.08 73.07 67.93 62.43 61.68 62.46 62.09 62.55 62.57 57.23 49.26 41.02 29.42 22.53 20.02 17.43 14.25 10.82 7.99 5.73 4.85 5.61 8.44 13.21 18.75 23.61
164.66 168.84 172.36 174.86 177.76 180.26 180.32 177.04 171.48 164.28 152.46 134.7 123.02 116.45 114.58 106.07 94.13 130.92 152.79 142.55 104.43 68.36 43.6 24.68 11.83 1.13 352.91 344.26 337.64 321.66 271.49 280.86 19.57 45.66 39.02 38.16 38.36 37.11 41.35 47.81 53.61 65.37 75.9 77.85 79.56 79.51 77.59 75.4 70.43 64.74 62.05 60.75 60.68 59.5 57.91 57.42 56.14 50.85 43.45 36.3 27 21.32 19.14 16.9 13.99 10.57 7.53 5.21 4.37 5.24 8.23 12.98 18.36 23.12
158.46 160.84 164.57 167.26 170.39 173.5 173.88 171.53 167.38 162.13 155.47 148.3 141.76 132.68 134.62 126.52 32.17 166.73 181.51 192.18 251.82 311.35 319.6 326.1 332.6 340.03 342.36 340.54 338.4 321.5 259.3 257.92 267.25 288.96 356.81 22.26 29.62 28.07 31.55 39.1 46.92 60.38 72.4 72.59 72.67 68.96 59.83 52.97 46.25 40.66 40.34 41.21 40.76 39.4 40 41.4 41.38 38.24 33.25 28.85 22.95 19.38 18.43 17.46 15.23 11.09 6.46 3.02 1.94 2.4 3.9 6.35 9.61 12.99
154.9 154.64 157.6 160.32 163.51 167.55 168.96 167.65 164.65 160.79 155.98 154.18 157.34 175.49 272.28 267.74 262.34 219.33 212.77 236.71 271.56 288.2 295.03 301.98 310.52 323.38 332.03 335.75 337.87 323.2 268.86 264.16 262.75 264.41 285.7 341.69 18.89 17.35 19.32 27.51 37.91 48.11 52.74 43.54 30.38 12.8 2.15 0.04 1.51 5.26 8.81 8.22 5.08 6.35 14.66 22.54 26.91 27.72 25.62 23.72 20.24 18.13 18.13 18.13 16.09 11.11 5.46 1.33 360 360 360 0.22 1.28 3.13
158.12 155.94 157.51 160.12 163.22 167.78 169.89 169.09 166.72 163.67 158.33 154.44 155.76 334.52 314.38 269.44 230.95 221.46 239.22 260.41 279.13 287.94 293.65 299.62 306.3 317.42 326.5 332.04 335.66 323.93 284.02 271.75 260.11 254.2 251.19 221.73 22.54 15.82 18.51 29.35 41.86 45.81 42.91 34.19 23.09 10.52 2.14 359.45 0.41 4.67 8.44 7.73 5.49 8.07 18.74 26.09 29.51 29.54 26.35 24.09 20.5 18.26 17.98 17.46 14.61 9.44 4.54 1.12 359.87 359.72 359.47 359.28 359.66 0.63
177.67 174.32 173.74 174.66 175.74 177.36 178.41 178.87 179.49 180.72 184.74 200.31 237.2 298.86 307.84 270.35 236.19 246.53 268.87 276.35 281.66 285.5 291.28 297.14 301.81 309.62 316.5 322.03 327.14 318.58 290.9 275.78 249.63 238.23 230.64 222.9 321.07 354.57 3.65 15.34 26.7 26.96 24.3 21.49 17.14 11.04 3.16 354.54 349.35 353.41 2.27 7.33 11.43 19.39 29.69 32.19 35.24 34.95 30.34 27.36 22.81 19.36 16.54 11.31 5.05 1.42 0.33 359.73 358.73 357.19 354.73 351.07 345.43 339
193.37 191.37 190.29 189.36 188.31 186.54 186.19 187.7 191.29 196.7 211.54 241.57 265.24 292.38 300.82 270.43 242.36 254.22 272.55 277.91 279.3 280.83 287.66 294.54 297.79 302.91 307.49 312.1 317.7 307.36 272.09 248.85 211.99 218.76 233.27 244.38 291.57 329.6 345.41 355.98 0.26 2.64 7.77 12.65 14.13 11.78 3.63 351.94 340.5 339.29 355.27 7.86 18.41 30.04 37.38 38.22 43.33 41.23 34.01 30.03 24.43 19.89 14.51 5.68 357.32 354.68 356.67 358.51 357.76 355.18 351.2 345.39 337.07 328.09
