testDir/InputMaps/malcataHeight_350.grass
north: 40:14:17.01N
south: 40:12:39.7468N
east: 7:02:14.5154W
west: 7:04:21.43W
rows: 350
cols: 350
[rows 192 to 223 of 350, columns 72 to 143 of 350]
832.99 832.91 832.6 832.29 830.57 828.28 826 824.49 823.02 821.53 819.91 818.3 816.62 814.86 813.1 810.91 808.54 806.16 803.11 800 796.99 794.4 791.8 789.41 787.28 785.16 783.21 781.34 779.47 778.21 777.01 775.58 772.86 770.14 767.97 766.65 765.32 764.83 764.79 764.75 766.02 767.45 768.46 766.59 764.72 762.91 761.18 759.46 757.99 756.69 755.38 755.87 756.65 757.55 759.46 761.36 763.51 766.1 768.7 771.04 773.22 775.4 777.96 780.59 783.23 786.03 788.82 791.65 794.55 797.45 800.6 803.92
832.05 831.77 831.26 830.76 828.97 826.65 824.34 823.11 821.93 820.7 819.3 817.89 816.36 814.69 813.01 810.81 808.36 805.91 802.7 799.43 796.27 793.59 790.91 788.45 786.27 784.09 782 779.96 777.91 776.74 775.65 774.21 770.85 767.5 764.83 763.2 761.57 760.75 760.39 760.02 761.34 762.88 763.99 762.22 760.45 758.84 757.48 756.12 755.04 754.14 753.23 753.93 754.89 755.99 758.26 760.53 762.87 765.37 767.86 770.22 772.49 774.76 777.52 780.38 783.24 786.09 788.95 791.87 794.91 797.95 801.22 804.67
832.16 831.62 830.82 830.02 827.92 825.3 822.69 821.25 819.87 818.5 817.2 815.89 814.56 813.18 811.81 809.84 807.59 805.34 802.14 798.88 795.66 792.68 789.7 787.06 784.88 782.71 780.28 777.74 775.19 773.97 772.88 771.41 767.85 764.29 761.66 760.43 759.21 758.53 758.17 757.81 758.59 759.53 760.12 758.46 756.79 755.31 754.15 753 752.24 751.74 751.24 752.43 753.89 755.45 757.92 760.4 762.84 765.23 767.63 770.06 772.53 775.01 777.72 780.47 783.23 785.98 788.74 791.69 795.03 798.37 802.01 805.86
832.26 831.48 830.38 829.27 826.88 823.96 821.04 819.4 817.81 816.31 815.1 813.9 812.75 811.68 810.61 808.86 806.82 804.77 801.59 798.32 795.06 791.77 788.49 785.68 783.5 781.32 778.56 775.51 772.46 771.2 770.11 768.61 764.85 761.09 758.49 757.67 756.84 756.32 755.95 755.59 755.84 756.17 756.26 754.69 753.12 751.78 750.83 749.87 749.44 749.34 749.24 750.92 752.88 754.92 757.59 760.26 762.8 765.1 767.39 769.91 772.58 775.25 777.91 780.56 783.22 785.88 788.53 791.51 795.15 798.8 802.79 807.05
832.37 831.34 829.93 828.53 825.83 822.61 819.39 817.54 815.76 814.11 813.01 811.9 810.95 810.18 809.41 807.9 806.05 804.21 801.04 797.77 794.45 790.86 787.28 784.29 782.11 779.94 776.84 773.29 769.74 768.42 767.34 765.81 761.84 757.88 755.33 754.91 754.48 754.1 753.74 753.37 753.09 752.82 752.39 750.92 749.46 748.26 747.5 746.74 746.64 746.95 747.25 749.42 751.88 754.39 757.26 760.13 762.77 764.96 767.15 769.75 772.62 775.49 778.1 780.66 783.21 785.77 788.32 791.33 795.28 799.22 803.58 808.23
830.31 829.12 827.5 825.87 823.02 819.67 816.32 814.84 813.46 812.15 811.15 810.14 809.11 808.04 806.97 805.33 803.43 801.53 798.36 795.09 791.75 788.04 784.32 781.22 778.96 776.69 773.58 770.04 766.49 765.03 763.77 762.17 758.69 755.21 752.97 752.61 752.24 751.88 751.52 751.16 750.87 750.59 750.14 748.52 746.89 745.64 745 744.36 744.6 745.39 746.18 748.78 751.66 754.59 757.92 761.25 764.3 766.82 769.34 772.03 774.85 777.67 780.25 782.79 785.33 787.87 790.41 793.37 797.19 801.01 805.2 809.66
827.87 826.53 824.71 822.88 819.9 816.45 813 812 811.12 810.23 809.33 808.42 807.27 805.8 804.33 802.49 800.49 798.49 795.31 792.05 788.68 784.87 781.05 777.85 775.49 773.12 770.04 766.6 763.16 761.52 760.06 758.38 755.5 752.63 750.75 750.39 750.03 749.66 749.3 748.94 748.74 748.56 748.17 746.35 744.53 743.18 742.64 742.1 742.7 743.99 745.28 748.29 751.58 754.92 758.75 762.59 766.1 769.02 771.94 774.74 777.46 780.18 782.75 785.29 787.83 790.37 792.91 795.8 799.42 803.04 806.96 811.12
825.43 823.94 821.92 819.89 816.78 813.23 809.67 809.16 808.77 808.31 807.51 806.71 805.43 803.55 801.68 799.65 797.55 795.45 792.26 789 785.62 781.7 777.79 774.48 772.02 769.55 766.51 763.16 759.82 758.01 756.35 754.59 752.32 750.05 748.54 748.17 747.81 747.45 747.08 746.72 746.61 746.54 746.21 744.18 742.16 740.73 740.29 739.85 740.79 742.59 744.38 747.81 751.5 755.25 759.59 763.92 767.9 771.23 774.55 777.46 780.07 782.69 785.24 787.78 790.32 792.86 795.4 798.23 801.65 805.06 808.73 812.59
823.15 821.58 819.4 817.22 814.13 810.67 807.22 807 806.92 806.7 805.85 805 803.55 801.35 799.15 796.93 794.7 792.48 789.33 786.11 782.74 778.65 774.56 771.1 768.52 765.93 762.94 759.74 756.55 754.66 752.89 751.13 749.39 747.65 746.44 746.06 745.67 745.3 744.93 744.57 744.57 744.62 744.39 742.29 740.18 738.78 738.53 738.29 739.64 741.96 744.28 748.11 752.17 756.31 761.02 765.74 770.09 773.74 777.39 780.34 782.81 785.27 787.74 790.21 792.68 795.25 797.81 800.59 803.81 807.02 810.4 813.91
821.38 819.91 817.74 815.56 812.97 810.22 807.46 806.99 806.61 806.04 804.69 803.34 801.57 799.26 796.96 794.57 792.15 789.72 786.74 783.73 780.45 775.96 771.47 767.69 764.9 762.11 759.26 756.37 753.47 751.79 750.23 748.68 747.24 745.8 744.74 744.25 743.76 743.36 742.99 742.63 742.81 743.06 743.04 741.24 739.44 738.41 738.67 738.93 740.84 743.77 746.7 750.86 755.23 759.63 764.35 769.07 773.45 777.2 780.95 783.76 785.93 788.09 790.26 792.42 794.63 797.3 799.96 802.74 805.76 808.77 811.78 814.78
819.61 818.25 816.07 813.9 811.81 809.76 807.71 806.97 806.3 805.39 803.53 801.68 799.58 797.18 794.78 792.22 789.59 786.96 784.16 781.34 778.16 773.27 768.37 764.28 761.29 758.3 755.58 752.99 750.4 748.92 747.56 746.23 745.09 743.96 743.04 742.45 741.86 741.42 741.05 740.69 741.05 741.5 741.7 740.2 738.7 738.04 738.81 739.57 742.05 745.58 749.11 753.62 758.29 762.96 767.68 772.39 776.81 780.66 784.52 787.19 789.05 790.91 792.78 794.64 796.58 799.34 802.11 804.89 807.71 810.52 813.16 815.66
817.84 816.59 814.41 812.23 810.65 809.3 807.96 806.96 805.98 804.73 802.37 800.02 797.6 795.09 792.59 789.86 787.03 784.2 781.58 778.96 775.87 770.58 765.28 760.87 757.68 754.49 751.9 749.61 747.32 746.06 744.9 743.78 742.95 742.11 741.33 740.65 739.96 739.48 739.11 738.75 739.29 739.94 740.35 739.15 737.95 737.68 738.94 740.21 743.25 747.38 751.52 756.37 761.34 766.28 771 775.72 780.17 784.12 788.08 790.61 792.17 793.73 795.3 796.86 798.53 801.39 804.26 807.04 809.66 812.27 814.53 816.53
816.52 815.4 813.47 811.55 810.09 808.81 807.53 806.43 805.34 803.81 800.5 797.2 794.23 791.69 789.15 786.32 783.35 780.39 777.7 775.03 771.95 766.96 761.96 757.8 754.79 751.78 749.28 747.04 744.8 743.49 742.27 741.13 740.41 739.68 738.95 738.23 737.5 737.09 736.86 736.62 737.24 737.96 738.54 738.08 737.63 738.01 739.78 741.55 745.04 749.59 754.13 759.14 764.22 769.25 773.83 778.42 782.69 786.37 790.04 792.39 793.84 795.29 796.8 798.31 799.95 802.98 806.01 808.91 811.51 814.11 816.23 817.98
815.47 814.48 812.96 811.44 809.87 808.29 806.71 805.6 804.51 802.74 798.22 793.71 790.08 787.54 785 782.09 779.03 775.96 773.08 770.21 767.09 762.8 758.5 754.92 752.31 749.7 747.27 744.93 742.59 741.09 739.67 738.36 737.63 736.91 736.18 735.46 734.73 734.45 734.42 734.38 735.02 735.75 736.45 737 737.56 738.76 741.03 743.3 747.17 752.01 756.86 761.91 766.99 772 776.38 780.77 784.73 787.9 791.07 793.22 794.67 796.12 797.71 799.33 801.08 804.31 807.54 810.6 813.31 816.01 818.11 819.76
814.41 813.56 812.44 811.32 809.66 807.77 805.89 804.77 803.68 801.66 795.94 790.22 785.92 783.38 780.84 777.87 774.7 771.53 768.46 765.39 762.22 758.64 755.05 752.04 749.83 747.63 745.27 742.82 740.38 738.69 737.07 735.59 734.86 734.14 733.41 732.69 731.96 731.81 731.97 732.14 732.8 733.53 734.36 735.92 737.48 739.5 742.27 745.05 749.29 754.44 759.59 764.68 769.76 774.75 778.93 783.12 786.77 789.44 792.11 794.05 795.5 796.96 798.63 800.35 802.2 805.64 809.07 812.3 815.1 817.91 819.99 821.54
813.33 812.6 811.87 811.13 809.38 807.21 805.04 803.87 802.75 800.47 793.6 786.72 781.78 779.24 776.71 773.68 770.42 767.17 763.91 760.64 757.44 754.54 751.64 749.19 747.37 745.56 743.26 740.73 738.19 736.31 734.49 732.84 732.11 731.38 730.65 729.93 729.2 729.18 729.55 729.92 730.6 731.34 732.3 734.84 737.39 740.21 743.5 746.79 751.41 756.85 762.29 767.42 772.5 777.46 781.44 785.42 788.77 790.94 793.11 794.86 796.31 797.76 799.52 801.34 803.31 806.93 810.56 813.95 816.85 819.76 821.84 823.29
811 810.24 809.21 808.17 806.62 804.85 803.09 800.59 798.05 794.81 788.74 782.67 778.27 775.93 773.6 770.91 768.05 765.2 762.06 758.9 755.78 752.88 749.97 747.49 745.57 743.65 741.46 739.12 736.79 734.74 732.72 730.87 729.93 729 728.19 727.57 726.95 727.09 727.66 728.23 729.12 730.05 731.21 733.85 736.49 739.72 743.91 748.1 753.01 758.35 763.69 768.8 773.88 778.8 782.38 785.96 788.97 790.95 792.92 794.58 796.03 797.48 799.41 801.43 803.58 807.1 810.63 813.98 816.99 819.99 822.11 823.56
808.68 807.88 806.55 805.21 803.85 802.49 801.13 797.3 793.36 789.15 783.89 778.62 774.75 772.62 770.49 768.14 765.68 763.23 760.21 757.15 754.12 751.21 748.31 745.78 743.76 741.75 739.65 737.52 735.39 733.17 730.95 728.9 727.76 726.63 725.74 725.22 724.7 725 725.77 726.54 727.64 728.77 730.11 732.85 735.6 739.22 744.32 749.42 754.61 759.85 765.09 770.19 775.27 780.14 783.32 786.5 789.18 790.95 792.72 794.3 795.75 797.2 799.3 801.52 803.84 807.27 810.69 814.02 817.12 820.23 822.39 823.84
806.35 805.52 803.89 802.25 801.09 800.13 799.17 794.01 788.66 783.49 779.03 774.57 771.24 769.31 767.38 765.36 763.32 761.27 758.37 755.41 752.45 749.55 746.65 744.08 741.96 739.84 737.84 735.91 733.98 731.6 729.18 726.93 725.59 724.26 723.29 722.86 722.44 722.91 723.89 724.86 726.15 727.48 729.02 731.86 734.7 738.73 744.73 750.74 756.21 761.35 766.48 771.57 776.65 781.49 784.26 787.04 789.39 790.96 792.53 794.02 795.48 796.93 799.19 801.62 804.11 807.44 810.76 814.05 817.26 820.46 822.67 824.12
803.91 802.95 801.06 799.16 797.94 797.01 796.07 790.25 784.21 778.6 774.69 770.78 767.82 766.05 764.28 762.48 760.66 758.85 756.06 753.2 750.35 747.57 744.8 742.29 740.16 738.02 736.07 734.21 732.36 729.8 727.18 724.72 723.19 721.65 720.65 720.45 720.26 720.97 722.18 723.4 725.01 726.67 728.51 731.54 734.57 738.87 745.32 751.77 757.35 762.38 767.42 772.46 777.5 782.27 784.81 787.35 789.54 791.07 792.61 794.19 795.81 797.43 799.75 802.21 804.72 807.82 810.91 814.04 817.22 820.4 822.67 824.25
801.3 800.09 797.99 795.89 794.26 792.82 791.38 785.83 780.09 774.76 771.05 767.34 764.54 762.87 761.2 759.43 757.61 755.8 753.1 750.34 747.63 745.16 742.68 740.39 738.36 736.32 734.34 732.38 730.43 727.68 724.86 722.2 720.46 718.72 717.76 717.97 718.18 719.22 720.74 722.26 724.35 726.51 728.83 732.16 735.49 739.91 746.15 752.4 757.84 762.78 767.71 772.65 777.59 782.27 784.81 787.35 789.61 791.35 793.08 794.99 797.01 799.03 801.25 803.5 805.79 808.49 811.19 813.97 816.95 819.94 822.29 824.17
798.69 797.22 794.92 792.62 790.58 788.64 786.69 781.41 775.97 770.92 767.41 763.91 761.26 759.69 758.12 756.38 754.57 752.75 750.15 747.49 744.91 742.74 740.57 738.5 736.56 734.63 732.61 730.55 728.5 725.56 722.53 719.67 717.73 715.8 714.87 715.48 716.09 717.48 719.29 721.11 723.68 726.35 729.14 732.77 736.41 740.94 746.99 753.03 758.33 763.17 768 772.84 777.68 782.27 784.81 787.35 789.68 791.62 793.55 795.78 798.2 800.63 802.74 804.8 806.87 809.16 811.46 813.91 816.69 819.47 821.9 824.09
796.08 794.36 791.85 789.35 786.89 784.45 782 776.98 771.85 767.08 763.77 760.47 757.98 756.51 755.04 753.33 751.52 749.7 747.19 744.63 742.2 740.33 738.45 736.6 734.76 732.93 730.88 728.72 726.57 723.43 720.21 717.15 715.01 712.87 711.98 713 714.01 715.73 717.85 719.97 723.02 726.19 729.46 733.39 737.33 741.97 747.82 753.66 758.82 763.56 768.29 773.03 777.77 782.27 784.81 787.35 789.75 791.89 794.03 796.57 799.4 802.23 804.24 806.09 807.94 809.84 811.73 813.84 816.42 819 821.52 824.01
792.93 791.19 788.82 786.44 783.89 781.27 778.65 773.98 769.23 764.79 761.61 758.42 755.86 754.09 752.31 750.4 748.42 746.44 744.01 741.56 739.2 737.3 735.41 733.54 731.73 729.92 727.81 725.55 723.29 720.19 717 714.06 712.45 710.85 710.51 712.08 713.66 715.83 718.33 720.84 724.09 727.43 730.87 734.95 739.02 743.62 749.1 754.58 759.49 764.04 768.6 772.87 777.1 781.17 783.96 786.74 789.31 791.49 793.67 796.18 798.92 801.66 803.83 805.89 807.95 810 812.06 814.25 816.71 819.17 821.77 824.47
789.66 787.96 785.79 783.61 781.05 778.32 775.6 771.32 766.97 762.87 759.79 756.7 754.02 751.84 749.66 747.48 745.31 743.13 740.78 738.42 736.13 734.13 732.14 730.22 728.4 726.59 724.41 722.05 719.7 716.68 713.59 710.84 709.94 709.04 709.36 711.54 713.72 716.37 719.27 722.18 725.56 729.01 732.55 736.72 740.9 745.41 750.49 755.57 760.2 764.55 768.9 772.63 776.25 779.82 782.91 785.99 788.76 790.94 793.11 795.51 798.05 800.58 802.97 805.33 807.69 810.05 812.41 814.77 817.13 819.49 822.16 825.06
786.39 784.73 782.76 780.78 778.2 775.38 772.56 768.66 764.71 760.95 757.97 754.98 752.18 749.6 747.02 744.58 742.2 739.82 737.55 735.29 733.06 730.97 728.87 726.89 725.08 723.26 721.02 718.56 716.1 713.17 710.18 707.63 707.43 707.23 708.21 711 713.78 716.9 720.21 723.52 727.04 730.58 734.23 738.5 742.77 747.2 751.87 756.55 760.9 765.05 769.21 772.38 775.41 778.47 781.85 785.24 788.21 790.38 792.56 794.83 797.17 799.51 802.12 804.78 807.44 810.1 812.77 815.29 817.55 819.81 822.55 825.66
782.88 781.27 779.47 777.68 775.14 772.3 769.45 765.96 762.43 759.02 756.1 753.18 750.29 747.45 744.61 741.96 739.4 736.84 734.58 732.34 730.11 727.94 725.76 723.71 721.83 719.96 717.64 715.1 712.56 709.8 707.02 704.74 705.2 705.66 707.28 710.65 714.02 717.54 721.15 724.76 728.35 731.93 735.62 739.95 744.29 748.61 752.9 757.19 761.21 765.06 768.91 771.65 774.21 776.89 780.54 784.18 787.34 789.58 791.81 794.03 796.23 798.42 801.3 804.3 807.3 810.29 813.27 816 818.22 820.44 823.17 826.3
778.45 776.88 775.19 773.49 771.2 768.66 766.12 763.11 760.09 757.06 754.04 751.02 748.21 745.67 743.13 740.5 737.84 735.18 732.63 730.09 727.62 725.44 723.26 721.09 718.91 716.73 714.32 711.78 709.24 707.02 704.85 703.15 704.12 705.08 707.21 711.08 714.95 718.58 722.09 725.6 729 732.39 735.88 740.12 744.35 748.49 752.48 756.48 759.95 763.09 766.24 768.97 771.63 774.4 778.15 781.9 785.23 787.77 790.31 792.7 795 797.3 800.61 804.12 807.61 811 814.38 817.45 819.87 822.29 824.71 827.13
774.01 772.49 770.9 769.31 767.25 765.02 762.78 760.27 757.75 755.1 751.98 748.85 746.12 743.89 741.65 739.05 736.29 733.52 730.69 727.85 725.12 722.95 720.77 718.47 715.99 713.51 710.99 708.45 705.91 704.25 702.67 701.57 703.04 704.5 707.13 711.5 715.87 719.63 723.03 726.44 729.65 732.84 736.15 740.28 744.41 748.38 752.07 755.76 758.68 761.12 763.56 766.28 769.04 771.92 775.77 779.62 783.12 785.96 788.8 791.38 793.77 796.17 799.92 803.93 807.92 811.71 815.5 818.91 821.53 824.15 826.25 827.97
769.58 768.11 766.61 765.12 763.31 761.38 759.44 757.42 755.4 753.14 749.92 746.69 744.04 742.1 740.17 737.59 734.73 731.87 728.74 725.6 722.63 720.45 718.28 715.84 713.06 710.28 707.66 705.12 702.58 701.47 700.5 699.98 701.95 703.92 707.05 711.93 716.8 720.67 723.98 727.28 730.31 733.29 736.41 740.44 744.48 748.27 751.66 755.04 757.41 759.15 760.89 763.6 766.46 769.44 773.39 777.34 781 784.15 787.29 790.05 792.55 795.05 799.24 803.75 808.23 812.42 816.61 820.36 823.18 826 827.79 828.8
764.78 763.36 761.91 760.46 758.96 757.45 755.93 754.19 752.43 750.47 747.68 744.89 742.4 740.29 738.18 735.48 732.52 729.56 726.25 722.93 719.79 717.49 715.19 712.67 709.82 706.98 704.34 701.8 699.26 698.96 698.89 699.16 701.28 703.4 706.74 711.94 717.14 721.17 724.56 727.94 730.79 733.58 736.5 740.31 744.12 747.73 750.99 754.26 756.51 758.15 759.78 762.71 765.85 769.03 772.55 776.06 779.61 783.24 786.86 789.87 792.47 795.07 799.1 803.4 807.7 811.99 816.29 820.17 823.19 826.21 827.92 828.65
759.74 758.37 756.92 755.47 754.33 753.32 752.31 750.68 749.02 747.3 745.32 743.34 741.07 738.46 735.84 732.92 729.85 726.79 723.39 719.96 716.7 714.2 711.71 709.11 706.36 703.62 701.01 698.47 695.93 696.65 697.68 698.87 700.89 702.9 706.26 711.66 717.07 721.3 724.89 728.47 731.17 733.75 736.46 739.97 743.48 746.9 750.16 753.43 755.87 757.8 759.73 763.06 766.6 770.05 772.76 775.47 778.72 782.94 787.17 790.49 793.19 795.89 799.34 802.94 806.58 810.78 814.97 818.85 822.07 825.29 827.09 827.82
