testDir/InputMaps/malcataHeight_500.grass
north: 40:14:17.01N
south: 40:12:39.7468N
east: 7:02:14.5154W
west: 7:04:21.43W
rows: 500
cols: 500
[rows 96 to 127 of 500, columns 144 to 215 of 500]
874.92 874.55 874.18 873.82 872.94 871.98 871.02 870.06 869.36 868.69 868.01 867.33 866.41 865.48 864.55 863.61 862.54 861.46 860.39 859.42 859.22 859.02 858.83 858.64 858.5 858.35 858.21 858.38 859.54 860.7 861.86 862.37 861.41 860.45 859.48 860.21 863.85 867.5 871.14 873.73 874.91 876.1 877.28 878.04 878.35 878.66 878.97 879.32 879.72 880.12 880.51 880.44 880.07 879.7 879.34 879.07 878.84 878.62 878.39 877.9 877.3 876.71 876.11 874.98 873.7 872.43 871.17 870.04 868.94 867.84 866.74 865.95
876.78 876.31 875.85 875.38 874.53 873.62 872.71 871.8 870.97 870.15 869.32 868.5 867.42 866.35 865.27 864.19 863.07 861.94 860.82 859.81 859.66 859.52 859.37 859.24 859.19 859.15 859.11 859.33 860.39 861.45 862.51 863.1 862.63 862.16 861.69 862.51 865.57 868.62 871.67 873.99 875.32 876.65 877.98 878.84 879.2 879.56 879.92 880.24 880.54 880.83 881.13 880.96 880.49 880.03 879.56 879.13 878.71 878.28 877.86 877.42 876.98 876.53 876.09 874.98 873.7 872.43 871.17 870.17 869.22 868.26 867.31 866.53
878.64 878.08 877.51 876.95 876.13 875.27 874.41 873.55 872.58 871.61 870.64 869.67 868.44 867.22 865.99 864.77 863.6 862.43 861.26 860.21 860.11 860.01 859.91 859.84 859.89 859.95 860 860.28 861.24 862.2 863.16 863.83 863.86 863.88 863.9 864.82 867.28 869.74 872.2 874.24 875.72 877.2 878.68 879.64 880.05 880.45 880.86 881.16 881.35 881.55 881.75 881.48 880.92 880.35 879.79 879.19 878.57 877.95 877.33 876.95 876.65 876.36 876.06 874.98 873.7 872.43 871.17 870.3 869.49 868.69 867.88 867.12
880.5 879.84 879.18 878.52 877.72 876.91 876.1 875.29 874.19 873.07 871.95 870.83 869.46 868.09 866.71 865.35 864.13 862.91 861.69 860.6 860.55 860.5 860.45 860.44 860.59 860.74 860.9 861.22 862.08 862.95 863.81 864.57 865.08 865.6 866.11 867.12 868.99 870.86 872.74 874.5 876.13 877.76 879.39 880.44 880.9 881.35 881.81 882.07 882.17 882.27 882.37 882 881.34 880.68 880.01 879.25 878.43 877.62 876.8 876.48 876.33 876.18 876.03 874.98 873.7 872.43 871.17 870.43 869.77 869.11 868.45 867.7
882.36 881.6 880.84 880.08 879.32 878.56 877.79 877.03 875.8 874.53 873.26 872 870.48 868.96 867.43 865.93 864.66 863.39 862.12 860.99 860.99 860.99 860.99 861.04 861.29 861.54 861.79 862.17 862.93 863.7 864.46 865.3 866.31 867.31 868.32 869.43 870.71 871.99 873.27 874.76 876.53 878.31 880.09 881.24 881.74 882.25 882.76 882.99 882.99 882.99 882.99 882.52 881.76 881 880.24 879.31 878.29 877.28 876.27 876.01 876.01 876 876 874.98 873.7 872.43 871.17 870.56 870.05 869.54 869.03 868.28
883.61 882.95 882.28 881.62 880.87 880.11 879.35 878.59 877.31 875.99 874.67 873.35 871.97 870.6 869.22 867.86 866.93 866 865.07 864.25 864.3 864.35 864.4 864.49 864.79 865.1 865.4 865.77 866.33 866.9 867.47 868.11 868.94 869.76 870.58 871.57 872.84 874.11 875.38 876.82 878.5 880.18 881.87 882.9 883.26 883.62 883.98 884.04 883.84 883.65 883.46 882.79 881.83 880.88 879.92 878.89 877.83 876.76 875.7 875.43 875.43 875.43 875.43 874.56 873.48 872.41 871.33 870.5 869.7 868.9 868.1 867.38
884.86 884.29 883.72 883.16 882.42 881.66 880.9 880.14 878.81 877.45 876.08 874.71 873.48 872.25 871.02 869.82 869.23 868.65 868.06 867.56 867.65 867.75 867.85 867.99 868.34 868.7 869.05 869.4 869.77 870.15 870.52 870.96 871.59 872.21 872.84 873.7 874.97 876.24 877.51 878.91 880.5 882.08 883.66 884.57 884.79 885 885.21 885.09 884.7 884.31 883.92 883.06 881.9 880.75 879.6 878.47 877.36 876.24 875.13 874.84 874.84 874.84 874.84 874.14 873.26 872.38 871.5 870.43 869.34 868.24 867.15 866.46
886.1 885.63 885.16 884.7 883.98 883.21 882.45 881.69 880.32 878.9 877.49 876.07 874.98 873.9 872.82 871.78 871.54 871.3 871.06 870.86 871.01 871.15 871.3 871.49 871.89 872.3 872.7 873.04 873.22 873.39 873.56 873.81 874.24 874.67 875.1 875.83 877.1 878.37 879.64 881.01 882.49 883.97 885.46 886.24 886.31 886.38 886.44 886.15 885.56 884.97 884.38 883.32 881.97 880.62 879.27 878.05 876.89 875.72 874.56 874.26 874.26 874.26 874.26 873.71 873.03 872.35 871.67 870.37 868.98 867.59 866.2 865.53
887.34 886.97 886.6 886.23 885.53 884.76 884 883.24 881.83 880.36 878.89 877.43 876.49 875.55 874.62 873.74 873.84 873.94 874.05 874.16 874.36 874.56 874.75 874.99 875.44 875.89 876.34 876.68 876.66 876.63 876.61 876.66 876.9 877.13 877.36 877.97 879.24 880.51 881.78 883.1 884.48 885.87 887.25 887.92 887.84 887.76 887.67 887.2 886.42 885.63 884.85 883.59 882.04 880.49 878.95 877.63 876.42 875.2 873.99 873.68 873.68 873.68 873.68 873.29 872.81 872.32 871.84 870.31 868.62 866.93 865.25 864.61
888.59 888.31 888.04 887.77 887.08 886.32 885.55 884.79 883.33 881.82 880.3 878.79 877.99 877.2 876.42 875.69 876.14 876.59 877.04 877.47 877.71 877.96 878.2 878.49 878.99 879.49 879.99 880.32 880.1 879.88 879.66 879.52 879.55 879.58 879.62 880.1 881.37 882.64 883.91 885.19 886.48 887.76 889.05 889.59 889.36 889.13 888.9 888.26 887.27 886.29 885.31 883.86 882.11 880.37 878.62 877.21 875.95 874.68 873.42 873.1 873.1 873.1 873.1 872.87 872.58 872.29 872 870.24 868.26 866.28 864.3 863.68
889.57 889.27 888.98 888.68 888.06 887.38 886.7 886.02 884.78 883.5 882.23 880.95 880.3 879.66 879.02 878.44 878.86 879.29 879.72 880.11 880.28 880.46 880.63 880.84 881.22 881.61 882 882.25 882.07 881.9 881.73 881.63 881.72 881.8 881.88 882.4 883.67 884.94 886.21 887.44 888.63 889.82 891.01 891.42 891.05 890.67 890.29 889.45 888.23 887.01 885.79 884.2 882.38 880.56 878.74 877.24 875.89 874.54 873.18 872.75 872.63 872.5 872.38 872.15 871.9 871.64 871.39 869.62 867.63 865.64 863.65 863
890.5 890.16 889.81 889.47 888.92 888.34 887.76 887.17 886.22 885.24 884.25 883.27 882.77 882.28 881.79 881.34 881.67 882 882.32 882.62 882.7 882.77 882.84 882.95 883.18 883.42 883.66 883.82 883.75 883.67 883.6 883.6 883.79 883.97 884.15 884.73 886 887.27 888.54 889.73 890.82 891.91 893 893.29 892.77 892.24 891.72 890.67 889.2 887.74 886.27 884.56 882.69 880.82 878.95 877.37 875.92 874.47 873.02 872.44 872.17 871.9 871.63 871.37 871.12 870.87 870.61 868.89 866.95 865.01 863.06 862.38
891.43 891.04 890.64 890.25 889.78 889.3 888.81 888.33 887.66 886.97 886.28 885.6 885.25 884.9 884.56 884.25 884.48 884.7 884.93 885.13 885.11 885.08 885.06 885.05 885.14 885.23 885.32 885.4 885.42 885.45 885.47 885.57 885.85 886.13 886.41 887.05 888.32 889.59 890.86 892.01 893 894 894.99 895.16 894.49 893.81 893.14 891.89 890.18 888.47 886.75 884.91 883 881.08 879.16 877.49 875.95 874.4 872.85 872.14 871.72 871.3 870.88 870.6 870.35 870.09 869.84 868.16 866.26 864.37 862.48 861.75
892.36 891.92 891.48 891.03 890.64 890.26 889.87 889.49 889.1 888.7 888.31 887.92 887.72 887.53 887.33 887.15 887.28 887.41 887.54 887.64 887.52 887.4 887.27 887.16 887.1 887.05 886.99 886.97 887.1 887.22 887.34 887.54 887.92 888.3 888.68 889.38 890.65 891.92 893.19 894.3 895.19 896.08 896.98 897.03 896.21 895.39 894.57 893.11 891.15 889.19 887.23 885.27 883.3 881.34 879.37 877.62 875.97 874.33 872.68 871.84 871.27 870.7 870.14 869.82 869.57 869.32 869.06 867.42 865.58 863.74 861.89 861.12
893.29 892.8 892.31 891.82 891.5 891.22 890.93 890.64 890.53 890.44 890.34 890.25 890.2 890.15 890.1 890.06 890.09 890.12 890.15 890.16 889.93 889.71 889.49 889.27 889.06 888.86 888.65 888.55 888.77 888.99 889.22 889.51 889.99 890.47 890.94 891.71 892.98 894.25 895.52 896.58 897.38 898.17 898.97 898.89 897.93 896.96 895.99 894.33 892.13 889.92 887.72 885.63 883.61 881.6 879.58 877.75 876 874.26 872.51 871.53 870.82 870.1 869.39 869.05 868.79 868.54 868.28 866.69 864.9 863.1 861.31 860.49
894.25 893.74 893.23 892.73 892.52 892.37 892.21 892.06 892.08 892.11 892.15 892.18 892.15 892.11 892.08 892.05 892.12 892.18 892.25 892.29 892.1 891.91 891.73 891.52 891.23 890.95 890.66 890.5 890.76 891.01 891.26 891.61 892.15 892.69 893.23 893.98 895.08 896.18 897.29 898.19 898.82 899.44 900.07 899.86 898.78 897.7 896.61 894.86 892.58 890.29 888 885.92 883.95 881.99 880.02 878.14 876.29 874.45 872.6 871.46 870.57 869.67 868.78 868.32 867.97 867.61 867.26 865.84 864.26 862.68 861.11 860.01
895.22 894.71 894.2 893.7 893.62 893.61 893.61 893.6 893.68 893.76 893.84 893.92 893.84 893.76 893.68 893.61 893.77 893.94 894.1 894.24 894.15 894.06 893.97 893.84 893.5 893.17 892.83 892.64 892.89 893.14 893.4 893.75 894.34 894.94 895.53 896.21 897.07 897.93 898.79 899.46 899.89 900.32 900.76 900.39 899.21 898.03 896.85 895.06 892.77 890.48 888.2 886.17 884.3 882.44 880.57 878.65 876.71 874.77 872.82 871.51 870.42 869.33 868.24 867.62 867.12 866.62 866.12 864.93 863.65 862.37 861.09 859.6
896.19 895.68 895.17 894.66 894.72 894.86 895 895.14 895.27 895.41 895.54 895.67 895.54 895.41 895.28 895.17 895.43 895.69 895.96 896.19 896.2 896.21 896.22 896.16 895.77 895.39 895 894.77 895.02 895.28 895.53 895.9 896.54 897.18 897.82 898.45 899.06 899.67 900.28 900.73 900.97 901.2 901.44 900.93 899.65 898.37 897.09 895.25 892.96 890.68 888.39 886.43 884.66 882.89 881.12 879.17 877.12 875.08 873.04 871.56 870.27 868.98 867.69 866.92 866.27 865.62 864.97 864.03 863.04 862.05 861.07 859.18
897.16 896.65 896.14 895.63 895.81 896.1 896.39 896.68 896.87 897.05 897.23 897.41 897.24 897.06 896.88 896.72 897.08 897.45 897.81 898.14 898.25 898.36 898.47 898.48 898.04 897.61 897.17 896.9 897.16 897.41 897.67 898.05 898.74 899.43 900.12 900.69 901.05 901.42 901.78 902.01 902.04 902.08 902.12 901.46 900.08 898.7 897.33 895.44 893.16 890.87 888.59 886.68 885.01 883.34 881.67 879.68 877.54 875.4 873.26 871.61 870.12 868.63 867.15 866.22 865.42 864.62 863.83 863.12 862.43 861.74 861.05 858.77
898.13 897.62 897.11 896.61 896.91 897.35 897.79 898.22 898.47 898.7 898.93 899.16 898.94 898.7 898.47 898.28 898.74 899.2 899.66 900.09 900.3 900.51 900.71 900.8 900.31 899.83 899.35 899.04 899.29 899.55 899.8 900.2 900.94 901.68 902.42 902.93 903.05 903.16 903.28 903.28 903.12 902.96 902.8 901.99 900.52 899.04 897.56 895.64 893.35 891.07 888.78 886.94 885.36 883.79 882.22 880.2 877.96 875.72 873.48 871.65 869.97 868.29 866.6 865.52 864.57 863.63 862.68 862.21 861.82 861.42 861.03 858.35
898.98 898.57 898.17 897.76 898.17 898.7 899.23 899.77 900.02 900.25 900.48 900.7 900.43 900.15 899.87 899.63 900.06 900.49 900.92 901.33 901.61 901.89 902.17 902.32 901.87 901.41 900.95 900.68 900.98 901.29 901.6 902.03 902.77 903.5 904.24 904.69 904.64 904.59 904.53 904.33 903.92 903.51 903.11 902.12 900.55 898.97 897.4 895.5 893.34 891.18 889.03 887.28 885.78 884.28 882.78 880.71 878.37 876.04 873.7 871.68 869.78 867.87 865.96 864.8 863.81 862.82 861.83 861.43 861.13 860.82 860.52 857.82
899.72 899.51 899.3 899.09 899.57 900.15 900.73 901.32 901.53 901.7 901.88 902.06 901.74 901.41 901.08 900.78 901.07 901.35 901.63 901.92 902.25 902.58 902.91 903.12 902.76 902.4 902.04 901.87 902.27 902.67 903.08 903.57 904.26 904.94 905.63 906.01 905.86 905.71 905.56 905.17 904.47 903.77 903.06 901.88 900.21 898.53 896.86 895.05 893.14 891.23 889.32 887.69 886.25 884.8 883.35 881.23 878.79 876.35 873.92 871.69 869.54 867.39 865.24 864.06 863.12 862.18 861.24 860.76 860.36 859.96 859.55 857.17
900.46 900.45 900.44 900.42 900.97 901.6 902.23 902.86 903.03 903.16 903.29 903.42 903.05 902.67 902.29 901.94 902.08 902.21 902.35 902.51 902.89 903.27 903.64 903.91 903.65 903.39 903.13 903.05 903.56 904.06 904.56 905.11 905.74 906.38 907.02 907.33 907.08 906.84 906.59 906.02 905.02 904.02 903.02 901.64 899.87 898.09 896.32 894.61 892.94 891.28 889.61 888.11 886.71 885.31 883.91 881.74 879.21 876.67 874.14 871.7 869.3 866.91 864.51 863.32 862.43 861.54 860.65 860.1 859.59 859.09 858.59 856.52
901.2 901.38 901.57 901.76 902.37 903.05 903.73 904.41 904.54 904.62 904.7 904.78 904.36 903.93 903.5 903.1 903.08 903.07 903.06 903.1 903.53 903.95 904.38 904.7 904.54 904.38 904.22 904.24 904.84 905.44 906.05 906.64 907.23 907.82 908.41 908.65 908.31 907.96 907.61 906.86 905.56 904.27 902.97 901.4 899.53 897.65 895.78 894.16 892.74 891.33 889.91 888.53 887.18 885.83 884.48 882.26 879.62 876.99 874.36 871.71 869.07 866.42 863.78 862.59 861.75 860.9 860.06 859.43 858.83 858.23 857.63 855.87
901.94 902.32 902.7 903.09 903.77 904.5 905.23 905.96 906.04 906.08 906.11 906.14 905.67 905.19 904.71 904.25 904.09 903.93 903.77 903.69 904.16 904.64 905.12 905.5 905.43 905.37 905.31 905.43 906.13 906.83 907.53 908.18 908.72 909.26 909.8 909.98 909.53 909.08 908.64 907.7 906.11 904.52 902.93 901.15 899.18 897.21 895.25 893.72 892.55 891.37 890.2 888.95 887.65 886.35 885.05 882.77 880.04 877.31 874.58 871.73 868.83 865.94 863.05 861.85 861.06 860.27 859.47 858.76 858.06 857.36 856.66 855.23
902.76 903.27 903.78 904.29 905 905.74 906.48 907.23 907.27 907.25 907.23 907.21 906.73 906.24 905.75 905.27 905.02 904.76 904.51 904.34 904.83 905.32 905.81 906.22 906.23 906.25 906.27 906.46 907.18 907.91 908.64 909.29 909.76 910.23 910.7 910.79 910.21 909.63 909.05 907.97 906.23 904.48 902.74 900.87 898.85 896.84 894.82 893.36 892.35 891.33 890.32 889.13 887.84 886.56 885.27 882.93 880.1 877.27 874.44 871.47 868.46 865.45 862.44 861.26 860.51 859.77 859.03 858.25 857.47 856.69 855.91 854.69
903.73 904.24 904.75 905.25 905.92 906.62 907.31 908.01 908 907.93 907.86 907.8 907.36 906.92 906.48 906.05 905.79 905.54 905.28 905.11 905.55 905.99 906.43 906.81 906.87 906.94 907.01 907.21 907.84 908.47 909.09 909.64 910.02 910.39 910.76 910.72 909.94 909.16 908.38 907.23 905.59 903.95 902.3 900.5 898.54 896.57 894.61 893.17 892.16 891.14 890.12 888.91 887.57 886.23 884.9 882.48 879.55 876.62 873.69 870.77 867.86 864.95 862.03 860.91 860.21 859.52 858.83 858.01 857.18 856.35 855.53 854.35
904.7 905.21 905.72 906.22 906.85 907.5 908.14 908.79 908.73 908.61 908.49 908.38 907.99 907.6 907.21 906.82 906.57 906.31 906.06 905.88 906.27 906.66 907.05 907.4 907.51 907.63 907.75 907.96 908.49 909.02 909.55 910 910.28 910.55 910.83 910.64 909.67 908.69 907.72 906.5 904.96 903.41 901.87 900.14 898.22 896.31 894.39 892.98 891.96 890.95 889.93 888.68 887.3 885.91 884.52 882.02 878.99 875.97 872.94 870.07 867.25 864.44 861.63 860.56 859.92 859.27 858.62 857.78 856.9 856.02 855.14 854.01
905.67 906.18 906.69 907.2 907.78 908.38 908.97 909.57 909.46 909.29 909.13 908.96 908.62 908.28 907.94 907.6 907.35 907.09 906.84 906.65 906.99 907.34 907.68 907.99 908.15 908.32 908.49 908.72 909.15 909.58 910.01 910.36 910.54 910.71 910.89 910.57 909.4 908.23 907.06 905.77 904.32 902.87 901.43 899.78 897.91 896.04 894.18 892.78 891.77 890.75 889.73 888.46 887.02 885.59 884.15 881.57 878.44 875.31 872.19 869.37 866.65 863.93 861.22 860.21 859.62 859.02 858.42 857.54 856.61 855.68 854.76 853.66
906.64 907.15 907.66 908.17 908.71 909.25 909.8 910.35 910.19 909.97 909.76 909.54 909.25 908.96 908.67 908.38 908.12 907.87 907.61 907.42 907.71 908.01 908.3 908.58 908.79 909.01 909.22 909.47 909.8 910.13 910.46 910.72 910.8 910.87 910.95 910.5 909.13 907.76 906.39 905.03 903.69 902.34 900.99 899.41 897.6 895.78 893.96 892.59 891.57 890.56 889.54 888.24 886.75 885.26 883.78 881.11 877.89 874.66 871.44 868.66 866.05 863.43 860.81 859.86 859.32 858.77 858.22 857.3 856.33 855.35 854.37 853.32
907.68 908.16 908.65 909.14 909.64 910.15 910.66 911.17 910.98 910.74 910.49 910.25 909.99 909.74 909.49 909.23 908.96 908.68 908.41 908.19 908.4 908.61 908.83 909.04 909.29 909.53 909.77 910.02 910.29 910.55 910.82 910.99 910.97 910.95 910.93 910.38 908.91 907.44 905.96 904.58 903.31 902.04 900.77 899.26 897.5 895.74 893.99 892.65 891.66 890.66 889.67 888.3 886.7 885.11 883.51 880.71 877.34 873.98 870.61 867.86 865.31 862.76 860.21 859.29 858.76 858.23 857.7 856.74 855.71 854.69 853.66 852.64
908.96 909.34 909.73 910.12 910.61 911.12 911.63 912.14 912 911.8 911.61 911.41 911.16 910.9 910.65 910.39 910.02 909.64 909.27 908.94 908.96 908.97 908.99 909.03 909.23 909.42 909.62 909.84 910.15 910.47 910.78 910.96 910.84 910.73 910.61 910.08 908.86 907.63 906.4 905.16 903.89 902.62 901.35 899.89 898.23 896.57 894.91 893.68 892.78 891.88 890.99 889.44 887.5 885.56 883.62 880.51 876.85 873.19 869.53 866.66 864.06 861.46 858.86 857.85 857.22 856.59 855.97 854.95 853.87 852.8 851.72 850.7
