testDir/InputMaps/malcataAspect_300.grass
north: 40:14:17.01N
south: 40:12:39.7468N
east: 7:02:14.5154W
west: 7:04:21.43W
rows: 300
cols: 300
[rows 33 to 65 of 300, columns 222 to 295 of 300]
240.23 236.02 237.33 268.06 300.18 298.36 278.91 275.15 315.54 336.26 331.87 305.61 300.34 307.91 310.43 307.03 303.9 304.64 309.26 309.14 283.88 259.1 253.42 250.18 256.16 262.44 261.3 250.5 244.02 242.62 241.17 254.69 281.88 297.03 312.27 325.67 313.35 268.91 262.15 261.85 260.66 254.51 247.75 255.18 269.28 281.07 298.53 305.8 293.94 280.85 290.75 307.77 323.75 341.55 354.81 4.99 15.67 18.87 21.37 26.2 28.29 23.76 14.57 5.77 358.82 349.04 315.76 200.65 208.66 206.8 198.34 193.89 191.47 190.93
244.92 245.54 248.55 270.13 292.19 289.8 273.17 270.91 309.9 332.67 333.43 321.05 312.33 312.49 312.49 309.16 306.08 302.76 301.11 299.55 280.97 264.32 261.26 259.46 260.23 259.72 256.95 249.77 245.61 244.11 242.58 254.94 279.53 293.24 306.57 319.73 311.64 283.31 272.28 263.6 258.35 250.15 241.56 251.33 270.73 283.71 300.54 307.36 292.8 275.65 282.5 295.7 312.25 336.3 353.57 5.93 17.2 21.17 24.75 29.39 27.48 20.75 12.72 5.06 358.95 349.07 297.93 216.14 226.64 209.75 197.41 193.08 191.21 190.94
248.25 253.63 257.92 270.86 285.91 284.66 269.69 270.8 309.55 327.45 329.73 327.1 322.18 321.04 321.5 320.49 320.14 316.15 308.51 303.59 285.67 271.13 268.58 266.76 261.58 253.56 248.84 244.9 243.7 244 244.79 257.25 277.49 288.03 297.47 306.96 302.01 289.28 279.4 265.68 258.22 249.58 241.98 252.25 269.65 281.62 299.89 311.44 297.26 272.32 278.14 288.88 303.42 329.02 346.73 354.44 351.55 347.33 354.15 8.35 14.32 15.03 13.66 8.82 4.42 357.69 297.33 245.89 233.63 196.78 191.02 192.61 194.8 195.79
253.12 260.87 265.64 267.05 268.12 269.41 274.34 286.27 316.33 325.51 326.5 328.3 327.64 328.39 331.6 335.34 342.45 348.81 347.22 336.19 311.09 289.48 279.45 273.17 260.59 243.15 237.28 238.92 242.63 247.51 252.41 263.22 277.25 284.23 290.59 296.67 293.11 286.75 280.67 268.79 261.95 252.49 245.35 253.56 265.28 273.88 291.44 309.49 302.06 270.25 278.2 289.8 301.3 322.45 337.37 342.08 333.93 320.35 313.02 327.37 356.59 10.98 15.83 12.18 8.94 4.67 322.52 250.29 186.22 176.19 184.34 193.49 199.24 200.74
261.5 268.63 272.65 260.07 240.49 239.98 288.38 306.61 322.19 327.69 327.88 329.26 328.05 327.24 329.73 332.97 340.82 350.92 352.03 343.21 325.27 307.01 289.64 277.25 261.62 240.45 235.2 242.42 249.98 258.61 265.67 271.16 278.32 282.32 287.1 291.84 288.43 282.67 279.07 272.52 267.67 255.76 246.97 252.28 259.08 263.9 275.8 289.57 285.54 270 278.26 289.97 299.43 317.19 332.22 342.9 338.95 323.29 300.92 302.79 352.87 13.86 16.95 11.55 8.25 3.94 339.02 235.47 181.52 174.48 184.74 196.15 200.7 201.04
268.7 273.84 277.14 253.98 227.89 235.09 288.9 308.61 320.28 326.04 327.2 329.05 327.51 324.42 323.84 321.84 321.51 329.07 333.29 332.53 325.81 316.56 298.8 282.13 264.63 243.32 240.98 250.78 258.04 267.2 275.81 278.24 281.88 284.52 289.13 293.03 287.98 280.93 278.76 276.36 273 257.71 246.52 249.61 252.87 255.2 261.79 266.87 266.57 266.65 272.81 283.93 293.45 309.18 321.16 339.17 340.83 326.65 290.26 271.48 314.26 345.47 359.22 359.08 354.96 341.82 313.59 252.04 207.7 193.15 192.5 197.29 198.27 199.16
270.69 274.18 276.93 249.73 225.23 238.88 287.87 306.41 316.69 323.09 325.56 328.25 326.83 322.27 318.96 312.11 304.7 308.24 313.64 319.19 322.02 320.43 306.14 289.04 271.38 251.34 249.85 256.52 260.39 267.26 275.97 280.99 288.24 292.76 299.07 302.09 293.05 282.86 280.75 280.04 277.32 259 245.5 247.06 248.21 249.77 254.53 257.37 258.62 260.09 263.98 273.71 283.76 301.81 312.33 335.1 341 329.17 288.06 265.67 287.75 306.3 336.42 345.76 341.84 326.08 303.84 256.57 220.1 209.05 200.64 196.04 194.51 197.53
270.52 272.47 274.06 246.63 223.51 239.03 291.37 309.28 317.16 322.63 325.29 328.12 326.72 321.96 318.19 309.92 300.61 302.12 305.22 312.55 320.94 322.61 310.85 296.08 280.33 261.33 257.62 258.69 258.7 262.09 266.21 273.11 287.39 295.69 304.4 308.02 297.58 285.82 283.38 282.79 280.1 261.18 246.94 247.03 246.26 246.95 250.36 252.04 251.74 250.76 253.36 262.38 272.91 297.23 311.11 335.58 342.04 331.38 292.14 267.79 282.49 295.49 332.39 344.09 340.72 327.1 308.02 254.39 216.08 207.48 200.1 195.35 194.74 199
268.47 269.08 269.56 240.66 219.64 239.02 296.15 311.53 316.12 320.13 322.89 326.05 325.03 320.4 316.29 306.77 295.83 293.36 290.81 293.38 300.95 305.47 300 292.3 282.26 270.18 265.42 261.74 258.74 259.83 261.18 267 278.64 285.61 293.98 300.68 294.52 285.26 284.07 284.68 282.86 260.23 242.82 241.79 239.58 239.81 241.94 241.95 240.9 240.34 244.87 255.27 266.04 289.2 301.49 326.96 338.53 331.67 297.1 270.38 281.56 290.23 329.03 340.53 335.81 322.85 307.88 252.64 215.88 210 201.24 192.34 187.66 188.3
262.63 261.53 259.93 232.27 216.31 242.42 302.66 314.05 314.96 317.06 319.71 323.08 322.65 318.63 314.58 305.46 295.21 290.53 285.95 285.56 288.63 291.54 293.07 291.93 282.93 272.21 267.26 262.27 258.22 259.87 262.23 266.79 274.6 278.95 283.53 288.73 285.53 278.89 278.67 280.51 280.28 251.27 230.34 229.37 227.35 227.93 227.75 224.51 226.12 233.21 243.08 255.95 267.14 287.2 296.65 316.67 332.1 329.34 299.49 272.67 285.35 292.19 327.11 337.02 330.48 316.11 302.55 251.72 219.2 213.38 201.26 188.22 177.43 170.89
254.36 251.56 247.6 228.2 217.91 250.5 310.08 318.32 316.23 316.33 318.61 321.67 321.65 318.61 315.31 308.27 300.14 294.47 288.91 286.54 285.55 285.92 294.1 298.18 286.93 272.76 266.24 260.17 255.24 258.78 263.49 267.34 273.43 276.3 277.15 278.59 275.33 269.15 267.53 266.85 263.71 241.29 227.44 226.62 224.89 224.65 221.11 215.55 221.47 237.68 248.57 260.44 271.38 291.33 299.98 313.34 327.39 325.45 297.06 274.27 291.31 299 329.52 337.97 330.79 313.59 296.85 250.11 221.06 211.92 197.94 186.17 175.68 167.74
243.7 240.44 236.36 231.38 234.85 266.28 305.03 316.04 316.9 317.58 319.85 322.92 323.8 322.59 321.22 317.25 311.13 304 296.9 293.03 288.56 286 298.9 307.47 295.09 275.47 266.27 258.1 252.14 257.34 263.75 266.78 271.54 273.5 271.37 269.24 265.57 260.2 258.11 256.27 253.24 244.04 236.29 229.91 221.68 215.62 210.55 209.32 222.43 244.36 251.83 261.16 275.82 304.55 311.69 315.85 324.1 319.36 292.05 277.54 289.87 295.18 320.73 333.78 329.72 312.3 291.82 238.43 208.08 196.1 185.65 178.5 172.79 171.02
230.78 229.43 227.99 246.01 265.25 278.17 294.66 305.98 314.38 319.24 321.83 325.29 327.41 328.46 330.08 330.43 326.82 318.28 309.42 306.5 301.97 296.1 305.33 315.45 307.74 286.24 272.76 259.07 250.91 256.09 261.82 263.18 265.22 265.4 261.88 258.15 256.49 255.83 255.77 255.11 253.99 247.34 238.91 227.3 210.17 196.04 193.18 204.88 226.09 244.88 246.08 247.35 276.93 331.8 330.63 323.16 322.89 315.49 294 284.36 290.79 293.25 309.89 325.33 324.87 306.79 276.9 206.41 181.75 173.67 171.42 169.02 167.45 174.88
225.52 225.52 225.52 272.68 296.07 289.28 287.52 292.54 308.59 318.99 321.45 324.8 327.36 329.24 332.32 335.88 334.41 325.15 313.66 313.52 315.31 309.75 308.63 314.21 313.5 301.75 286.41 263.98 251.57 254.97 258.22 257.26 254.87 251.5 249.64 248.79 252.2 258.83 259.55 257.98 256.11 245.11 232.69 219.25 201.29 188 186.65 212.42 233.3 240.59 235.79 224.98 253.31 345.18 340.68 328.86 322.96 316.87 302.72 294.81 297.71 298.31 307 319.19 318.25 291.67 243.43 191.13 174.53 167.99 167.36 165.78 163.49 175.34
236.73 237.13 237.7 290.32 314.52 301.54 284.05 279.92 302.69 318.64 322.02 326.08 329.43 331.53 334.03 339.18 340.89 334.19 320.69 320.12 326.11 323.37 315.42 313.02 316.71 314.66 301.28 269.28 249.71 251.01 251.73 248.89 243.91 240.52 244.16 249.15 255.84 264.55 264.26 260.62 256.64 239.85 223.85 212.13 200.39 195.71 205.45 238.75 237.95 232.79 228.74 224.73 257.5 332.92 337.65 328.23 320.07 316.01 308.68 303.69 305.53 306.19 309.86 318.23 315.32 272.09 218.13 189.73 179.98 175.69 174.58 173.6 171.69 178.69
247.71 248.71 249.77 289.65 319.16 312.23 285.14 273.1 298.78 317.79 324.04 330.7 336.35 339.34 340.01 344.4 350.05 351.32 343.98 337 338.67 337.8 329.7 320.98 324.2 326.08 316.19 274.18 241.94 240.81 238.69 235.71 233.83 236.35 247.1 256.13 261.06 265.99 264.45 259.09 252.94 232.82 215.72 207.94 204.17 208.46 225.88 245.19 231.82 222.33 228.37 242.8 273.9 318.02 329.7 324.17 316.21 313.07 309.69 307.59 310.03 312.65 315.07 321.69 318.13 245.89 202.61 190.66 187.92 187.72 187.18 188.33 191.94 188.81
250.81 252.6 254.19 286 316.2 313.95 287.92 274.29 295.34 312.99 321.58 330.84 338.96 343.45 343.41 346.18 353.77 359.56 356.2 346.64 344.41 343.9 337.89 328.32 329.46 331.68 323.92 277.36 235.1 231.98 227.81 227.43 232.72 240.88 254.58 263.91 264.38 264.29 261.03 253.59 245.51 225.77 210.21 205.93 207.46 214.64 226.94 231.02 220.42 217.37 238.72 271.97 290.36 315.21 325.8 322.63 316.45 313.58 311.18 309.64 310.93 313.64 314.81 319.35 313.73 223.97 197.26 191.57 191.87 193.2 192.76 194.38 197.66 189.04
249.55 253.77 257.98 282.68 307.71 305.97 286.94 277.26 289.79 303.34 314.56 325.96 335.08 342.24 344.96 347.26 351.86 355.12 353.24 348.95 347.24 345.28 338.27 328.03 327.84 330.75 325.03 278.43 233.59 230.5 226.39 229.07 239.52 249.05 261.69 270.33 265.91 260.64 254.95 244.3 234.2 217.02 205.76 205.64 210.9 217.56 224.56 224.98 227.43 237.97 262.52 290.99 301.31 316.17 322.87 319.16 315.2 315.08 314.71 313.65 313.16 314.67 313.37 312.32 297.37 224.67 204.5 198.48 198.25 198.47 196.88 198.37 201.72 197.31
243.61 255.31 266.99 281.5 296.81 295.34 283.5 277.33 281.37 287.85 304.82 321.47 329.42 338.91 347.1 351.39 349.61 345.94 346.2 350.51 351.66 347.8 338.5 326.53 323.08 325.77 323.12 278.79 233.85 231.45 227.96 232.84 245.35 254.09 264 272.11 264.02 254 244.59 229.05 217.25 205.89 201.9 207.19 215.69 221.59 227.43 231.19 243.06 257.11 270.77 288.63 300.69 315.77 319.83 312.41 307.78 313.15 318.43 320 319.27 320.9 319.41 312.78 288.62 234.33 218.36 212.3 211.16 208.88 205.07 206.42 210.87 210.83
233.94 257.97 280.84 283.41 288.39 287.26 280.52 276.04 271.64 266.75 290.35 318.9 325.65 334.56 346.79 353.89 349.8 341.95 340.54 350.49 354.01 349.8 340.54 329.39 322.52 321.42 318.99 277.89 236.76 233.44 229.18 234.66 247.31 254.9 260.77 265.74 257.62 247.94 235.64 217.18 206.09 200.38 201.47 209.61 219.03 224.69 231.45 237.36 252.02 265.82 273.18 283.77 297.12 317.24 321.57 309.3 297.81 306.83 318.49 322.73 321.68 323.23 324.61 318.75 292.49 241.07 225.51 220.7 219.76 215.13 209.49 210.3 214.03 214.38
229.7 261.45 290.38 285.9 282.69 282.11 279.53 275.84 263.86 251.72 273.86 304.44 308.37 310.36 318.61 336.46 341.87 336.8 331.19 342.45 350.34 348.83 342.92 336.67 330.85 326.79 323.26 280.92 238.84 234.47 229.42 235.54 247.71 253.89 255.28 255.34 249.91 244.58 230.68 211.95 203.59 202.24 205.7 213.82 222.27 227.95 236.55 243.86 259.52 272.86 275.47 279.58 291.36 315.48 323.62 309.41 287.83 299.45 316.94 321.23 316.76 315.6 322.33 323.1 300.57 243.84 226.06 222.9 223.02 216.26 209.2 209.33 211.82 211.69
236.86 262.26 284.47 283.17 278.91 280.65 283.31 280.15 264.24 253.5 271.26 290.32 290.58 286.49 286.59 303.11 319.76 321.35 314.11 324.95 340.79 344.42 343.65 346.75 352.05 356.33 358.72 335.17 242.84 237.05 231.58 238.92 248.51 251.66 248.16 242.37 237.18 233.41 218.5 204.61 202.61 207.32 213.69 220.89 227.15 232.79 244.76 254.13 268.09 278.57 278.25 278.39 285.54 306.37 319.9 308.1 276.86 294.81 319.52 321.01 309.71 302.32 316.54 325.43 307.75 244.2 223.98 223.15 225.03 215.7 207.17 206.69 208.79 209.67
249.32 259.26 264.56 267.33 274.62 282.58 292.11 289.39 271.59 260.9 275.23 288.88 287.17 280.33 277.57 286.43 299.35 305.78 305.82 317.37 335.17 341.38 342.35 352.18 9.1 20.42 24.47 24.33 322.63 256.3 239.38 244.45 248.41 247.62 239.85 229.42 223.84 220.41 208.52 201.2 204.13 212.76 220.86 226.41 229.97 236.32 253.54 265.03 276.07 283.87 282.49 281.35 284.75 298.15 311.54 299.9 261.76 289.91 324.04 323.64 305.19 287.38 309.13 325.73 311.41 244.99 223.3 225.18 229.19 216.05 205.82 204.98 207.15 208.95
261.85 253.99 244.14 250.39 268.98 281.68 297.14 297.17 280.24 268.31 281.06 293.46 290.2 279.57 273.86 276.83 281.61 291.61 303.26 317.58 335.31 342.38 342.73 354.6 16.91 24.16 23.38 17.05 352.05 294.45 250.12 249.44 246.42 242.2 231.83 220.22 216.36 214.97 206.9 202.27 205.77 214.4 222.4 225.83 226.84 234.61 260.14 275.8 285.85 292.64 290.42 288.58 289.14 295.48 304.57 288.26 247.69 284.38 328.09 329.64 307.11 274.81 302.88 325.95 314.58 244.27 221.66 225.89 231.07 213.19 202.6 202.43 205.25 207.79
266.29 248.28 237.17 248.89 264.72 275.61 292.97 297.46 284.19 272.39 285.84 300.71 297.98 282.67 272.76 270.09 267.29 279.6 297.84 314.84 335.95 347.23 354.23 30.58 40.75 31.6 22.82 16.44 10.35 0.5 274.48 254.52 241.53 235.46 224.15 213.84 212.39 211.93 205.04 200.48 201.65 206.26 210.08 209.77 208.51 215.7 258.86 296.63 315.04 322.63 318 313.97 310.88 310.59 316.18 288.39 235.69 285.49 332.85 341.23 326.9 275.81 302.06 327.13 326.5 221.97 203.56 206.44 204.16 191 188.96 192.51 198.06 203.37
257.64 245.72 242.63 252.68 260.62 269.57 287.47 294.24 282.68 271.06 285.32 303.74 304.46 289.11 276.72 268.51 261.72 274.53 292.4 309.39 333.93 350.42 9.22 85.91 58.34 32.61 20.33 16.66 20.93 27.24 13.72 297.71 244.33 233.98 220.15 210.27 209.75 208.76 202.53 198.09 197 196.89 194.81 191.05 189.04 190.46 210.1 5.96 8.81 4.56 1.14 357.72 354.56 352.54 354.54 335.59 246.19 295.16 333.24 349.13 351.56 313.75 306.29 320.45 334.41 177.24 182.42 182.48 171.49 170.78 177.37 184.52 192.87 200.95
244.63 247.4 253.59 255.34 254.79 263.39 283.69 291.7 279.68 268 279.45 295.28 297.79 289.71 282.03 270.7 261.14 272.05 288.28 304.35 330.2 349.83 20.12 124.77 64.49 26.14 15.35 12.85 15.71 13.03 355.64 320.21 263.38 241.42 220.53 209.04 208.19 206.15 200.79 197.83 197.21 196.63 194.71 192.08 190.87 192.87 207.58 355.4 7.36 4.49 2.57 0.14 357.6 356.09 358.4 350.96 302.77 308.94 330.3 346.86 352.85 338.1 316.55 304.81 16.36 154.76 167.75 172.91 167.59 167.9 175.32 183.75 193.34 202.4
231.6 248.17 262.35 255.45 247.64 257.13 280.85 291.02 280.43 270.88 275.38 282.03 286.08 288.1 286.16 271.06 256.9 265.41 282.6 306.6 342.69 3.16 60.8 146.94 52.69 11.47 5.46 358.56 341.52 327.54 319.48 303.47 269.59 246.57 222.25 211.05 211 207.9 202.34 199.62 198.46 197.82 198.37 199.2 200.58 205.68 224.7 259.86 356.21 5.38 10.35 11.71 11.97 15.67 21.79 20.3 6.45 350.07 348.19 351.07 357.01 8.36 38.88 98.36 105.69 111.58 118.32 136.58 145.87 152.96 164.43 175.22 186.5 197.51
227.53 252.85 268.44 255.01 242.4 252.47 277.15 289.51 286.49 281.82 275.18 268.67 271.98 285.4 289.7 268.82 247.78 250.31 259.01 294.54 7.35 21.85 79.31 153.21 14.66 0.55 358.79 350.57 331.59 314.56 305.23 293.3 264.09 242.57 222.44 213.65 212.87 207.72 202.16 200.08 198.94 199.01 202.25 205.6 208.78 214.73 228.28 237.7 339.42 7.22 18.29 20.82 22.45 29.53 37.37 34.85 30.44 20.81 7.58 357.02 0.98 48.22 84.66 102.73 104.18 104.41 106.63 120.63 132.05 139.74 152.05 164.89 178.43 192.29
243.65 262.38 272.36 256.83 242.49 251.28 272.56 285.14 292.64 294.4 276.68 255.75 257.84 282.9 293.34 265.33 238.29 236.13 232.64 229.52 7.29 26.03 76.61 146.97 3.53 358.42 357.46 351.51 339.13 321.55 305.5 290.27 255.41 234.66 221.22 214.75 211.39 204.75 200.54 200.14 199.68 200.16 204.05 206.86 209.54 213.67 219.79 217.48 318.63 12.08 23.05 22.3 22.87 29.4 36.21 31.92 26.44 16.89 5.83 357.94 3.72 112.71 108.08 110.17 108.53 106.36 107.22 119.9 130.6 135.85 146.22 161.03 178.15 195.32
262.31 267.56 270.91 255.48 242.54 253.81 272.68 281.56 289.65 297.5 276.5 243.9 249.19 280.01 294.05 260.43 229.56 227.18 224.76 226.86 279.11 338.44 321.26 266.69 316.12 337.65 343.78 345.49 343.65 333.75 316.49 295.52 251.47 235.59 225.9 215.96 209.28 206.51 209.38 213.56 211.77 208.79 208.23 204.16 199.82 195.98 191.56 182.02 122.39 44.22 40.6 30.07 26.7 27.78 23.81 12 4.53 0.9 0.81 3.42 41.25 150.17 139.52 134.39 130.97 126.03 126.16 142.25 152.35 155.06 160.49 169.53 180.43 192.66
271.06 264.78 258.11 251.44 249.9 263.75 279.6 283.61 282.15 284.05 267.07 239.47 250.4 277.52 289.74 253.5 223.4 222.73 223.92 230.42 262.3 293.82 302 296.25 305.68 321.18 330.64 339.01 344.99 343.32 332.47 310.68 260.88 244.59 228.46 212.74 207.12 211.55 218.76 220.57 215.26 211.26 208.4 199.25 188.96 178.68 168.46 159.72 126.54 78.52 55.61 35.07 28.14 23.74 11.23 355.45 346.49 347.22 356.2 9.6 67.47 159.26 174.32 185.41 192.69 198.47 199.19 191.68 188.69 188.4 186.4 183.5 183.37 187.01
276.36 258.51 241.99 249.63 266.49 277.73 289.45 289.34 274.55 259.23 251.85 247.64 257.86 275.49 282.54 246.93 220.35 219.99 221.71 227.31 253.86 282.98 316.72 317.64 312.8 318.62 326.91 336.92 343.76 342.72 334.16 318.17 280.46 256.94 226 207.07 205.64 217.26 222.64 217.33 209.24 206.21 204.42 196.33 187.52 178.88 169.81 161.5 140.22 104.02 62.63 33.5 25.39 19.56 8.43 356.28 347.49 346.53 355.08 12.57 68.61 150.88 172.81 186.5 194.15 199.21 199.19 191.67 188.69 188.21 186.06 183.43 183.61 187.78
