testDir/InputMaps/malcataHeight_500.grass
north: 40:14:17.01N
south: 40:12:39.7468N
east: 7:02:14.5154W
west: 7:04:21.43W
rows: 500
cols: 500
[rows 448 to 479 of 500, columns 0 to 71 of 500]
0 0 588.15 586.63 585.11 583.58 582.21 580.93 579.66 578.38 578.62 579.65 580.67 581.7 583.44 585.47 587.5 589.52 592.06 594.73 597.41 600.08 601.24 602.13 603.01 603.9 605.61 607.4 609.19 610.99 613.37 615.76 618.16 620.59 623.88 627.17 630.45 633.74 637.04 640.33 643.62 646.75 649.03 651.31 653.6 655.85 658.02 660.19 662.36 663.91 663.93 663.94 663.96 664.01 664.13 664.26 664.38 664.51 664.64 664.77 664.9 665.02 665.15 665.27 665.4 665.59 665.84 666.09 666.34 667.05 668.07 669.08
0 0 587.38 585.85 584.33 582.81 581.37 580 578.63 577.25 577.59 578.81 580.03 581.25 582.98 584.91 586.84 588.77 591.4 594.22 597.04 599.86 601.01 601.84 602.68 603.52 605.49 607.58 609.67 611.75 613.81 615.86 617.91 620 622.99 625.98 628.97 631.98 635.07 638.17 641.26 644.21 646.4 648.58 650.76 653 655.41 657.83 660.25 662.06 662.37 662.68 662.99 663.21 663.29 663.37 663.44 663.56 663.74 663.92 664.09 664.22 664.3 664.37 664.45 664.57 664.72 664.87 665.02 665.69 666.71 667.72
0 0 586.6 585.08 583.55 582.03 580.54 579.07 577.59 576.12 576.55 577.97 579.39 580.81 582.52 584.36 586.19 588.02 590.74 593.71 596.68 599.65 600.77 601.56 602.35 603.13 605.37 607.76 610.14 612.52 614.25 615.96 617.66 619.4 622.1 624.8 627.5 630.21 633.11 636.01 638.91 641.68 643.76 645.84 647.93 650.14 652.81 655.47 658.13 660.2 660.81 661.41 662.02 662.42 662.45 662.47 662.5 662.61 662.84 663.06 663.29 663.42 663.45 663.48 663.5 663.54 663.6 663.65 663.7 664.33 665.35 666.37
0 0 586.38 584.69 583.01 581.32 579.84 578.5 577.16 575.82 576.37 577.89 579.41 580.94 582.64 584.42 586.2 587.98 590.61 593.47 596.33 599.2 600.32 601.13 601.94 602.74 605.09 607.58 610.07 612.57 614.19 615.78 617.37 618.99 621.35 623.7 626.06 628.44 631.12 633.8 636.48 639.07 641.17 643.27 645.37 647.63 650.42 653.21 656.01 658.22 659.01 659.79 660.58 661.11 661.15 661.2 661.24 661.38 661.63 661.89 662.14 662.28 662.31 662.33 662.35 662.38 662.4 662.42 662.44 663.08 664.12 665.16
0 0 586.78 584.74 582.71 580.68 579.3 578.35 577.41 576.46 577.14 578.67 580.19 581.71 583.42 585.2 586.98 588.75 591.07 593.54 596.01 598.48 599.63 600.53 601.44 602.35 604.61 607 609.4 611.79 613.55 615.29 617.04 618.78 620.75 622.71 624.67 626.67 629.11 631.54 633.97 636.37 638.62 640.87 643.12 645.49 648.29 651.08 653.87 656.1 656.94 657.77 658.61 659.2 659.35 659.49 659.64 659.83 660.08 660.33 660.59 660.75 660.83 660.9 660.97 661.04 661.12 661.19 661.26 661.95 663.03 664.12
0 0 587.17 584.8 582.42 580.05 578.76 578.21 577.66 577.1 577.92 579.44 580.97 582.49 584.2 585.98 587.75 589.53 591.54 593.62 595.69 597.77 598.93 599.94 600.95 601.95 604.13 606.43 608.72 611.02 612.92 614.81 616.7 618.58 620.14 621.71 623.28 624.9 627.09 629.28 631.46 633.68 636.08 638.47 640.87 643.36 646.15 648.95 651.74 653.98 654.87 655.75 656.64 657.3 657.54 657.78 658.03 658.27 658.53 658.78 659.03 659.23 659.35 659.47 659.59 659.71 659.83 659.96 660.08 660.81 661.95 663.09
0 0 587.57 584.85 582.13 579.41 578.21 578.06 577.9 577.75 578.69 580.22 581.74 583.27 584.97 586.75 588.53 590.31 592.01 593.69 595.37 597.05 598.24 599.35 600.45 601.55 603.65 605.85 608.05 610.25 612.29 614.33 616.36 618.37 619.54 620.71 621.89 623.13 625.07 627.01 628.95 630.99 633.53 636.08 638.62 641.22 644.02 646.81 649.61 651.87 652.8 653.73 654.66 655.39 655.73 656.07 656.42 656.72 656.97 657.23 657.48 657.7 657.87 658.04 658.21 658.38 658.55 658.72 658.89 659.68 660.86 662.05
0 0 587.97 584.91 581.84 578.78 577.67 577.91 578.15 578.39 579.47 580.99 582.52 584.04 585.75 587.53 589.3 591.08 592.48 593.76 595.05 596.33 597.55 598.75 599.95 601.16 603.18 605.28 607.37 609.47 611.66 613.84 616.03 618.16 618.94 619.72 620.5 621.36 623.06 624.75 626.44 628.3 630.99 633.68 636.37 639.09 641.88 644.68 647.47 649.75 650.73 651.71 652.69 653.48 653.92 654.37 654.81 655.17 655.42 655.68 655.93 656.17 656.39 656.61 656.83 657.05 657.27 657.49 657.71 658.54 659.78 661.02
0 0 588.59 585.24 581.89 578.54 577.43 577.84 578.26 578.67 579.81 581.32 582.83 584.33 586.03 587.79 589.55 591.31 592.52 593.56 594.61 595.66 596.94 598.28 599.61 600.94 602.88 604.88 606.88 608.88 611.07 613.26 615.46 617.59 618.13 618.67 619.21 619.84 621.35 622.86 624.37 626.08 628.84 631.61 634.37 637.14 639.93 642.73 645.52 647.81 648.86 649.91 650.95 651.83 652.38 652.94 653.49 653.93 654.22 654.5 654.79 655.09 655.41 655.72 656.04 656.35 656.65 656.95 657.25 658.15 659.45 660.75
0 0 589.67 586.18 582.68 579.18 577.84 577.96 578.07 578.19 579.19 580.65 582.11 583.57 585.21 586.93 588.64 590.35 591.62 592.77 593.91 595.06 596.53 598.06 599.59 601.12 602.99 604.89 606.79 608.69 610.59 612.49 614.38 616.24 616.88 617.51 618.15 618.87 620.33 621.79 623.25 624.9 627.56 630.23 632.89 635.59 638.38 641.18 643.97 646.29 647.43 648.58 649.73 650.72 651.42 652.12 652.82 653.39 653.78 654.16 654.54 654.99 655.5 656.02 656.53 657.01 657.46 657.9 658.35 659.37 660.77 662.17
0 0 590.76 587.11 583.47 579.82 578.24 578.07 577.89 577.71 578.58 579.99 581.4 582.81 584.4 586.07 587.73 589.39 590.73 591.97 593.22 594.46 596.11 597.84 599.57 601.29 603.09 604.89 606.7 608.5 610.11 611.71 613.31 614.88 615.62 616.36 617.09 617.89 619.3 620.71 622.12 623.72 626.29 628.85 631.42 634.03 636.83 639.62 642.42 644.77 646.01 647.25 648.5 649.6 650.45 651.3 652.15 652.85 653.33 653.82 654.3 654.89 655.6 656.31 657.02 657.67 658.26 658.86 659.46 660.6 662.09 663.59
0 0 591.84 588.05 584.26 580.47 578.65 578.18 577.7 577.23 577.97 579.33 580.69 582.05 583.59 585.21 586.82 588.44 589.84 591.18 592.52 593.86 595.7 597.62 599.55 601.47 603.19 604.9 606.6 608.31 609.63 610.93 612.24 613.53 614.36 615.2 616.03 616.92 618.28 619.64 621 622.54 625.01 627.47 629.94 632.48 635.28 638.07 640.87 643.24 644.58 645.93 647.27 648.49 649.49 650.49 651.49 652.31 652.89 653.47 654.05 654.79 655.7 656.6 657.51 658.33 659.07 659.82 660.56 661.82 663.42 665.01
0 0 592.93 588.99 585.05 581.11 579.05 578.29 577.52 576.75 577.35 578.66 579.97 581.29 582.78 584.35 585.91 587.48 588.94 590.39 591.83 593.27 595.28 597.4 599.52 601.64 603.3 604.91 606.51 608.12 609.15 610.16 611.17 612.17 613.11 614.04 614.97 615.94 617.26 618.57 619.88 621.36 623.73 626.1 628.47 630.93 633.73 636.52 639.31 641.72 643.16 644.6 646.04 647.38 648.53 649.67 650.82 651.77 652.45 653.13 653.81 654.69 655.79 656.9 658 658.99 659.88 660.78 661.67 663.04 664.74 666.43
0 0 594.04 589.94 585.85 581.75 579.46 578.4 577.33 576.27 576.72 577.95 579.18 580.41 581.87 583.43 584.98 586.54 588.06 589.58 591.1 592.61 594.77 597.05 599.33 601.61 603.22 604.77 606.32 607.86 608.66 609.43 610.2 610.97 611.97 612.97 613.97 615 616.29 617.57 618.86 620.31 622.59 624.88 627.17 629.56 632.35 635.14 637.92 640.35 641.89 643.43 644.97 646.42 647.72 649.01 650.3 651.38 652.16 652.94 653.72 654.74 656.02 657.31 658.59 659.74 660.76 661.79 662.81 664.28 666.05 667.82
0 0 595.29 591 586.71 582.42 579.87 578.51 577.15 575.79 575.97 576.96 577.94 578.92 580.46 582.22 583.97 585.72 587.25 588.72 590.18 591.65 593.76 595.99 598.22 600.45 602.19 603.89 605.58 607.28 608.12 608.94 609.76 610.58 611.48 612.39 613.29 614.24 615.62 617 618.39 619.92 622.2 624.49 626.78 629.16 631.9 634.64 637.37 639.8 641.43 643.07 644.71 646.28 647.72 649.16 650.6 651.81 652.69 653.56 654.44 655.56 656.94 658.33 659.71 660.93 662 663.08 664.15 665.61 667.33 669.05
0 0 596.55 592.06 587.57 583.08 580.27 578.62 576.96 575.31 575.23 575.97 576.7 577.44 579.05 581 582.95 584.9 586.43 587.85 589.27 590.69 592.75 594.93 597.11 599.29 601.16 603.01 604.85 606.69 607.59 608.46 609.32 610.19 610.99 611.8 612.6 613.47 614.95 616.44 617.92 619.53 621.82 624.1 626.39 628.77 631.45 634.14 636.83 639.24 640.98 642.72 644.45 646.14 647.73 649.32 650.91 652.24 653.22 654.19 655.17 656.38 657.87 659.35 660.83 662.12 663.24 664.36 665.49 666.94 668.61 670.28
0 0 597.8 593.11 588.43 583.74 580.68 578.73 576.78 574.83 574.48 574.98 575.47 575.96 577.64 579.79 581.94 584.08 585.62 586.99 588.36 589.72 591.74 593.87 596 598.13 600.13 602.12 604.12 606.11 607.05 607.97 608.89 609.8 610.5 611.21 611.91 612.7 614.29 615.87 617.45 619.14 621.43 623.72 626 628.37 631 633.64 636.28 638.69 640.52 642.36 644.19 646 647.73 649.47 651.21 652.67 653.74 654.82 655.89 657.21 658.79 660.37 661.95 663.31 664.48 665.65 666.83 668.27 669.89 671.51
0 0 599.05 594.17 589.29 584.4 581.09 578.84 576.59 574.35 573.74 573.99 574.23 574.48 576.23 578.58 580.92 583.26 584.81 586.12 587.44 588.76 590.73 592.81 594.89 596.97 599.1 601.24 603.38 605.52 606.52 607.49 608.45 609.41 610.01 610.62 611.23 611.94 613.62 615.3 616.98 618.76 621.04 623.33 625.61 627.97 630.56 633.15 635.73 638.13 640.07 642 643.94 645.85 647.74 649.62 651.51 653.1 654.27 655.44 656.61 658.03 659.71 661.39 663.07 664.5 665.72 666.94 668.16 669.6 671.17 672.74
0 0 600.3 595.22 590.14 585.06 581.49 578.95 576.41 573.87 573 573 573 573 574.83 577.37 579.9 582.44 583.99 585.26 586.53 587.8 589.72 591.75 593.78 595.81 598.07 600.36 602.64 604.93 605.98 607 608.01 609.01 609.52 610.03 610.54 611.18 612.95 614.73 616.51 618.37 620.65 622.94 625.22 627.57 630.11 632.65 635.19 637.58 639.61 641.65 643.68 645.71 647.74 649.77 651.81 653.52 654.79 656.07 657.34 658.85 660.63 662.41 664.18 665.69 666.96 668.23 669.5 670.92 672.45 673.97
0 0 600.89 595.8 590.73 585.65 581.96 579.22 576.48 573.74 572.77 572.72 572.67 572.62 574.23 576.47 578.71 580.95 582.59 584.06 585.53 586.99 588.9 590.88 592.86 594.85 596.97 599.11 601.24 603.38 604.57 605.74 606.9 608.05 608.86 609.66 610.47 611.35 612.93 614.51 616.09 617.78 620.01 622.25 624.49 626.79 629.33 631.87 634.41 636.83 638.96 641.09 643.23 645.32 647.35 649.39 651.42 653.22 654.69 656.15 657.62 659.24 661.02 662.79 664.57 666.16 667.57 668.99 670.41 671.95 673.58 675.2
0 0 601.47 596.39 591.31 586.23 582.42 579.49 576.55 573.62 572.55 572.45 572.35 572.25 573.62 575.57 577.52 579.47 581.19 582.86 584.52 586.19 588.08 590.01 591.95 593.88 595.86 597.85 599.84 601.83 603.16 604.48 605.79 607.09 608.19 609.3 610.4 611.53 612.91 614.29 615.67 617.19 619.37 621.56 623.75 626.01 628.55 631.09 633.63 636.08 638.31 640.54 642.77 644.93 646.97 649 651.03 652.91 654.58 656.24 657.91 659.62 661.4 663.18 664.96 666.62 668.19 669.76 671.32 672.98 674.7 676.43
0 0 602.05 596.97 591.89 586.81 582.89 579.75 576.62 573.49 572.32 572.17 572.02 571.88 573.02 574.68 576.33 577.98 579.8 581.66 583.52 585.38 587.26 589.15 591.03 592.91 594.76 596.6 598.44 600.29 601.76 603.22 604.68 606.13 607.53 608.93 610.32 611.7 612.89 614.07 615.26 616.6 618.73 620.87 623.01 625.24 627.78 630.32 632.86 635.34 637.67 639.99 642.32 644.55 646.58 648.61 650.64 652.6 654.47 656.33 658.19 660.01 661.79 663.57 665.35 667.09 668.8 670.52 672.23 674.01 675.83 677.65
0 0 602.63 597.55 592.47 587.39 583.35 580.02 576.69 573.36 572.09 571.9 571.7 571.5 572.42 573.78 575.13 576.49 578.4 580.46 582.52 584.58 586.44 588.28 590.11 591.95 593.66 595.35 597.04 598.74 600.35 601.96 603.56 605.17 606.87 608.56 610.25 611.87 612.86 613.85 614.84 616.01 618.09 620.18 622.27 624.46 627 629.54 632.08 634.59 637.02 639.44 641.87 644.16 646.19 648.22 650.25 652.3 654.36 656.42 658.48 660.4 662.18 663.96 665.73 667.56 669.42 671.28 673.14 675.04 676.96 678.88
0 0 603.21 598.13 593.05 587.97 583.82 580.29 576.76 573.24 571.87 571.62 571.37 571.13 571.82 572.88 573.94 575 577 579.26 581.51 583.77 585.63 587.41 589.2 590.98 592.55 594.1 595.64 597.19 598.94 600.7 602.45 604.22 606.2 608.19 610.18 612.05 612.84 613.63 614.42 615.42 617.46 619.49 621.53 623.69 626.23 628.77 631.31 633.84 636.37 638.89 641.42 643.77 645.8 647.83 649.87 651.99 654.25 656.5 658.76 660.79 662.57 664.35 666.12 668.03 670.04 672.05 674.06 676.07 678.09 680.1
0 0 603.37 598.41 593.46 588.5 584.41 580.89 577.38 573.86 572.33 571.82 571.32 570.81 571.22 571.99 572.75 573.51 575.27 577.31 579.34 581.38 583.27 585.13 586.99 588.85 590.63 592.41 594.19 595.96 597.9 599.85 601.79 603.74 605.6 607.46 609.33 611.1 612.03 612.96 613.89 615 617.08 619.15 621.23 623.43 626.1 628.76 631.43 634.05 636.55 639.04 641.54 643.89 645.97 648.04 650.11 652.29 654.62 656.95 659.28 661.34 663.12 664.9 666.68 668.64 670.75 672.87 674.98 677 678.95 680.89
0 0 603.45 598.64 593.83 589.03 585.02 581.55 578.09 574.62 572.91 572.11 571.31 570.51 570.62 571.09 571.56 572.03 573.49 575.23 576.97 578.71 580.63 582.59 584.55 586.51 588.58 590.65 592.72 594.79 596.93 599.07 601.22 603.34 605.01 606.68 608.34 609.96 611.08 612.21 613.34 614.62 616.75 618.87 620.99 623.27 626.09 628.9 631.71 634.42 636.87 639.32 641.77 644.1 646.23 648.35 650.47 652.7 655.08 657.46 659.83 661.92 663.7 665.48 667.26 669.27 671.49 673.7 675.91 677.91 679.76 681.61
0 0 603.52 598.87 594.21 589.55 585.63 582.21 578.8 575.38 573.49 572.39 571.3 570.2 570.02 570.19 570.37 570.54 571.71 573.15 574.59 576.04 578 580.06 582.12 584.18 586.52 588.88 591.25 593.62 595.96 598.3 600.64 602.95 604.42 605.89 607.36 608.81 610.14 611.46 612.78 614.24 616.42 618.59 620.76 623.11 626.07 629.03 632 634.8 637.2 639.59 641.99 644.31 646.49 648.66 650.83 653.11 655.54 657.96 660.39 662.51 664.28 666.06 667.84 669.91 672.22 674.53 676.85 678.82 680.57 682.32
0 0 603.6 599.09 594.58 590.07 586.24 582.87 579.51 576.14 574.07 572.68 571.29 569.9 569.42 569.3 569.17 569.05 569.92 571.07 572.22 573.37 575.37 577.53 579.68 581.84 584.46 587.12 589.78 592.44 594.99 597.52 600.06 602.55 603.82 605.1 606.37 607.67 609.19 610.71 612.23 613.86 616.09 618.31 620.53 622.95 626.06 629.17 632.28 635.17 637.52 639.87 642.22 644.53 646.75 648.97 651.19 653.52 655.99 658.47 660.94 663.09 664.87 666.64 668.42 670.54 672.95 675.36 677.78 679.73 681.38 683.04
0 0 603.68 599.32 594.96 590.59 586.85 583.53 580.22 576.9 574.65 572.97 571.28 569.59 568.82 568.4 567.98 567.56 568.14 568.99 569.84 570.7 572.74 574.99 577.25 579.5 582.4 585.36 588.31 591.27 594.01 596.75 599.48 602.16 603.23 604.31 605.38 606.52 608.24 609.96 611.68 613.48 615.76 618.03 620.3 622.79 626.05 629.3 632.56 635.54 637.84 640.15 642.45 644.74 647.01 649.28 651.55 653.93 656.45 658.98 661.5 663.67 665.45 667.23 669 671.18 673.69 676.2 678.71 680.64 682.2 683.75
0 0 602.18 598.03 593.88 589.74 586.17 583.01 579.84 576.68 574.47 572.76 571.05 569.34 568.5 567.99 567.48 566.98 567.35 567.98 568.6 569.23 571.23 573.48 575.73 577.99 580.99 584.08 587.16 590.24 593.08 595.9 598.73 601.5 602.65 603.81 604.96 606.18 608.03 609.87 611.72 613.64 615.96 618.29 620.61 623.15 626.49 629.83 633.16 636.2 638.48 640.77 643.05 645.29 647.44 649.59 651.74 653.98 656.35 658.72 661.08 663.16 664.9 666.64 668.39 670.54 673.05 675.55 678.06 680.1 681.83 683.56
0 0 599.98 596.08 592.18 588.28 584.93 581.96 579 576.03 573.95 572.34 570.73 569.12 568.31 567.8 567.29 566.78 567.01 567.43 567.86 568.29 570.22 572.42 574.62 576.83 579.87 583.01 586.14 589.27 592.15 595.03 597.91 600.73 602.08 603.43 604.78 606.19 608.14 610.08 612.03 614.04 616.41 618.78 621.15 623.75 627.13 630.52 633.9 636.97 639.26 641.54 643.83 646 647.95 649.9 651.86 653.88 656 658.12 660.24 662.16 663.86 665.55 667.25 669.35 671.81 674.26 676.72 678.92 680.94 682.97
0 0 597.78 594.13 590.47 586.82 583.69 580.92 578.15 575.38 573.44 571.92 570.41 568.9 568.11 567.6 567.1 566.59 566.66 566.89 567.12 567.35 569.21 571.36 573.51 575.67 578.75 581.94 585.12 588.3 591.23 594.16 597.08 599.96 601.51 603.06 604.6 606.2 608.24 610.29 612.33 614.44 616.86 619.27 621.69 624.34 627.77 631.21 634.64 637.75 640.03 642.32 644.61 646.71 648.46 650.22 651.97 653.78 655.65 657.53 659.4 661.17 662.81 664.46 666.1 668.16 670.57 672.97 675.38 677.74 680.06 682.38
