testDir/InputMaps/malcataAspect_200.grass
north: 40:14:17.01N
south: 40:12:39.7468N
east: 7:02:14.5154W
west: 7:04:21.43W
rows: 200
cols: 200
[rows 66 to 98 of 200, columns 74 to 147 of 200]
341.23 349.71 352.91 354.88 5.11 22.95 34.36 33.64 22.64 12.99 8.65 4.5 357.03 344.8 337.29 341.58 348.99 353.89 357.21 358.72 355.38 353.29 355.87 352.34 340.51 327.74 316.87 319.21 331.24 339.4 349.03 357.73 1.69 0.85 1.75 1.81 354.69 338.48 330.64 4.76 56.52 76.69 83.36 88.63 86.02 77 75.94 81.45 88.12 88.67 90.6 101.7 96.87 85.2 83.48 86.4 90.29 90.17 84.82 76.81 66.95 57.45 45.92 43.23 51.05 57.9 61.09 59.49 60.58 66.3 77.15 81.77 80.78 87.53
321.94 339.79 354.51 3.37 14.76 29.19 35.03 27.71 15.96 9.38 6.74 2.69 355.92 343.9 331.25 329.51 340.15 351.77 0.95 8.49 14.04 12.52 9.77 6.68 2.72 358.89 354.32 354.21 2.84 10.61 13.75 15.88 16 15.23 14.03 10.45 14.71 33.83 70.88 90.63 93.03 91.23 88.53 88.93 85.68 78.18 76.66 80.55 86.17 93.63 103.61 117.52 108.46 86.06 78.22 79.07 84.64 82.17 71.66 60.71 52.23 47.46 38.26 38.69 53.57 60.43 59.92 58.47 61.03 68.53 79.19 84.47 82.59 84.78
310.72 331.08 353.53 6.04 15.14 23.31 24.64 15.49 8.78 6.25 4.54 0.53 355.33 348.51 339.83 334.12 341.84 355.6 7.48 17.08 24.43 23.47 19.55 16.41 14.81 16 21.27 29.26 35.26 35.51 30.84 27.99 25.08 24.64 26.08 27.69 41.6 67.73 92.32 102.02 100.54 94.76 88.54 85.71 81.94 77.44 75.1 75.76 79.48 96.03 113.61 125.39 116.41 86.23 72.54 70.82 75.93 65.57 47.57 38.24 35.88 35.27 26 29.69 54.31 59.04 54.7 55.69 61.24 70.47 79.67 82.82 80.09 81.77
316.41 330.91 348.83 358.21 359.25 352.06 347.21 353.54 359.5 2.76 1.68 357.77 354.84 356.75 1.48 5.11 7.71 13.29 18.91 24.46 29.68 28.95 26.23 23.09 19.85 20.16 26.81 45.29 58.6 48.62 37.81 33.66 30.63 32.99 41.77 53.25 68.66 83.49 97.65 104.76 103.47 96.83 88.91 82.71 78.79 78.71 74.01 70.83 76.22 98.65 115.34 120.13 114.14 86.01 65.73 57.95 57.25 43.75 34.26 29.88 18.79 2.07 358.82 6.47 34.47 43.7 43.77 51.97 62.28 73.72 82.59 84.66 82.43 84.28
323.6 331.21 342.3 349.02 348.61 340.34 332.58 339.21 351.23 358.76 0.64 0.39 1.89 9.81 21.82 27.71 28.44 28.54 27.26 29.09 33.02 32.33 29.82 26.49 22.83 22.83 29.37 54.72 72.14 49.2 37.7 37.81 37.62 44.41 57.89 70.58 81.63 89.7 97.37 101.25 99.75 95.75 90.82 81.76 77.44 81.14 72.41 66.69 76.6 102.35 116.55 107.67 93.82 81.39 50.29 32.59 22.18 13.99 15.08 10.21 356.49 340.97 340.54 348.07 5.48 31.57 43.92 56.24 68.28 80.17 88.57 89.68 86.98 87.92
314.67 324.95 334.22 339.06 342.93 345.21 340.94 337.85 343.47 352.56 2.05 12.14 23.68 34.61 40.39 38.98 38.32 36.01 30.5 30.53 34.58 34.14 31.47 28.06 24.69 24.23 27.82 47.5 68.99 34.51 31.77 41.38 49.29 61.54 73.81 82.15 88.75 93.63 96.74 96.49 92.58 90.77 90.95 80.75 74.28 77.71 68.54 66.83 80.47 102.42 114.82 88.95 56.1 39.62 356.46 346.68 340.35 332.05 328.7 333.63 333.15 331.75 337.41 351.43 46.48 67.51 63.81 67.43 78.13 89.55 96.39 95.66 91.76 92.67
312.11 327.2 336.24 337.69 339.8 348.69 349.1 344.14 344.54 353.29 8.64 26.26 40.43 48.17 48.36 43.93 40.87 36.56 31.08 31.64 36.14 35.08 31.34 27.22 24.07 23.92 26.61 37.13 47.78 28.99 41.13 59.72 72.91 81.97 86.45 89.52 92.92 96.47 96.86 93.27 86 84.01 87.48 77.68 68.56 67.62 68.9 77.59 86.96 96.39 98.21 59.7 26.37 1.06 336.97 330.29 327.11 322.47 320.01 325.31 326.45 327.26 337.42 11.47 95.78 87.16 76.07 80.06 91.21 100.59 104.46 101.22 96.25 98.97
334.81 352.5 354.35 352.02 348.78 354.18 359.65 4.15 9.85 18.71 30.72 41.82 48.09 49.17 44.82 38.57 33.67 30.95 30.1 33.13 36.47 33 27.34 22.24 20.12 22.75 29.05 38.93 47.4 59.92 83.23 90.9 93.4 93.91 93.12 93.15 94.25 96.16 95.47 90.49 81.36 77.98 79.75 71.09 63.34 63.73 76.76 89.91 91.3 85.88 68.29 32.95 10.6 358.86 349.98 344.17 342.17 345.68 348.77 351.38 353.14 358.19 19.04 82.27 113.04 99.71 88.85 94.07 100.86 106.61 109.75 105.55 100.42 106.81
339.43 359.99 0.19 358.39 354.24 356.42 6.34 18.29 28.35 37.09 45.83 50.67 49.92 44.94 37.18 30.12 26.6 27.79 30.58 33.58 33.41 27.89 21.6 17.09 17.14 23.17 33.37 45.13 59.38 91.4 110.35 109.09 102.53 97.36 95.2 94.28 93.23 91.24 89.64 87.2 81.41 75.15 69.69 64.22 63.69 68.19 83.98 94.7 90.46 72.09 44.65 21.34 8.51 4.97 3.49 1.56 4.7 12.98 15.16 15.14 20.49 35.4 60.26 94.44 109.48 107.88 104.22 105.62 106.07 107.67 111.29 107.5 103.6 115.59
280.85 312.41 335.88 344.23 343.37 346.61 358.56 13.22 24.48 32.45 43.35 45.34 34.94 24.71 19.14 16.79 19.3 26.78 30.87 29.75 23.83 15.67 10.08 9.65 14.45 25.14 42.25 66.92 85.44 98.11 107.72 110.75 104.72 98.22 97.84 96.43 92.7 86.99 85.33 85.94 82.94 74.16 65.34 65.2 70.04 74.56 87.19 94.16 84.71 59.4 37.96 28.22 26.42 31.25 29.15 29.82 38.76 37.33 28.64 24.53 31.26 50.99 73.79 94.67 102.67 107.05 109.19 110 108.38 107.05 109.53 106.03 104.74 127.46
276.32 295.36 318.97 332.54 334.72 336.34 346.56 5.23 19.21 26.28 40.82 36.39 17.44 7.25 5.65 7.49 14.07 27.44 30.44 24.89 16.37 8.4 4.23 6.64 15.22 31.66 58.45 93.75 104.1 101.73 102.08 103.22 97.65 94.96 101.75 100.84 94.37 87.01 85.46 86.02 80.91 71.29 64.54 66.69 71.83 75.22 84.98 88.71 73.84 49.49 36.59 33.31 36.62 44.9 43.29 43.68 49.23 44.15 34.51 30.54 39.83 62.45 80.59 95.78 102.65 106.94 108.59 108.07 106.77 104.64 103.14 97.54 98.18 132.95
275.62 299 324.41 333.33 331.95 328.23 329.26 346.43 10.41 24.98 41.17 27.86 14.17 13.89 15.99 13.04 15.85 26.82 25.27 19.81 16.31 16.36 18.74 20.89 28.78 52.34 79.41 110.07 120.31 111.1 102.64 98.53 90.39 90.51 101.98 104.85 98.19 88.41 85.18 83.78 73.81 64.49 62.6 63.59 65.86 69.6 76.61 74.7 53.89 35.73 30.21 30.33 35.7 43.73 41.97 40.28 40.7 34.97 29.12 28.36 40.42 67.01 86.18 101.46 107.42 108.27 106.6 103.85 101.13 97.67 91.86 85.99 90.84 114.94
265.75 300.6 332.02 336.08 330.75 322.54 313.2 318.11 355.9 27.88 37.52 20.34 14.27 20.48 23.25 15.92 15.71 22.99 18.62 15.71 17.18 23.8 30.02 30.2 41.3 73.55 92.17 111.65 123.38 119.27 108.39 99.94 90.51 88.61 95.58 104.12 103.02 89.47 81.72 76.48 63.77 60.32 65.54 60.24 56.79 62.56 61.95 48.3 31.08 24.15 25.74 30.22 36.84 42.18 39.32 35.68 32.37 27.3 24.94 27.13 42.35 73.7 96.24 111.02 114.33 110.26 104.44 100.26 93.74 85.79 77.35 78.34 93.74 110.78
261.76 282.61 317.31 331.25 331.45 326.46 316 314.52 3.75 40.68 39.98 26.92 21.42 22.26 18.25 11.84 13.49 17.02 8.96 7.77 12.68 22.43 30.87 35.44 55.9 87.56 99.61 107.48 111.73 112.63 108.81 102.63 93.64 87.57 88.23 98.69 103.52 90.1 76.96 66.82 57.37 63.11 74.24 61.26 55.13 59.71 50.96 36.88 31.83 33.31 37.84 41.03 41.66 39.22 32.09 25.16 20.39 18.9 22.68 31.79 56 86.95 103.3 114.45 117.73 112.05 102.49 95.45 84.36 72.83 66.15 73.37 95.55 116.68
265.39 275.49 302.76 322.24 327.84 326.35 315.3 316.9 109.22 71.63 51.59 34.84 26.6 21.15 13.02 9.04 12.04 10.35 0.21 359.87 8.25 21.52 34.7 46.74 68.73 92.01 103.86 104.03 99.73 102.74 104.93 102.86 93.52 85.74 86.38 94.06 98.65 90.17 70.99 54.4 50.3 66.95 85.48 68.5 57.5 53.92 41.04 31.22 33.74 44.09 51.19 49.74 42.63 33.71 23.54 15.24 11.27 13.47 23.73 41.49 73.9 98.63 107.99 114.95 117.59 112.09 99.43 86.02 72.05 63.38 61.64 69.04 87.5 120.38
267.13 271.45 291.92 306.35 306.1 296.59 276.16 267.71 258.59 258.04 284.3 9.59 13.51 12.25 10.07 10.78 14.84 14.06 7.31 7.76 15.44 27.55 40.77 51.99 73.3 97.26 110.78 106.1 94 93.9 95.93 96.83 87.69 79.34 81.88 85.39 88.07 87.03 45.71 30.07 37.77 64.36 92.95 71.33 50 40.93 33.23 31.53 38.53 47.7 45.99 32.76 21.45 17.01 16.39 18.21 21.68 29.81 46.32 65.01 88.58 104.49 112.34 118.2 120.59 115.61 98.33 76.62 63.78 62.03 67.37 75.36 85.73 107.08
263.97 267.55 286.13 295.59 286.34 279.38 272.93 261.96 260.71 265.94 253.89 306.05 357.57 4.8 8.27 12.96 17.55 17 13.56 15.93 22.93 34.23 45.28 49.16 80.13 111.18 117.41 112.88 99.31 89.81 83.58 80.47 70.99 60.74 52.2 24.15 333.17 286.75 322.45 355.88 21.98 44.37 35.93 24.53 37.41 32.25 31.08 33.83 41.23 42.27 26.22 4.33 356.35 0.88 12.24 23.82 32 44.52 64.55 79.92 93.32 102.35 111.45 118.14 120.45 116.65 97.91 75.39 63.64 64.52 76.86 85.5 90.68 102.7
259.05 262.96 281.42 291.6 275.36 270.69 271.15 253.74 255.54 267.02 243.89 274.22 334.53 353.6 1.84 7.71 14.26 20.83 23.65 26.74 32.17 42.58 51.3 52.98 92.48 120.91 118.53 116.97 108.13 86.18 67.71 59.74 52.74 46.87 39.69 29.47 21.81 22.45 15.01 25.55 55.57 66.08 65.52 94.62 79.53 41.79 32.51 32.28 35.64 30.24 16.72 8.34 9.24 13.99 21.98 32.98 41.13 55.75 74.12 84.94 93.56 99.39 109.78 118.24 120.09 113.92 95.76 78.93 63.58 66.41 86.12 94.45 95.96 105.76
254.53 257.32 270.21 280.75 269.49 263.28 258.81 246.74 247.28 254.78 257.62 281.25 307.61 337.74 353.84 1.09 11.68 29.91 34.55 35.34 38.44 47.05 56.58 61.06 101.03 125.27 120.98 118.91 110.53 77.59 51.19 43.93 39.74 37.48 36.84 37.34 42.87 60.14 62 60.93 85.82 88.4 83.33 91.66 79.31 45.88 32.88 30.45 29.76 21.13 11.47 13.68 24.41 26.38 32.19 45.76 54.1 66.8 77.89 81.71 87.82 95 103.95 115.55 122.62 111.5 86.87 78.64 69.38 79.34 98.22 100.74 97.19 105.81
249.58 252.39 258.65 264.82 265.11 257.1 246.97 246.43 242.11 237 275.15 316.04 333.35 0.05 10.01 17.22 30.08 43.69 36.69 35.43 40.48 49.12 62.78 76.2 105.31 123.14 123.54 123.61 113.65 50.38 27.43 27.84 31.59 40.39 50.06 54.9 60.11 70.3 74.89 78.5 94.1 100.41 93.31 86.51 56.64 31.28 25.84 26.88 28.75 25.39 22.86 31.74 39.25 36.47 47.43 61.15 63.06 68.56 72.87 71.57 78.06 89 92.83 102.93 119.71 97.4 1.91 308.87 274.25 169.09 146.63 128.38 101.64 118.81
250.1 252.21 252.7 253.93 257.41 250.55 241.47 243.93 235.8 221.51 207.59 65.13 57.2 36.18 30.97 35.58 45.68 49.94 37.84 37.68 44.86 50.14 67.78 95.24 107.04 113.09 117.12 114.96 347.22 328.11 351.82 10.23 28.95 52.62 65.41 68.51 70.28 74.74 78.43 80.99 83.45 86.66 85.88 49.72 13.08 11.22 16.92 24.26 31.42 32.41 33.75 44.66 51.01 49.54 59.82 66.71 63.61 61.75 60.04 58.04 67.65 80.63 78.35 78.23 80.85 330.19 312.89 293.66 270.16 247.15 229.97 236.49 269.16 267.05
253.86 251.24 245.34 242.23 245.41 238.66 229.69 231.65 224.66 215.12 210.57 213.47 3.62 6.25 13.62 23.94 36.42 44.22 40.51 43.21 49.86 54.1 75.54 106.48 108.25 101.42 100.68 79.65 51.88 48.79 45.39 42.2 53.24 67.51 71.86 69.59 66.78 67.58 69.62 68.4 54.95 41.51 24.41 355.62 355.09 0.91 7.88 16.08 24.43 27.57 31.99 44.96 54.61 55.14 58.19 57.56 52.22 48.89 48.45 50.53 59.15 66.22 56.13 39.34 6.14 337.4 325.53 309.87 278.86 248.8 232.86 239.95 272.65 275.99
251.95 245.26 236.03 231.6 232.62 223.68 213.87 215.22 216.6 217.7 222.39 245.46 294.91 317.71 334.34 353.89 19.5 44.72 47.55 50.16 55.72 64.14 83.6 104.1 104.16 95.58 96.73 80.53 67.45 70.74 67.11 59.54 62.28 67.99 69.35 63.23 55.17 51.56 45.17 28.46 6.09 351.38 331.35 323.24 337.79 348.68 353.63 359.97 8.63 18.75 31.58 49.26 57.7 54.47 49.15 42.17 35.99 35.38 39.85 43.53 45.65 39.72 22.37 4.69 348.09 338.7 332.96 322.89 293.76 256.86 234.93 238.61 272 285.57
251.43 246.92 239.62 233.58 230.27 220.78 214.3 222.77 228.45 220.93 216.75 239.29 299.46 315.91 329.17 354.7 22.17 41.07 44.55 47.05 50.61 66.43 88.75 102.12 100.1 95.93 104.84 85.39 66.66 65.17 58.27 50.1 48.06 50.14 53.81 52.7 46.8 35.47 20.14 8.9 1.82 351.17 328.19 305.59 310.61 337.48 355.43 5.66 15.12 26.13 38.27 51.33 52.69 45.5 37.97 31.22 27.68 28.72 31.6 31.47 27.76 16.32 359.46 344.69 337.58 336.93 337.19 333.37 313.13 266.95 233.5 239.48 272.04 289.82
255.22 253.06 244.2 234.76 228.7 219.88 217.15 234.12 235.91 214.52 201.92 221.91 319.01 324.33 333.76 17.64 22.18 358.67 4.04 34.69 31.9 50.99 96.68 110.25 98.61 99.85 133.99 104.5 65.71 56.69 44.09 32.91 25.88 23.11 26.05 43.75 43.45 19.16 1.44 357.58 3.79 355.28 333.17 301.71 284.49 307.88 2.42 18.42 29.6 38.51 43.37 46.53 41.36 34.57 27.78 22.53 21.58 21.81 19.08 15.19 10.28 0.68 346.49 332.64 327.15 332.33 339.31 341.17 330.15 284.59 240.54 250.23 275.41 288.8
259.48 257.16 242.08 227.71 219.33 209.84 206.58 225.73 227.62 211.72 215.92 245.64 300.54 305.61 283.19 81.29 41.63 29.86 80.4 60.87 33.04 51.28 95.48 108.09 91.87 99.16 136.32 122.43 79.49 51.21 29.95 18.62 14.05 16.59 31.64 64.07 46.22 16.19 10.69 16.02 10.91 0.53 346.42 317.01 268.1 262.06 332.33 4.55 24.84 33.05 30.76 32.42 32.97 31.04 25.49 23.35 27.14 29.94 30.32 31.21 27.05 19.62 13.52 9.59 10.13 10.08 6.02 1.57 354.82 322.97 261.57 264.12 282.86 293.73
265.69 260.8 237.75 219.01 208.61 198.33 191.95 194.92 216.8 222.87 236.09 252.01 273.32 259.67 190.22 131.98 70.91 58.41 83.56 69.77 42.49 59.8 86.19 92.3 90.01 106.76 129.81 121.3 82.99 38.17 14.57 6.57 6.24 18.16 54.04 74.46 41.93 18.66 24.21 35.08 17.64 4.85 356.1 339.33 243 257.97 293.78 324.12 356.61 10.09 2.66 7.01 27.51 30.16 26.44 28.01 36.27 41.49 44.39 47.49 44.09 39.18 39.72 46.28 54.4 47.29 33.08 23.24 17.74 3.41 312.03 285.64 295.6 306.5
272.35 262.59 229.14 208.04 198.49 192.03 190.58 200.23 253.27 249.04 242.03 241.05 245.4 217.26 186.29 163.6 101.08 64.45 74.6 62.42 50.58 63.99 78.39 81.08 92.4 111.97 127.55 118.8 70.53 24.21 9.51 7.32 13.16 35.34 71.45 63.35 24.59 13.38 18.22 18.53 5.18 359.5 358.47 355.91 214.41 297.53 301.85 312.65 343.19 357.73 4.58 35.98 56.36 41.2 34.43 35.73 43.11 46.09 47.14 50.05 47.32 42.37 42.85 49.41 56.12 46.38 33.65 26.33 20.63 12.85 355.92 325.27 320.59 330.86
273.58 257.81 213.11 195.43 189.4 188.17 194.5 217.18 271.75 272.29 234.68 216.01 207.29 192.25 187.39 186.86 178.4 66.79 72.06 64.16 60.49 67.09 74.86 81.04 95.95 110.54 120.38 107.78 46.67 13.7 8.48 13.31 28.01 53.66 68.27 36.98 7.08 1.19 1.45 356.08 349.08 350.69 358.98 11.4 84.24 350.12 27.49 65.86 358.5 349.5 29.83 83.57 78.78 54.65 45.18 44.29 47.82 46.46 45.45 51.78 48.66 39.97 38.39 43.56 49.59 40.39 30.73 25.09 20.15 17.69 18.09 19.42 16.88 12.95
262.29 232.24 192.34 186.04 186.53 190.67 201.41 223.3 265.14 272.47 220.22 202.42 198.78 196.75 201.13 206.95 218.13 230.47 146.29 74.98 62.62 64.22 71.14 82.29 101.02 114.43 119.39 82.96 12.02 3.1 6.26 14.68 30.25 46.25 35.6 3.35 351.25 352.58 358.83 354.47 346.24 344.5 350.77 357.71 353.24 51.45 100.18 79.52 33.76 50.15 93.44 98.72 80.71 54.46 42.29 38.44 38.86 35.41 33.86 41.48 34.38 24.11 22.92 25.13 25.87 17.11 10.73 6.73 4.32 5.29 10.12 18.48 20.08 12.39
215.49 173.37 169.56 176.89 186.69 197.53 209.07 223.67 247.46 247.64 205.03 199.94 205.27 212.55 221.57 226.64 233.39 236.28 228.62 232.39 24.33 57.85 69.36 79.38 104.15 127.51 154.44 324.67 337.26 349.61 2.36 12.05 19.85 15.22 353.42 339.9 335.25 340.16 3.97 359.16 348.18 340.25 335.1 324.83 272.81 150.67 112.7 82.2 78.02 88.35 96.38 95.61 72.54 41.16 23.99 16.33 15.48 14.75 12.82 6.49 356.05 356.76 358.79 354.8 343.02 336.97 337.88 339.05 339.04 340.57 346.31 355.61 356.94 349.68
212.82 193.61 186.88 192.14 202.57 212.01 219.82 229.24 238.13 231.59 209.55 203.78 209.96 220.3 228.32 228.57 226.53 222.12 216.99 215.55 200.21 107.48 74.39 58.96 79.32 256.83 301.91 313.6 325.88 341.8 359.03 11.05 18.4 12.72 359.16 350.05 343.8 331.65 356.4 354.99 347.81 339.58 329.85 308.07 242.8 197.98 175.81 98.17 126.63 107.87 89.32 84.29 55.32 24.15 11.58 8.04 7.3 5.78 4.03 356.86 346.93 344.24 342.1 334.55 324.07 322.11 326.08 330.04 328.87 324.89 321.69 320.85 329.81 335.43
227.62 229.93 227.75 226.19 227.76 228.43 230.74 234.74 235.9 229.77 216.86 208.26 213.31 223.96 224.38 212.53 200.07 192.57 186.43 174.27 150.61 117.87 25.96 339.7 307.31 295.1 307.97 311.05 320.18 339.35 355.11 12.63 27.15 26 18.48 14.58 13.72 0.25 341.34 346.48 345.52 340.05 330.25 305.1 251.2 230 237.1 231.58 184.23 162.56 96.56 71.57 32.47 10.02 6.36 12.44 11.51 5.38 3.47 1.56 354.22 343.71 333.21 323.02 314.35 313.58 319.97 327.82 326.42 316.49 305.31 298.51 307.8 323.34
