testDir/InputMaps/malcataHeight_500.grass
north: 40:14:17.01N
south: 40:12:39.7468N
east: 7:02:14.5154W
west: 7:04:21.43W
rows: 500
cols: 500
[rows 448 to 479 of 500, columns 144 to 215 of 500]
753.21 752.95 752.7 752.44 752.39 752.38 752.37 752.37 751.91 751.41 750.92 750.42 749.79 749.16 748.53 747.93 748.07 748.2 748.34 748.67 750.59 752.51 754.42 756.36 758.39 760.42 762.46 764.67 767.47 770.26 773.05 775.69 777.97 780.25 782.54 784.68 786.58 788.47 790.37 791.56 791.81 792.06 792.31 792.12 791.48 790.84 790.2 789.34 788.32 787.3 786.28 784.87 783.21 781.55 779.89 778.84 778.08 777.31 776.54 775.88 775.26 774.64 774.01 773.7 773.47 773.23 772.99 771.64 770.11 768.59 767.07 765.06
751.39 751.03 750.67 750.32 750.09 749.88 749.68 749.47 749.27 749.07 748.87 748.68 748.1 747.51 746.93 746.39 746.67 746.95 747.24 747.73 749.89 752.06 754.22 756.36 758.39 760.42 762.46 764.67 767.47 770.26 773.05 775.66 777.84 780.03 782.21 784.23 785.99 787.74 789.49 790.55 790.7 790.85 791 790.69 789.9 789.11 788.32 787.35 786.23 785.11 783.99 782.45 780.64 778.84 777.03 775.87 775 774.14 773.27 772.77 772.39 772.01 771.64 771.69 771.85 772.01 772.17 770.86 769.34 767.81 766.29 764.2
749.56 749.11 748.65 748.2 747.79 747.38 746.98 746.58 746.63 746.73 746.83 746.93 746.4 745.86 745.33 744.85 745.28 745.71 746.13 746.79 749.2 751.61 754.02 756.36 758.39 760.42 762.46 764.67 767.47 770.26 773.05 775.63 777.72 779.8 781.88 783.79 785.4 787 788.6 789.54 789.59 789.64 789.69 789.26 788.32 787.38 786.45 785.35 784.14 782.92 781.7 780.03 778.07 776.12 774.17 772.89 771.92 770.96 770 769.65 769.52 769.39 769.26 769.68 770.23 770.79 771.34 770.09 768.56 767.04 765.51 763.33
747.61 747.13 746.64 746.16 745.67 745.19 744.7 744.22 744.42 744.67 744.92 745.18 744.82 744.45 744.08 743.76 744.36 744.96 745.56 746.38 748.87 751.36 753.86 756.27 758.3 760.33 762.37 764.57 767.32 770.06 772.81 775.36 777.44 779.51 781.59 783.4 784.74 786.08 787.42 788.18 788.18 788.18 788.18 787.75 786.87 785.99 785.12 784.03 782.79 781.54 780.29 778.56 776.53 774.5 772.47 771.13 770.11 769.09 768.08 767.7 767.54 767.37 767.21 767.78 768.52 769.26 769.99 768.76 767.24 765.72 764.19 761.91
745.52 745.08 744.65 744.21 743.77 743.34 742.9 742.47 742.67 742.92 743.18 743.43 743.36 743.29 743.21 743.19 743.98 744.78 745.58 746.56 748.95 751.35 753.74 756.07 758.11 760.14 762.17 764.35 767 769.65 772.3 774.8 776.98 779.16 781.34 783.06 784.01 784.95 785.9 786.44 786.44 786.44 786.44 786.15 785.57 784.99 784.4 783.48 782.28 781.08 779.89 778.17 776.14 774.11 772.08 770.74 769.72 768.71 767.69 767.05 766.55 766.04 765.53 765.99 766.68 767.37 768.06 766.82 765.3 763.78 762.25 759.88
743.42 743.04 742.65 742.26 741.88 741.49 741.1 740.72 740.92 741.18 741.43 741.69 741.91 742.13 742.35 742.61 743.61 744.6 745.6 746.74 749.04 751.33 753.63 755.88 757.91 759.95 761.98 764.13 766.68 769.23 771.79 774.25 776.53 778.8 781.08 782.72 783.27 783.82 784.37 784.69 784.69 784.69 784.69 784.55 784.26 783.98 783.69 782.93 781.78 780.63 779.48 777.79 775.75 773.72 771.69 770.35 769.33 768.32 767.3 766.41 765.56 764.7 763.85 764.21 764.85 765.49 766.13 764.88 763.36 761.84 760.31 757.85
741.33 740.99 740.65 740.32 739.98 739.64 739.31 738.97 739.18 739.43 739.69 739.94 740.45 740.97 741.49 742.04 743.23 744.43 745.62 746.92 749.12 751.32 753.52 755.69 757.72 759.75 761.78 763.92 766.37 768.82 771.27 773.7 776.07 778.45 780.82 782.38 782.54 782.7 782.85 782.94 782.94 782.94 782.94 782.95 782.96 782.97 782.98 782.37 781.27 780.17 779.07 777.4 775.37 773.33 771.3 769.96 768.95 767.93 766.91 765.76 764.57 763.37 762.17 762.42 763.01 763.6 764.19 762.94 761.42 759.9 758.37 755.82
739.23 738.95 738.66 738.37 738.08 737.79 737.51 737.22 737.43 737.69 737.94 738.19 739 739.81 740.63 741.47 742.86 744.25 745.64 747.11 749.21 751.31 753.41 755.49 757.53 759.56 761.59 763.7 766.05 768.41 770.76 773.15 775.62 778.09 780.57 782.05 781.81 781.57 781.33 781.2 781.2 781.2 781.2 781.35 781.65 781.96 782.26 781.82 780.77 779.72 778.67 777.01 774.98 772.95 770.91 769.57 768.56 767.54 766.53 765.12 763.58 762.04 760.49 760.63 761.18 761.72 762.26 761 759.48 757.96 756.43 753.79
737.07 736.97 736.87 736.77 736.59 736.4 736.21 736.01 736.21 736.43 736.65 736.88 737.9 738.93 739.96 741.02 742.56 744.1 745.64 747.23 749.21 751.2 753.18 755.17 757.19 759.21 761.22 763.29 765.51 767.74 769.96 772.25 774.68 777.11 779.54 780.91 780.43 779.96 779.48 779.23 779.27 779.32 779.37 779.59 780.01 780.42 780.84 780.42 779.32 778.23 777.14 775.49 773.51 771.52 769.54 768.23 767.25 766.26 765.28 763.82 762.19 760.57 758.95 758.98 759.41 759.84 760.27 759.02 757.51 756 754.49 751.84
734.74 735.14 735.53 735.93 735.98 735.99 735.99 736 736.12 736.24 736.36 736.49 737.56 738.64 739.72 740.83 742.42 744 745.59 747.21 749.05 750.89 752.72 754.58 756.55 758.52 760.49 762.47 764.49 766.52 768.55 770.59 772.68 774.77 776.85 778.04 777.66 777.28 776.9 776.77 776.96 777.16 777.35 777.51 777.63 777.75 777.87 777.18 775.84 774.5 773.16 771.51 769.67 767.83 766 764.81 763.92 763.03 762.15 761.08 759.95 758.82 757.69 757.62 757.8 757.99 758.17 756.93 755.47 754.01 752.55 750.08
732.42 733.31 734.2 735.08 735.38 735.58 735.78 735.98 736.02 736.05 736.08 736.1 737.22 738.35 739.48 740.63 742.27 743.91 745.55 747.19 748.88 750.57 752.26 753.99 755.91 757.83 759.75 761.64 763.47 765.3 767.13 768.94 770.68 772.42 774.16 775.16 774.88 774.6 774.32 774.31 774.65 774.99 775.34 775.42 775.25 775.07 774.89 773.94 772.35 770.76 769.18 767.53 765.84 764.15 762.46 761.38 760.59 759.81 759.02 758.34 757.7 757.07 756.43 756.26 756.19 756.13 756.07 754.83 753.42 752.01 750.6 748.33
730.1 731.48 732.86 734.24 734.77 735.17 735.57 735.97 735.93 735.86 735.79 735.71 736.88 738.06 739.24 740.44 742.13 743.82 745.51 747.18 748.72 750.26 751.8 753.4 755.27 757.14 759.01 760.82 762.45 764.09 765.72 767.28 768.68 770.07 771.47 772.29 772.11 771.93 771.74 771.85 772.34 772.83 773.32 773.34 772.87 772.39 771.92 770.69 768.86 767.03 765.2 763.54 762 760.46 758.92 757.96 757.27 756.58 755.89 755.6 755.46 755.31 755.17 754.89 754.58 754.28 753.97 752.74 751.38 750.02 748.66 746.57
727.78 729.65 731.52 733.39 734.17 734.76 735.36 735.96 735.84 735.67 735.5 735.33 736.54 737.77 739 740.25 741.99 743.73 745.46 747.16 748.55 749.95 751.34 752.81 754.63 756.45 758.27 760 761.43 762.87 764.3 765.62 766.67 767.73 768.78 769.41 769.33 769.25 769.17 769.39 770.03 770.67 771.31 771.25 770.48 769.72 768.95 767.45 765.37 763.3 761.22 759.56 758.17 756.77 755.38 754.53 753.94 753.35 752.76 752.87 753.21 753.56 753.91 753.53 752.98 752.42 751.87 750.65 749.34 748.03 746.72 744.82
725.73 727.98 730.23 732.47 733.45 734.23 735.01 735.79 735.68 735.49 735.31 735.13 736.39 737.68 738.97 740.28 742.03 743.78 745.54 747.23 748.46 749.68 750.9 752.22 753.98 755.74 757.51 759.15 760.4 761.65 762.91 764.01 764.78 765.54 766.3 766.78 766.78 766.78 766.78 767.1 767.83 768.56 769.29 769.17 768.19 767.21 766.22 764.54 762.31 760.08 757.85 756.21 754.93 753.65 752.38 751.61 751.09 750.56 750.04 750.43 751.14 751.85 752.55 752.09 751.34 750.6 749.85 748.65 747.39 746.13 744.87 743.14
725.15 727.15 729.15 731.15 732.18 733.06 733.93 734.81 735.12 735.38 735.64 735.9 737.27 738.65 740.04 741.43 743.04 744.65 746.25 747.78 748.71 749.64 750.56 751.62 753.28 754.95 756.61 758.15 759.31 760.46 761.62 762.66 763.42 764.18 764.94 765.42 765.42 765.42 765.42 765.65 766.19 766.72 767.25 767.14 766.35 765.56 764.78 763.38 761.49 759.61 757.72 756.18 754.85 753.53 752.2 751.35 750.73 750.11 749.48 749.59 749.96 750.32 750.68 750.23 749.58 748.93 748.28 747.14 745.93 744.72 743.51 741.87
724.56 726.32 728.07 729.83 730.91 731.88 732.86 733.83 734.56 735.26 735.96 736.67 738.14 739.62 741.11 742.59 744.05 745.51 746.96 748.33 748.96 749.59 750.22 751.02 752.59 754.15 755.72 757.16 758.22 759.27 760.33 761.3 762.06 762.82 763.58 764.07 764.07 764.07 764.07 764.21 764.55 764.88 765.22 765.1 764.51 763.92 763.33 762.21 760.67 759.13 757.59 756.15 754.77 753.4 752.02 751.09 750.37 749.65 748.93 748.76 748.77 748.79 748.81 748.37 747.82 747.27 746.72 745.64 744.47 743.31 742.14 740.61
723.98 725.49 726.99 728.5 729.63 730.71 731.78 732.85 734 735.14 736.29 737.44 739.01 740.6 742.18 743.75 745.06 746.37 747.68 748.88 749.21 749.55 749.88 750.42 751.89 753.35 754.82 756.17 757.12 758.08 759.04 759.94 760.7 761.46 762.23 762.71 762.71 762.71 762.71 762.77 762.91 763.05 763.19 763.06 762.67 762.28 761.88 761.05 759.85 758.65 757.46 756.12 754.69 753.27 751.84 750.83 750.01 749.19 748.37 747.92 747.59 747.26 746.93 746.51 746.06 745.61 745.15 744.13 743.01 741.9 740.78 739.34
723.39 724.66 725.92 727.18 728.36 729.53 730.71 731.88 733.44 735.03 736.62 738.21 739.89 741.57 743.25 744.9 746.06 747.23 748.39 749.43 749.47 749.51 749.55 749.82 751.19 752.56 753.93 755.17 756.03 756.89 757.75 758.58 759.34 760.11 760.87 761.35 761.35 761.35 761.35 761.33 761.27 761.21 761.15 761.03 760.83 760.63 760.44 759.88 759.03 758.18 757.33 756.09 754.61 753.14 751.66 750.57 749.65 748.73 747.81 747.08 746.41 745.73 745.06 744.65 744.29 743.94 743.59 742.62 741.55 740.49 739.42 738.07
722.81 723.82 724.84 725.86 727.09 728.36 729.63 730.9 732.87 734.9 736.94 738.97 740.75 742.53 744.3 746.04 747.06 748.08 749.09 749.97 749.71 749.46 749.2 749.22 750.49 751.76 753.03 754.18 754.94 755.7 756.46 757.22 757.98 758.75 759.51 759.99 759.99 759.99 759.99 759.88 759.63 759.38 759.12 758.99 758.99 758.99 758.99 758.71 758.2 757.7 757.19 756.05 754.53 753 751.48 750.3 749.29 748.27 747.26 746.24 745.22 744.21 743.19 742.79 742.53 742.28 742.03 741.11 740.09 739.08 738.06 736.81
722 723.21 724.42 725.64 726.69 727.71 728.73 729.75 731.53 733.36 735.19 737.03 738.81 740.58 742.36 744.11 745.38 746.64 747.91 749 748.74 748.49 748.23 748.23 749.4 750.57 751.75 752.77 753.33 753.9 754.46 755.15 756.11 757.07 758.03 758.62 758.57 758.52 758.47 758.37 758.22 758.06 757.91 757.81 757.76 757.71 757.66 757.35 756.84 756.34 755.83 754.75 753.33 751.9 750.48 749.33 748.32 747.3 746.28 745.23 744.17 743.1 742.04 741.55 741.19 740.84 740.49 739.64 738.73 737.81 736.89 735.78
721.18 722.59 724.01 725.42 726.28 727.06 727.83 728.61 730.18 731.82 733.45 735.09 736.87 738.65 740.42 742.19 743.7 745.21 746.72 748.03 747.77 747.52 747.26 747.24 748.32 749.39 750.46 751.37 751.73 752.1 752.47 753.07 754.23 755.39 756.54 757.24 757.14 757.04 756.94 756.86 756.81 756.75 756.69 756.62 756.52 756.42 756.32 756 755.49 754.98 754.47 753.46 752.13 750.8 749.48 748.36 747.35 746.33 745.32 744.23 743.11 742 740.88 740.3 739.85 739.4 738.95 738.18 737.36 736.54 735.72 734.76
720.37 721.98 723.59 725.2 725.87 726.4 726.93 727.46 728.83 730.27 731.71 733.15 734.93 736.71 738.48 740.26 742.02 743.77 745.53 747.06 746.8 746.55 746.29 746.26 747.23 748.21 749.18 749.96 750.13 750.3 750.47 751 752.35 753.71 755.06 755.86 755.72 755.57 755.42 755.35 755.4 755.44 755.48 755.43 755.28 755.13 754.98 754.64 754.13 753.62 753.11 752.16 750.93 749.7 748.48 747.39 746.38 745.36 744.35 743.22 742.05 740.89 739.73 739.06 738.51 737.96 737.41 736.71 735.99 735.27 734.55 733.73
719.56 721.36 723.17 724.97 725.47 725.75 726.03 726.32 727.49 728.73 729.97 731.22 732.99 734.77 736.54 738.33 740.34 742.34 744.34 746.09 745.83 745.58 745.32 745.27 746.15 747.02 747.9 748.55 748.53 748.5 748.47 748.92 750.47 752.03 753.58 754.49 754.29 754.09 753.9 753.84 753.99 754.13 754.27 754.24 754.04 753.85 753.65 753.28 752.77 752.26 751.76 750.86 749.73 748.6 747.48 746.42 745.41 744.39 743.38 742.21 741 739.79 738.57 737.81 737.17 736.52 735.87 735.24 734.62 734 733.38 732.71
718.75 720.75 722.75 724.75 725.06 725.1 725.13 725.17 726.14 727.19 728.23 729.28 731.05 732.82 734.6 736.41 738.65 740.9 743.15 745.12 744.86 744.61 744.35 744.28 745.06 745.84 746.61 747.15 746.92 746.7 746.48 746.85 748.6 750.35 752.09 753.11 752.87 752.62 752.37 752.33 752.57 752.81 753.05 753.05 752.81 752.56 752.31 751.92 751.41 750.9 750.4 749.57 748.54 747.5 746.47 745.45 744.44 743.42 742.4 741.21 739.94 738.68 737.42 736.57 735.82 735.08 734.33 733.78 733.25 732.73 732.21 731.68
716.38 718.28 720.19 722.1 722.61 722.91 723.2 723.49 724.45 725.47 726.49 727.5 729.23 730.97 732.7 734.46 736.53 738.61 740.69 742.52 742.48 742.43 742.39 742.47 743.15 743.83 744.5 744.99 744.86 744.73 744.6 745.02 746.67 748.32 749.97 750.99 750.9 750.82 750.73 750.79 751.04 751.3 751.55 751.64 751.55 751.46 751.38 751.01 750.42 749.83 749.24 748.36 747.3 746.24 745.18 744.24 743.35 742.46 741.57 740.33 738.98 737.62 736.27 735.26 734.33 733.4 732.47 731.98 731.56 731.13 730.71 730.25
713.74 715.5 717.26 719.01 719.81 720.44 721.08 721.72 722.71 723.73 724.74 725.76 727.44 729.12 730.81 732.5 734.33 736.16 737.99 739.64 739.84 740.04 740.24 740.51 741.09 741.67 742.25 742.7 742.72 742.74 742.76 743.23 744.73 746.23 747.74 748.73 748.84 748.95 749.06 749.24 749.49 749.75 750 750.18 750.29 750.4 750.51 750.18 749.49 748.8 748.11 747.16 746.05 744.95 743.84 742.98 742.24 741.5 740.75 739.48 738.03 736.58 735.13 733.94 732.81 731.68 730.56 730.13 729.8 729.48 729.15 728.74
711.1 712.71 714.32 715.93 717 717.98 718.97 719.95 720.96 721.98 723 724.01 725.64 727.28 728.92 730.55 732.13 733.72 735.3 736.76 737.2 737.65 738.1 738.56 739.04 739.52 740 740.4 740.57 740.74 740.91 741.43 742.79 744.15 745.5 746.48 746.78 747.09 747.4 747.69 747.94 748.19 748.45 748.73 749.04 749.34 749.65 749.35 748.56 747.77 746.98 745.97 744.81 743.65 742.5 741.72 741.13 740.53 739.94 738.63 737.08 735.53 733.98 732.61 731.29 729.97 728.64 728.27 728.05 727.82 727.59 727.23
708.46 709.92 711.38 712.85 714.19 715.52 716.85 718.18 719.22 720.23 721.25 722.27 723.85 725.43 727.02 728.6 729.94 731.27 732.61 733.87 734.57 735.26 735.96 736.6 736.98 737.36 737.75 738.11 738.43 738.74 739.06 739.64 740.85 742.06 743.27 744.22 744.73 745.23 745.74 746.13 746.39 746.64 746.9 747.27 747.78 748.28 748.79 748.52 747.63 746.74 745.86 744.77 743.57 742.36 741.16 740.47 740.02 739.57 739.13 737.78 736.14 734.49 732.84 731.29 729.77 728.25 726.73 726.42 726.29 726.16 726.03 725.73
705.82 707.13 708.45 709.76 711.39 713.06 714.73 716.41 717.47 718.49 719.5 720.52 722.05 723.59 725.13 726.65 727.74 728.83 729.92 730.99 731.93 732.87 733.82 734.64 734.92 735.21 735.49 735.82 736.28 736.75 737.21 737.85 738.91 739.97 741.04 741.97 742.67 743.37 744.07 744.58 744.83 745.09 745.34 745.82 746.52 747.22 747.92 747.69 746.7 745.72 744.73 743.58 742.32 741.07 739.81 739.21 738.91 738.61 738.31 736.94 735.19 733.44 731.69 729.97 728.25 726.53 724.81 724.56 724.53 724.5 724.47 724.22
703.31 704.48 705.65 706.81 708.54 710.35 712.16 713.97 715.18 716.33 717.48 718.64 720.19 721.75 723.31 724.84 725.82 726.8 727.78 728.76 729.71 730.65 731.6 732.44 732.8 733.16 733.51 733.9 734.37 734.85 735.32 735.97 737.02 738.07 739.12 740.06 740.83 741.59 742.35 742.89 743.15 743.4 743.66 744.09 744.72 745.34 745.97 745.72 744.77 743.82 742.88 741.88 740.85 739.82 738.79 738.26 737.98 737.69 737.4 736.05 734.34 732.63 730.92 729.16 727.38 725.6 723.83 723.45 723.27 723.1 722.93 722.71
700.87 701.89 702.91 703.92 705.67 707.53 709.39 711.25 712.64 713.99 715.34 716.69 718.3 719.91 721.51 723.09 724.02 724.95 725.88 726.81 727.66 728.5 729.35 730.14 730.65 731.15 731.66 732.14 732.57 732.99 733.41 734.04 735.14 736.24 737.34 738.32 739.08 739.84 740.6 741.15 741.4 741.66 741.91 742.25 742.68 743.1 743.53 743.25 742.4 741.55 740.71 739.96 739.27 738.59 737.9 737.45 737.12 736.78 736.44 735.16 733.55 731.93 730.32 728.58 726.8 725.02 723.24 722.65 722.23 721.81 721.4 721.21
698.42 699.29 700.16 701.03 702.8 704.71 706.62 708.54 710.11 711.66 713.2 714.75 716.41 718.06 719.72 721.34 722.22 723.1 723.99 724.86 725.61 726.36 727.11 727.84 728.49 729.14 729.8 730.38 730.76 731.13 731.51 732.12 733.27 734.42 735.56 736.57 737.33 738.1 738.86 739.4 739.66 739.91 740.16 740.41 740.64 740.87 741.1 740.78 740.03 739.28 738.53 738.04 737.7 737.36 737.02 736.64 736.26 735.87 735.48 734.26 732.75 731.24 729.72 728 726.22 724.44 722.66 721.85 721.19 720.52 719.86 719.7
