testDir/InputMaps/malcataSlope_350.grass
north: 40:14:17.01N
south: 40:12:39.7468N
east: 7:02:14.5154W
west: 7:04:21.43W
rows: 350
cols: 350
[rows 175 to 209 of 350, columns 0 to 77 of 350]
0 0 44.38 50.72 68.47 79.77 73.23 62.41 58.11 51.16 43.32 43.09 45.81 47.89 43.99 32.07 23.16 21.75 21.11 21.09 21.08 21.58 23.29 25.68 28.01 29.67 30.15 29.86 28.11 26.74 28.27 30.69 33.3 36.22 41.45 48.19 50.3 51.53 51.4 49.17 46.07 44.38 45.29 47.52 47.89 47.54 47.07 46.87 47.32 46.51 41.73 35.55 32.45 29.22 26.3 25.36 25.07 25.86 27.1 27.31 26.14 24.89 25.3 27.4 28.73 27.58 23.74 18.07 19.82 21 31.34 40.4 36.66 29.91 27.63 31.83 36.07 37
0 0 47.67 53.62 70.07 80.48 72.94 60.57 55.74 47.47 38.6 39.85 46.11 50.78 48.43 39.87 32.02 27.25 22.54 21.11 20.53 20.58 22.68 25.61 28.14 29.88 30.92 30.67 27.78 25.97 28.31 31.49 34.18 36.6 40.68 46.71 48.87 50.94 51.9 50.38 47.63 45.8 46.46 48.56 49.11 49.11 49.11 49.59 51.22 51.27 46.08 39.2 35.82 32.49 29.19 27.69 26.96 28.23 30.3 30.97 29.61 27.69 27.67 29.58 30.16 29.28 24.96 14.67 15.93 17.18 27.04 35.51 34.04 31.39 30.44 32.31 33.84 33.91
0 0 51.18 56.49 71.18 80.48 72.23 58.68 53.39 43.13 32.15 33.79 42.77 49.75 48.63 43.54 38.23 31.57 23.03 20.04 18.69 18.09 20.38 23.81 26.73 28.85 30.9 31.4 27.71 25.46 28.14 31.43 34.2 36.59 40.06 45.65 47.99 50.56 51.9 50.53 47.96 46.19 46.76 48.63 49.11 49.11 49.11 49.85 52.63 53.73 48.07 40.22 36.44 33.01 29.52 27.97 26.89 28.27 30.29 31.02 29.98 27.8 27.77 29.95 30.3 32.16 29.68 15.84 15.13 15.97 23.88 30.85 31.82 34.45 36.23 35.51 33.69 32.8
0 0 53.43 58.18 71.01 79.12 70.87 57.41 52.17 40.48 26.98 26.24 35.14 43.26 43.24 41.92 40.69 34.34 24.51 21.54 20.56 19.66 20.68 22.84 25.12 27.2 30.49 33.3 31.74 30.32 31.36 32.14 32.64 32.91 34.51 39.44 41.87 44.72 45.71 42.88 37.92 32.89 31.19 32.69 34.29 35.82 37.84 41.54 48.71 54.55 53.1 48.86 46.95 44.76 41.91 40.02 37.03 33.46 29.62 26.72 25.02 21.91 19.77 19.23 17.84 26.84 30.11 17.8 15.67 15.21 21.14 26.94 29.53 35.92 39.36 36.48 32.48 31.51
0 0 53.64 57.31 68.08 75.04 68.54 57.72 53.31 41.45 27.66 26.64 33.58 39.35 38.72 37.69 37.68 33.01 25.54 24.3 24.42 23.32 22.5 22.69 23.79 25.49 29.07 33.92 36.11 36.01 34.81 32.77 30.71 28.65 28.57 32.61 35.26 39.1 40.55 37.26 32.32 27.89 24.47 21.68 21.45 21.96 24.3 30.34 40.73 50.94 56.13 58.01 58.85 58.12 55.93 53.65 48.89 39.87 29.74 23 20.16 16.15 10.58 6.31 6.64 19.26 24.74 18.39 16.45 14.37 18.82 24.3 27.06 34.01 37.99 36.93 34.85 33.98
0 0 51.62 54.55 63.5 69.34 65.31 58.45 55.54 44.57 31.88 30.77 33.97 36.14 34.97 32.78 32.21 28.93 23.73 23.49 24.5 24.09 23.14 22.65 23.17 24.53 27.28 32 35.83 36.66 35.13 32.79 30.44 28.16 27.91 30.96 33.93 39.35 42.41 40.69 39.25 37.45 28.94 18.83 16.57 15.97 18.27 24.93 34.78 45.21 53.17 57.91 59.82 59.62 57.83 55.58 51.71 43.8 33.62 25.35 20.92 17.18 10.94 4.94 6.91 13.13 17.89 17.53 15.98 13.11 16.48 22.04 24.25 30.14 33.65 35.88 38.2 38.54
0 0 49.16 51.63 59 63.82 62.08 58.95 57.56 47.64 36.02 34.27 33.47 32.48 31.29 28.41 27.48 25.35 21.72 21.74 23.21 23.95 24.04 23.92 24.48 25.76 27.99 32.31 36.62 38.31 37.66 36.16 34.29 32.21 31.59 33.03 35.21 41.51 46.38 47.01 49.13 48.67 34.24 17.8 15.64 15.73 18.72 24.67 32.32 41.01 48.87 54.05 55.78 55.31 53.76 51.86 50.67 47.65 39.69 30.22 24.18 20.99 15.83 11.06 8.83 9.44 13.77 16.65 15.86 13.17 14.87 19.71 21.24 26.23 29.26 34.53 41.28 43.04
0 0 47.52 49.76 55.9 59.87 59.32 58.31 58.06 49.64 39.66 37.7 34.52 31.98 31.22 28.34 26.85 24.35 20.18 18.84 19.6 22.02 25.57 28.59 30.72 32.46 34.54 37.77 41.17 44.03 46.37 47.83 47.64 46.26 44.83 43.06 41.76 46.62 53.17 58.2 64.82 67.17 55 42.04 37.22 33.39 32.5 33.69 35.72 38.6 41.53 43.64 43.15 40.65 38.7 37.72 41.49 46.47 44.14 37.43 32.1 29.36 25.71 22.62 19 16.29 15.75 15.64 15.7 15.43 15.64 16.92 17.51 23.02 26.27 33.63 43.85 46.84
0 0 48.34 50.01 54.83 57.95 57.19 56.03 56.07 49.37 41.58 40.61 37.94 35.41 34.37 31.25 28.84 25.22 19.96 17.44 16.56 19.58 26 31.76 35.28 37.43 39.55 42 44.65 48.21 52.63 56.12 57.19 56.34 54.7 51.35 47.4 49.6 56.04 64.67 75.1 81.23 75.24 64.83 56.51 47.86 42.96 40.73 38.98 37.75 37.1 37.73 36.56 32.17 28.93 28.29 34.19 42.14 43.96 41.63 38.25 35.63 32.67 30.82 27.87 23.29 18.71 15.2 15.32 17.05 16.58 13.36 12.84 20.77 25.39 34.01 46.13 49.73
0 0 49.5 50.75 54.4 56.78 55.31 53.01 52.64 46.98 40.36 39.62 37.49 35.41 34.53 31.88 29.77 26.11 20.72 18.13 15.69 19.25 25.92 31.42 34.99 37.24 39.63 42.24 44.93 48.57 53 56.12 57.25 56.49 55.55 53.47 49.04 48.42 52.74 61.6 72.55 79.09 75.79 67.54 59.7 49.29 43.19 40.97 39.21 37.94 37.73 39.78 39.67 34.11 29.27 28.28 32.54 38.69 41.4 41.46 39.52 36.74 33.4 31.38 28.95 24.91 20.71 15.55 15.3 17.09 16.03 10.81 8.03 18.9 25.39 34.85 48.14 52.07
0 0 50.94 51.74 54.28 55.92 53.58 49.86 48.79 43.75 37.85 37.16 35.23 34.06 34.75 34.05 33.34 30.71 26.31 23.79 19.92 21.78 24.6 26.1 28.32 30.63 33.14 35.62 37.93 40.98 44.38 45.68 46.23 45.3 46.34 48.87 47.53 45.84 46.24 51.48 61.18 67.82 67.29 63.42 59.47 50 43.91 42.08 40.64 39.69 40.27 43.96 45.1 38.88 33.4 32.87 35.88 39.93 42.28 43.42 42.37 39.08 34.91 32.1 29.8 26.92 24.27 18.34 17.57 18.28 17.33 14.57 9.48 17.42 24.4 34.44 48.75 52.88
0 0 52.9 53.33 54.97 56.05 52.7 47.29 45.36 40.62 35.11 34.23 31.07 30.1 33.57 36.32 38.05 37.44 34.78 32.36 27.01 23.99 21.05 18.22 18.67 21.06 23.75 26.02 27.75 29.98 31.9 30.23 30.24 29.26 32.17 38.89 42.81 43.2 39.94 39.94 46.88 52.67 54.22 54.76 55.6 49.47 44.81 43.53 42.56 42.11 43.53 48.67 51 44.59 39.38 39.92 42.73 45.12 45.95 46.92 46.18 42.31 37.21 33.4 30.59 28.37 27.4 22.21 20.68 19.93 19.38 19.66 16.36 18.03 21.46 30.94 46.14 50.99
0 0 55.17 55.35 56.35 57.01 52.61 45.46 42.79 38.49 33.51 32.42 26.86 24.94 30.33 35.49 38.74 39.39 38.04 35.92 30 24.11 18.74 15.4 15.95 18.39 21.23 23.4 24.99 27.04 28.52 25.21 25.74 25.09 26.47 32.21 39.08 43 41.03 38.63 41.69 45.6 48.01 50.16 52.59 48.84 45.28 44.15 43.23 42.88 44.7 50.85 53.93 46.64 40.88 41.77 44.84 47.06 47.45 48.94 48.95 44.91 39.5 35.42 31.82 28.92 28.26 23.58 21.58 20.4 20.09 21.17 18.87 17.03 16.35 24.96 40.86 46.3
0 0 57.53 57.49 57.9 58.19 52.74 43.88 40.57 36.78 32.39 31.14 23.23 20.66 26.87 33.1 37.05 38.41 38.25 36.81 31.3 24.74 19.22 15.82 17.29 19.63 22.35 24.37 25.89 27.81 29.07 24.95 26.29 25.91 24.58 28.61 36.29 43.33 45.24 41.36 40.25 42.29 45.25 47.93 50.52 48.22 45.35 44.18 43.03 42.39 44.31 51.38 55.22 46.81 40.05 40.73 43.86 46.43 46.97 49.55 50.68 46.76 41.35 37.4 33.01 28.97 28.09 23.64 21.39 20.27 20.12 21.14 19.29 15.66 11.69 18.59 34.84 40.4
0 0 60.69 60.48 60.41 60.36 54.33 44.66 41.05 37.46 33.49 32.4 23.99 19.95 22.43 26.38 29.42 30.66 32.36 34.13 32.69 29.92 27.72 25.86 27.36 28.57 30.14 31.32 31.58 30.73 28.51 21.56 23.49 23.49 18.52 20.24 26.1 36.6 45.22 42.71 40.05 41.15 44.2 46.49 47.89 45.41 42.57 41.2 38.8 35.42 35.78 44.58 51.13 44.52 36.98 34.7 35.6 37.47 37.62 41.95 45.4 42.38 37.62 34.8 30.4 25.78 25.47 21.93 19.75 18.74 19.04 20.72 20.74 19.37 17.34 19.74 31.76 35.22
0 0 63.43 63.43 63.43 63.43 57.73 48.41 44.48 40.05 35.65 34.75 27.18 21.16 19.82 21.41 23.41 23.6 25.37 29.51 32.55 34.03 35.09 35.32 36.56 36.72 37.31 37.77 36.53 32.46 26.31 18.6 22.08 22.34 13.4 13.92 17.02 29.24 41.87 41.36 39.55 40.74 43.92 45.99 46.28 43.15 40.1 38.73 35.97 31.04 29.86 37.12 43.96 41.41 35.16 30.46 29.73 31.16 31.3 37.12 42 39.4 34.66 32.33 27.5 22.12 22.3 20.14 18.28 17.37 17.86 19.95 21.67 23.04 24.39 27.63 36.11 38.22
0 0 63.43 63.43 63.43 63.43 58.06 49.26 45.52 40.2 34.83 33.97 27.65 22.02 20.72 21.91 23.41 22.44 22.86 27.03 31.35 33.7 34.9 35.34 36.56 36.72 37.31 37.77 35.94 31.18 24.68 19.89 24.26 24.22 13.02 15.25 17 26.84 39.04 38.8 37.47 38.99 42.83 45.78 46.29 43.42 40.52 39.5 38.31 35.18 32.33 34.22 38.62 39.79 36.78 32.81 32.05 32.98 33.13 38.58 43.1 40.23 34.93 32.33 26.75 20.66 20.86 19.9 18.41 17.46 17.66 19.38 21.36 23.04 24.48 27.6 34.75 36.32
0 0 62.77 63.66 64.6 65.29 61.03 53.59 50.18 44.19 38.27 37.31 32.43 27.5 25.8 26.06 27.07 25.89 25.84 29.12 32.8 35.21 36.69 37.79 39.66 40.4 40.72 40.09 36.88 31.92 26.12 23.49 27.54 27.46 15.87 17.12 15.48 22.01 33.65 33.51 32.39 34.09 38.57 42.6 43.55 41.03 38.27 37.77 39.07 39.06 35.12 32.38 34.01 36.89 36.6 33.92 33.42 33.95 33.95 38.97 43.21 40.42 34.88 31.99 25.33 17.32 15.96 14.22 12.56 12.04 12.26 13.91 16.12 18.33 20.33 24.46 32.03 34.14
0 0 59.47 63 67.05 70.05 68.55 64.02 61.17 54.85 48.73 47.16 43.04 38.45 35.96 35.16 36.13 36.04 35.63 36.22 37.26 38.9 40.85 43.17 46.61 48.54 48.17 45.03 39.68 34.86 30.32 28.53 31.51 32.28 23.12 17.78 10.95 15.41 25.53 24.99 23.6 25.28 30.52 36.02 37.66 35.67 33.14 33.28 37.28 40.65 37.42 32.5 31.01 33.03 34.58 33.48 34.06 34.95 34.68 38.38 41.64 39.53 34.77 32.04 24.63 14.62 11.61 7.61 3.69 2.95 0.84 2.75 5.44 8.95 12.06 19.06 29.09 32.79
0 0 52.81 58.85 66.13 71.37 72.45 70.75 68.65 61.95 55.41 53.39 49.55 45.08 42.02 40.21 41.01 41.77 41.19 40.21 39.75 40.91 43.12 46.32 50.9 53.21 52.02 47.41 41.4 37.6 34.17 31.75 32.91 34.27 28.11 18.2 9.94 13.59 19.52 18.86 17.83 19.85 25.52 32.09 34.18 32.91 30.91 31.28 35.89 40.19 38.03 33.23 30.46 31.96 34.54 34.26 36.18 38.23 37.47 38.33 39.39 38.29 35.44 33.63 26.74 17.65 16.08 12.19 8.92 7.54 5.82 4.96 4.94 7.99 10.7 19.01 30.08 34.34
0 0 44.96 52.32 61.57 68 70.7 71.41 70.24 63.09 56.07 54.05 50.69 46.58 43.1 40.06 40.29 41.48 41.24 40.28 39.74 40.91 43.17 46.86 51.95 53.71 51.71 47.26 42.07 39.92 37.44 33.34 31.92 33.05 30.25 22.36 15.86 14.24 15.13 15.44 15.99 18.79 24.2 31.14 33.4 32.93 31.63 31.85 35.65 39.26 37.61 33.63 31.19 33.12 36.33 36.26 39.39 42.73 41.22 38.63 37.07 37.13 36.56 35.93 29.92 22.03 20.6 13.59 8.66 7.33 6.46 6.8 7.52 11.14 13.88 22.2 33.32 37.5
0 0 40.4 46.79 55.74 61.82 64.92 67.9 68.96 63.1 56.13 53.46 50.03 46.62 43.39 38.99 37.35 36.96 35.45 33.4 31.77 32.39 34.22 38.28 43.91 44.74 43.43 43.74 44.47 47.98 50.22 48.81 46.92 46.03 44.26 39.13 31.23 23.37 21.21 22.44 22.64 22.71 24.89 30.67 33.17 34.02 35.03 37.29 41.62 45.02 44.21 41.3 38.71 39.75 42.59 42.75 46.68 50.47 47.62 41.83 37.73 37.48 37.5 37.76 33.52 27.38 25.22 14.96 7.95 7.66 9.26 12.37 15.14 19.73 23.31 30.77 40.8 44.72
0 0 39.28 43.44 51.03 56.25 58.76 62.61 65.47 62.28 56.6 53.32 49.2 46.05 43.39 38.19 34.56 32.18 29.09 25.82 22.47 22.47 23.91 28.87 35.5 35.29 34.22 39.1 45.92 54.87 62.98 67.44 67.06 63.65 60.92 57.19 48.85 38.5 34.46 33.95 31.61 27.93 26.74 30.32 32.8 34.51 37.85 43.17 49.36 53.39 53.3 51.22 48.27 47.93 49.82 50.32 55.44 60.04 56.39 49.04 42.94 39.99 37.01 37.19 36.69 35.15 35.81 30.98 27.23 25.27 24.88 26.71 28.84 32.62 35.87 41.84 49.95 53.04
0 0 38.08 41.91 49.45 54.72 56.68 59.88 62.75 61.85 58.27 55.16 50.25 46.55 44.05 38.82 34.85 32.29 29.14 25.85 21.28 21.16 22.71 28.47 35.82 35.61 34.2 38.65 45.6 54.24 63.01 69.57 71.09 67.79 66.06 64.06 55.19 41.97 36.56 35.96 33.62 29.64 27.7 29.53 31.63 32.99 36.61 42.59 49.51 54.22 54.74 53.76 51.27 50.27 51.17 51.52 58.34 64.91 61.39 54.35 48.41 42.81 34.66 32.9 34.4 35.03 36.6 33.69 30.35 28.01 27.24 29.3 31.48 35.52 38.88 44.6 52.23 55.07
0 0 35.34 38.73 46.36 52.05 53.88 56.48 59.06 60.12 58.86 56.28 50.73 46.56 44.48 39.69 35.93 33.7 31.12 28.48 23.24 23.09 24.68 30.52 37.81 37.42 35.54 38.32 43.3 49.55 56.83 63.4 67.28 65.55 66.48 67.4 58.43 42.3 35.9 36.07 35.07 32.36 30.26 30.85 32.91 34.26 37.57 42.59 48.94 53.98 55.09 55.25 53.31 51.43 50.99 50.68 59.12 68.03 65.14 59.06 53.86 45.74 32.25 28 30.25 31.84 33.66 31.96 29.47 27.61 26.9 29.18 31.19 35.46 38.85 44.12 50.93 52.95
0 0 28.71 30.28 37.46 43.7 46.51 49.42 51.65 54.23 55.54 54.09 48.21 44.21 43.61 40.32 37.47 36 34.76 34.02 30.32 30.49 31.53 35.48 40.28 38.15 34.26 33.27 33.27 33.87 36.22 40.6 48.56 51 58.21 64.93 57.28 39.11 33.11 35.42 37.49 38.16 38.04 39.61 42.88 44.92 46 47.04 50.52 54.85 56.49 57.68 55.88 52.47 49.9 47.9 57.08 67.99 66.77 62.93 59.22 49.12 31.03 23.2 23.62 24.23 25.76 24.83 24.46 25.13 25.59 27.16 27.96 31.94 34.88 38.44 42.61 42.36
0 0 26.31 26.35 30.83 35.54 39.55 43.64 46 49.85 53.25 52.52 45.73 41.44 42.15 40.53 38.65 37.51 36.94 37.53 35.56 36.1 36.65 38.67 40.6 37.03 32 28.82 25.5 22.09 20.85 24.21 34.96 39.64 51.84 62.98 55.74 35.74 30.7 34.46 38.53 41.61 43.46 46.47 50.81 53.41 52.64 50.78 52.07 55.43 57.71 60.48 59.4 55.06 51.16 48.21 56.32 66.44 66.6 65.68 64.05 52.8 31.86 21.52 19.88 18.68 19.65 18.79 20.07 22.95 24.6 24.99 24.87 28.98 31.96 33.08 33.74 32.56
0 0 29.24 27.94 28.25 30.59 35.76 41.3 44.23 49.2 54 53.34 45.16 39.96 41.13 40.54 39.22 37.74 36.65 37.06 35.46 36.11 36.61 37.85 38.51 35.1 30.88 28.21 25.03 22 20.97 23.84 32.67 37.12 50.95 64.03 56.16 34.6 30.43 33.97 37.81 40.88 42.73 45.95 50.4 53.32 52.82 51.02 52.1 54.93 58.03 63.11 63.6 59.17 55.01 52.14 57.9 65.35 66.19 68.01 68.53 56.47 33.76 22.53 19.77 17.25 18.05 17.55 19.63 22.81 24.59 24.17 23.94 28.53 31.96 30.66 27.39 24.5
0 0 35.56 33.78 31.68 32.93 38.33 43.58 44.97 48.73 53.85 53.5 44.35 37.91 38.58 38.56 38.51 38 38.01 40.07 40.73 42.13 42.58 42.89 42.08 38.77 35.54 33.7 30.89 27.62 24.98 25.3 30.73 33.39 48 62.96 55.03 32.16 28.55 31.01 33.71 35.78 36.33 38.19 40.95 43.14 44.41 44.94 46.96 48.67 51.45 59.49 62.87 59.7 56.23 53.87 57.5 62.41 64.06 68.71 71.78 60.05 37.33 26.19 22.39 18.45 17.88 16.06 17.27 19.16 20.3 20.05 20.62 25.7 28.94 25.73 21.02 18.42
0 0 43.82 43.64 42.26 43.18 47.16 50.86 49.54 49.67 52.87 52.74 43.6 36.16 35.57 35.14 36.29 37.63 40.07 45.1 49.18 51.65 52.08 51.71 49.85 46.65 44.3 43.37 40.77 36.85 31.94 28.96 30.56 30.74 44.59 59.6 52.08 28.93 25.74 26.63 27.82 28.47 26.79 26.18 26.19 27.12 30.65 34.84 39.27 41.02 43.26 53.74 59.41 58.48 56.96 55.59 56.45 58.17 60.27 66.53 71.48 61.81 42.1 32.33 27.82 22.42 19.56 14.72 13.55 13.37 13.68 14.32 16.2 21.12 23.57 20.63 17.56 17.05
0 0 46.09 46.85 46.18 47.1 51.07 56.45 55.65 52.51 52.18 51.79 43.42 36.14 34.71 33.12 34.25 36.41 40.27 46.75 52.39 55.2 55.57 54.8 52.39 49.29 47.46 47.01 44.31 41.24 36.92 33.03 32.83 32.08 43.48 56.03 48.96 27.03 24.92 25.07 25.81 26.2 23.52 21.73 20.72 21.34 25.45 30.67 37.15 41.66 43.57 53.1 58.34 59.29 60.09 59.5 56.61 54.43 56.5 62.74 67.95 60.42 44.21 35.78 31.19 25.36 21.8 14.89 11.99 11.09 11.41 12.72 14.62 17.71 18.73 18.2 18.6 19.41
0 0 44.46 45.38 45.04 46.16 51.14 60.47 62.11 56.05 51.84 51.02 43.69 37.12 35.17 32.33 33.03 35.41 40.13 46.95 52.49 54.95 55.19 54.12 51.4 48.34 46.81 46.63 43.75 43.08 41.3 37.39 36.1 35.05 43.36 52.74 46.18 26.18 25.41 25.27 26.13 26.86 24.03 21.94 20.82 21.78 26.29 30.27 37.73 45.95 47.22 54.38 58.33 60.95 64.04 64.06 57.19 51.03 53 58.7 63.56 57.79 44.69 37.53 33.26 27.75 24.46 16.34 12.2 11.22 11.77 13.51 14.66 15.4 14.55 16.55 20.93 22.8
0 0 29.82 31.59 31.54 32.35 39.84 56.91 64.42 59.54 55.06 55.53 51.34 46.91 44.65 41.01 40.14 40.18 41.08 42.27 42.36 41.98 41.34 39.77 37.17 34.54 32.94 31.86 28.01 34.08 39.94 40.45 40.87 40.46 45.98 52.75 48.18 33.55 32.65 31.39 32.17 33.93 32.71 30.62 28.35 26.23 24.88 21.08 29.33 43.7 47.22 54.4 57.84 61.43 66.28 67.34 58.52 50.2 51.74 56.32 60.44 56.17 46.52 42.4 40.75 38.01 36.59 30.98 26.61 23.75 22.03 21.88 21.56 21.68 21.61 23.75 27.83 28.85
0 0 16.51 18.23 18.62 19.2 28.83 49.64 60.43 59.07 57.56 60.08 59.35 57.03 54.67 50.45 47.91 45.33 41.47 36.57 31.83 29.23 27.84 25.79 23.42 21.12 19.25 17.33 12.76 23.96 33.74 39.58 43.9 44.84 48.7 53.86 51.6 41.53 39.46 37.32 37.94 40.51 41.1 39.2 35.88 30.34 21.56 12.46 24.29 38.62 44.33 53.78 58.04 60.88 65.13 66.87 59.42 51.77 52.4 55.16 58.08 54.52 47.06 45.71 47.12 47.52 48.38 45.56 40.94 36.28 32.31 30.08 28.79 30.17 33.3 36.38 37.09 34.37
0 0 11.38 14.84 17.37 18.78 26.76 44.59 54.49 54.52 54.42 57.48 58.59 57.58 55.19 50.82 48.16 45.67 41.37 35.97 31.21 28.88 27.56 25.55 23.35 20.91 18.41 15.77 12.81 20.45 28.51 36.55 43.39 44.75 46.8 50.31 49.22 41.49 39.17 37.28 37.74 39.98 41.09 39.62 36.42 31.35 23.17 16.92 25.11 34.08 41.3 53.55 59.17 60.28 62.27 63.51 57.8 51.77 52.01 53.2 54.99 51.64 44.7 43.8 45.83 46.89 47.91 46.06 41.75 36.99 32.29 29.69 28.55 30.91 34.73 36.63 35.38 31.79
