testDir/InputMaps/malcataSlope_350.grass
north: 40:14:17.01N
south: 40:12:39.7468N
east: 7:02:14.5154W
west: 7:04:21.43W
rows: 350
cols: 350
[rows 315 to 349 of 350, columns 0 to 77 of 350]
0 0 28.07 28.18 26.5 24.66 11.42 15.31 23.54 26.5 30.08 31.47 39.99 47.71 42.11 25.65 15.22 21.92 33.96 38.95 35.02 30.3 30.26 38 46.18 49.91 55.08 59.43 59.7 57.28 56.07 57.83 59.21 56.89 42.18 30.29 25.68 21.63 20.25 20.03 19.74 19.21 18.49 18.25 18.45 18.91 19.72 20.84 23.86 26.96 28.67 32.85 34.99 35.17 35.26 34.75 36.64 39.56 41.37 43.78 44.68 43.32 41.39 39.97 44.73 52.27 55.04 44.7 32.73 30.22 28.81 28.21 27.84 27.31 26.97 22.64 16.65 15.65
0 0 32.25 30.32 23.38 17.54 6.73 19.06 27.12 29.08 31.25 32.03 37.66 42.78 38.4 25.77 17.37 23.44 35.57 40.87 36.48 30.8 29.67 32.87 37.5 42.52 49.83 55.69 57.77 56.91 54.74 55.66 58.25 57.81 45.27 35.84 33.54 30.18 27.72 26.07 25.2 24.94 24.49 23.72 22.83 21.95 21.14 20.59 22.72 25.7 27.17 31.39 33.92 35.28 36.2 35.4 34.54 34.73 36.44 40.4 43.98 45.54 46.35 46.37 49.85 55.31 57.75 51.75 43.75 40.59 37.58 35.43 33.51 30.86 29.21 23.64 16.87 15.94
0 0 39.99 34.8 19.79 8.71 8.02 22.27 28.49 30.12 32.04 32.43 33.57 34.2 31.67 24.73 19.5 24.49 34.76 39.48 37.21 33.64 32.14 29.25 28.89 35.33 44.52 51.59 55.67 57.67 56.48 56.48 58.19 57.93 46.18 37.38 35.62 32.41 29.59 27.58 26.48 26.21 25.86 24.99 23.87 22.7 21.53 20.72 23 26.12 27.21 30.66 32.87 35.71 38.56 38.22 34.62 32.04 33.53 36.92 40.49 43.67 46.74 47.93 50.71 55.04 57.21 54.2 49.04 45.86 41.99 39.15 37.14 34.19 32.18 25.32 17.15 15.8
0 0 48.03 39.49 16.22 0.1 10.19 22.79 27.56 29.2 31.14 31.13 28.27 25.24 24.99 23.48 21.41 25.26 33.26 37.01 36.93 36.14 34.86 26.32 21.76 29.07 38.99 46.56 52.17 57.27 57.9 57.32 57.93 57.45 45.95 37.04 35.22 31.88 28.82 26.6 25.11 24.57 24.07 22.99 21.59 20.16 18.78 18.02 21.15 24.88 25.67 28.3 30.03 34.48 39.82 40.51 34.63 29.57 30.72 32.98 35.8 39.92 44.83 47.04 49.27 52.72 54.66 54.39 52.08 49.03 44.33 40.81 38.91 36.05 34.16 26.27 16.52 14.45
0 0 55.41 44.13 14.72 3.86 10.3 20.85 24.99 26.84 29.01 28.93 24.47 20.92 22.07 23.27 23.24 25.87 31.3 33.76 34.67 35.87 35.93 26.58 20.66 24.11 30.94 36.64 42.32 50.51 54.03 54.53 55.19 54.69 42.92 33 30.71 26.63 22.82 19.8 16.99 15.18 13.66 11.5 8.96 6.72 5.43 7.68 16.22 22.53 23.77 25.48 26.05 30.66 36.98 38.47 32.34 26.36 26.5 26.67 27.64 31.98 38.61 42.14 44.41 47.43 49.12 51.62 52.66 50.16 44.84 40.87 39.28 36.64 35.12 27.14 15.99 11.87
0 0 61.12 49.64 19.71 0.24 9.63 21.74 26.67 28.81 31.22 31.62 27.99 23.91 23.61 25.54 26.86 27.96 30.21 31.11 30.82 31.36 33.23 28.37 23.02 22.39 26.08 29.84 35.19 44.65 49.51 51.37 52.97 52.64 41.06 30.57 28.04 23.6 19.46 15.95 11.91 9.26 8.69 9.44 10.97 13.11 15.72 19.75 26.94 32.75 34.09 34.53 34.02 34.81 35.47 33.71 29.11 25.39 24.88 22.87 21.72 25.93 33.52 37.73 40.04 42.92 44.45 49.73 54.06 51.87 45.73 41.1 39.55 36.69 35.22 28.59 18.7 15.33
0 0 64.53 53.7 25.37 6.81 6.46 19.7 25.62 27.76 30.18 30.75 28.63 25.87 26.07 29.31 31.52 30.59 29.32 28.77 26.57 25.1 27.55 27.01 24.25 23.49 26.1 28.91 33.94 42.81 47.44 50.15 52.77 52.69 42.04 32.13 29.78 25.7 21.9 18.32 13.85 11.13 11.78 13.87 15.26 16.19 17.84 21.72 28.89 34.5 35.11 34.31 33.2 31.89 29.08 25.84 25.03 25.39 24.44 20.68 18.29 22.87 31.03 35.54 37.89 40.8 42.37 50.21 57.31 54.98 47.73 42.23 40.42 36.99 35.22 30.59 23.57 21.19
0 0 68.23 57.95 31.19 13.84 7.04 17.84 25.09 28.15 30.82 30.86 29.25 27.55 28.58 33.09 35.98 33.24 29.15 27.57 23.67 20.02 21.67 23.13 22.82 22.91 25.17 27.05 31.36 39.46 43.53 46.66 50.15 50.4 40.43 30.81 28.8 25.27 22.16 18.8 14.09 11.77 14.5 18.57 20.56 20.83 21.51 24.73 31.01 35.71 35.39 33.97 33.46 31.37 26.41 21.52 22.46 25.7 24.33 19.21 15.22 18.9 26.75 30.93 32.85 35.44 36.62 47.17 57.58 55.99 48.6 42.84 40.92 37.08 35.02 32.13 27.83 26.39
0 0 72.48 62.61 37.21 20.88 11.35 15.9 24.64 30.25 34.18 33.05 30.05 28.13 30.16 35.82 39.58 37.03 32.5 30.05 24.14 17.81 17.12 17.94 18.93 20.58 23.85 25.62 29.1 36.31 39.65 42.7 46.49 46.92 37.82 28.8 27.48 25.01 23.24 20.71 16.62 15.46 19.43 24.31 26.47 26.05 25.72 27.89 32.54 35.71 34.92 34.32 35.67 33.98 29.23 24.9 25.39 28.6 26.75 22.54 20.23 23.18 28.49 30.76 31.4 32.81 32.92 43.57 54.71 53.7 47.65 42.86 41.06 37.25 35.13 33.24 30.61 29.78
0 0 77.02 67.57 43.38 27.92 17.14 13.83 22.6 30.86 37.88 36.62 31.19 27.52 29.99 36.11 40.36 39.18 36.16 33.84 26.39 18.2 16.36 15.73 16.02 18.66 23.79 26.7 29.61 35.82 38.63 41.31 44.71 45.13 37.52 29.94 29.1 27.57 26.69 24.33 20.21 19.21 23.27 28.1 30.08 28.94 27.87 29.44 32.85 34.92 34.81 36.19 38.92 35.99 30.75 27.12 27.11 29.72 27.85 25.47 25.14 28.03 31.45 32.25 32.23 32.96 32.52 40.92 50.04 49.24 45.64 42.81 41.25 37.89 36 34.36 32.15 31.48
0 0 81.6 72.61 49.61 34.95 23.42 13.3 20.11 29.97 41.17 40.55 32.51 26.52 28.99 35.07 39.31 39.36 38.43 37.07 28.74 19.41 17.29 15.1 14.14 17.4 24.45 28.89 31.24 36.33 38.63 40.84 43.66 44.07 38.18 32.22 31.59 30.67 30.2 27.48 22.66 21.25 25.28 30.12 32.02 30.27 28.67 30.03 32.62 33.99 35.08 38.8 42.47 36.9 30.05 26.4 25.67 28.05 26.54 25.89 26.73 28.84 30.6 30.39 30.25 30.87 30.36 36.96 44.24 44.04 43.38 42.81 41.52 38.74 37.16 35.53 33.32 32.65
0 0 84.42 76.42 55.15 41.46 28.64 11.07 12.54 23.45 40.43 42.58 35.29 28.48 29.26 33.93 37.58 38.62 39.87 40.29 33.12 24.49 21.68 17.69 13.94 15.19 22.86 28.6 31.55 36.58 38.84 40.87 43.36 43.73 39.37 34.87 34.23 33.45 32.94 29.82 24.31 22.33 25.97 30.12 31.27 28.62 26.69 28.5 31.31 33.14 35.46 39.81 42.18 32.46 24.16 23.87 25.37 27.68 26.18 25.9 26.08 26.14 26.48 26.28 27.1 28.67 28.91 34.6 40.47 40.33 41.09 41.78 40.49 37.82 36.52 35.31 33.66 33.66
0 0 85.16 78.22 59.19 46.87 32.84 10.68 5.55 16.55 35.25 39.91 37.62 32.91 31.56 33.64 35.84 36.98 38.9 40.81 37.09 31.01 27.73 22.91 17.54 17.06 21.74 25.26 29.3 35.75 38.68 41.02 43.71 44.07 40.91 37.56 36.69 35.27 34.39 32.1 27.72 25.68 27.61 29.87 30.28 28.07 26.63 28.48 31.36 33.68 36.03 38.63 38.81 28.01 19.11 21.79 25.94 27.66 25.87 24.69 23.29 22.19 22.82 23.39 25.26 27.98 29.03 34.59 40.11 40.34 40.98 41.21 38.9 34.58 32.49 31.9 31.85 34.17
0 0 85.19 79.11 62.41 51.59 36.48 12.41 5.61 13.25 29.22 34.51 37.29 36.72 34.72 34.28 34.74 35.31 36.33 38.04 36.86 33.31 30.63 27.32 23.82 22.07 21.06 20.67 25.79 33.94 37.61 40.4 43.63 44.15 42.1 39.84 38.66 36.13 34.47 33.42 31.32 30.33 30.39 30.34 30.3 29.75 29.79 31.36 33.64 35.57 36.71 36.88 35.69 27.51 20.69 23.09 26.4 26.55 24.56 22.78 20.72 19.93 21.91 23.28 25.56 28.86 30.07 35.13 40.12 40.14 39.71 39.05 35.88 29.76 26.72 26.37 26.87 29.86
0 0 84.78 79.59 65.21 55.86 39.91 14.14 5.61 9.98 23.4 29.36 36.79 41.02 39.24 37.15 36.24 36.13 35.94 36.56 36.54 34.88 32.78 31.1 29.67 26.8 20.77 17.24 22.96 32.22 36.33 39.49 43.22 43.76 42.51 41.21 39.99 36.6 34.26 34.37 34.57 34.77 33.15 30.93 30.47 31.57 33.14 34.33 35.67 36.7 36.32 34.28 32.24 26.94 22.78 25.2 27.21 26.68 25.35 23.47 20.8 19.71 22.06 23.62 25.99 29.69 30.91 35.43 39.96 39.65 37.75 35.85 31.91 24.52 21.48 22.41 24.11 27.54
0 0 83.05 78.67 66.4 58.53 43.16 17.89 7.65 6.4 17.99 24.82 35.62 44.74 46.3 46.3 45.34 43.93 41.65 39.17 37.45 36.04 34.26 32.7 32.1 30.17 23.53 18.66 22.75 31.43 35.32 38.94 43.42 44.09 42.65 41.34 40.32 36.88 34.47 35.45 37.3 38.36 35.51 31.69 30.93 33.46 36.32 36.91 36.44 35.65 33.81 30.54 28.68 26.41 25.17 27.97 29.01 29.46 30.52 29.69 26.88 24.57 24.79 24.58 26.07 29.91 30.92 35.09 39.49 38.61 34.15 30.21 26.7 21.08 21.28 24.96 27.85 30.34
0 0 80 76.18 65.44 58.76 45.65 23.61 13.79 7.16 13.81 21.29 32.7 44.14 49.47 53.19 53.37 51.4 48.52 44.48 41.12 39.09 37.27 32.68 29.85 30.4 27.31 23.15 25.29 32.44 35.73 40.23 45.93 46.99 44.05 41.07 40.18 37.51 35.75 37.05 39.33 40.52 36.9 32.19 31.27 34.98 38.94 38.82 36.11 33.41 31.37 28.48 27.18 27.4 28.81 31.87 31.63 32.23 34.64 34.16 31.4 28.26 26.32 24.01 24.66 29.04 30.09 34.45 39.21 37.53 29.41 22.81 21.27 19.94 23.37 28.32 31.51 33.04
0 0 76.48 73.1 63.55 57.61 46.94 28.79 20.8 12.9 12.53 19.57 29.16 39.93 46.45 52.75 54.84 53.89 52.99 50.19 46.43 43.62 41.44 32.35 25.59 27.7 28.53 27.13 28.78 34.35 36.9 42.35 49.22 50.38 45.1 39.91 39.36 37.86 36.91 38.21 40.49 41.67 37.59 32.31 31.3 36.13 41.18 40.41 35.53 31.27 29.75 27.95 27.18 29.46 33.36 36.61 34.64 33.82 35.64 33.98 31.17 27.64 24.62 21.42 22.04 27.56 29 33.88 39.2 36.63 24.52 14.6 14.52 16.58 21.78 27.16 30.93 32.66
0 0 73.04 69.37 60.32 54.68 46.02 31.67 26.07 17.88 11.38 14.23 19.42 28.55 35.24 44.35 49.53 50.97 53.69 53.49 50.39 47.52 45.38 32.91 22.34 23.86 27.18 28.87 30.95 35.66 37.78 44.21 52.26 53.64 46.44 39.44 39.02 37.93 37.11 38.04 39.92 40.76 36.29 30.63 29.57 35.4 41.05 39.26 32.66 27.93 27.85 27.7 28.12 32.42 38.16 41.12 36.26 31.85 31.1 27.5 26.67 25.71 23.89 21 21.15 26.65 27.88 32.5 37.66 34.09 18.99 8.32 10.83 14.13 17.79 20.62 23.26 24.29
0 0 72.84 68.17 58.96 52.85 44.87 32.59 27.72 19.51 10.44 9 7.78 15 21.59 34.07 42.51 46.34 52.49 54.62 52.4 49.91 48.15 35.02 22.61 23.17 27.79 31.21 33.55 37.63 39.51 46.39 54.88 56.29 47.94 39.98 39.3 36.96 34.87 35.22 36.83 38.14 35.77 32.51 32.33 38.4 44.33 43.17 37.85 32.8 31.45 31.12 31.99 36.75 42.24 44.43 36.06 27.31 24.15 19.17 20.42 23.27 23.84 22.07 21.61 25.71 26.1 29.41 33.6 29.96 15.43 8.65 10.99 12.45 12.9 12.3 13.92 14.35
0 0 69.65 64.69 55.73 49.59 42.07 30.89 26.22 18.7 10.26 8.51 4.93 9.54 16.19 30.26 40.18 44.98 52.69 55.65 53.62 51.25 49.71 37.83 26.29 26.67 30.76 33.84 35.9 39.35 40.97 47.9 56.43 57.78 48.75 40.22 38.97 34.52 30.71 30.59 31.8 33.38 33.41 32.74 33.23 39.25 45.24 45.21 43.11 40.02 38.2 37.62 38.34 41.62 45.21 46.74 35.54 24.31 21.11 17.61 19.19 22.81 23.84 22.37 21.07 23.68 23.41 25.24 28.09 24.85 12.61 9.34 11.28 12.02 11.42 10.3 12.4 13.02
0 0 65.3 60.36 51.88 45.96 38.99 28.91 24.54 17.93 10.77 9.37 7.03 9.02 14.12 28.14 38.82 44.14 52.92 56.39 54.41 52.11 50.79 40.69 30.82 30.91 33.73 35.87 37.5 40.37 41.73 48.66 57.22 58.51 48.84 39.72 37.87 31.28 26 25.68 26.46 28.04 30.01 31.44 32.37 38.34 44.3 45.28 46.87 46.78 45.16 44.45 44.69 45.7 46.77 47.56 33.33 20.12 17.88 16.78 18.88 21.45 21.89 20.72 18.82 20.45 19.93 20.69 22.45 19.63 9.55 8.8 10.29 10.74 10.15 9.73 12.7 13.57
0 0 67.66 63.04 55.64 50.31 44.19 36.01 31.93 26.57 21.44 19.1 16.26 13.91 13.19 25.49 36.22 41.49 50.83 54.82 52.97 50.89 50.41 42.87 35.71 36.08 38.04 39.67 41.58 44.4 45.23 51.27 59.15 59.94 49.53 39.63 36.93 28.37 22.6 23 23.78 25.37 28.41 31.14 32.39 38.15 44.07 46.2 51.17 54.08 53.16 52.34 51.48 49.71 47.84 47.1 29.36 12.15 11.86 12.28 12.98 10.23 6.93 7.82 6.93 11.94 13.35 15.79 18.6 16.56 6.94 3.38 2.27 1.6 1.72 4.21 10.68 12.53
0 0 71.65 67.71 61.74 57.51 52.54 46.09 42.5 37.79 32.98 29.24 24.38 18.51 14.8 26.51 36.65 41.19 49.12 52.5 49.94 47.24 47.39 42.33 38.14 39.96 42.85 45.77 49.84 54.25 55.13 59.63 66.12 66.22 56.04 46.12 42.01 31.58 24.8 24.36 23.98 24.83 27.86 31 32.39 37.72 43.39 46.26 53.1 58.15 58.99 59.85 60.2 59.15 57.53 56.58 41.73 28 24.29 21.98 20.41 14.61 6.52 5.54 4.62 10.4 12.53 15.87 18.94 16.79 7.87 2.73 6.38 7.84 6.79 5.16 11.03 13.1
0 0 69.41 65.58 60.06 56.1 51.23 45.03 41.53 36.95 32.58 28.96 24.99 21.08 19.35 30.3 38.99 42.16 47.75 50.16 46.65 42.87 43.05 39.3 36.24 37.98 40.49 43.21 48.46 55.09 57.06 61.68 68.26 68.43 58.77 49.35 44.8 32.7 24.8 23.83 22.56 23.13 26.49 30.03 31.51 36.33 41.5 44.52 51.77 57.16 58.25 59.61 60.2 59.53 58.4 57.58 43.94 30.58 27.19 24.94 23.37 17.08 7.28 5.03 4.78 9.62 11.48 15.85 20.05 18.32 11.16 6.28 7.16 7.96 8 4.52 10.71 13.1
0 0 61.68 58.13 52.7 48.48 42.99 35.98 31.86 26.78 23.01 20.21 19.25 20.38 21.95 33.25 41.1 43.23 46.69 48.03 43.11 37.41 36.71 33.05 30.17 31.69 33.69 35.74 41.93 51.44 55.7 61.98 69.77 70.71 62.44 54.29 49.77 37.23 28.85 26.77 23.97 22.95 25.05 28.03 29.25 33.51 37.94 40.52 47.96 53.54 54.68 56.44 57.33 57.07 56.74 56.87 45.52 34.24 32.02 30.33 28.98 23.12 14.27 10.92 9.88 11.92 12.89 17.17 21.86 20.73 15.48 10.64 6.09 2.47 6.75 0.46 10.3 13.17
0 0 49.67 46.45 40.49 35.52 28.91 19.97 14.7 8.11 5.84 6.12 14.45 22.84 27.12 37.71 44.63 46.1 48.14 48.84 42.65 34.84 32.44 27.59 23.43 23.99 25.35 26.46 32.58 43.37 49.41 58.59 68.94 71.61 66.17 60.7 57.54 47.02 38.86 34.79 29.55 25.49 24.57 25.61 26.15 30.16 34.09 35.94 43.36 48.95 49.88 51.65 52.67 52.04 51.7 53.06 45.16 37.59 37.44 37.38 37.41 33.89 27.48 23.03 20.2 19.33 18.4 20.74 24.74 25.07 22.86 20.17 15.92 12.05 12.56 9.21 13.78 15.6
0 0 43.5 40.2 33.37 27.73 20.81 11.19 5.96 1.9 6.6 8.9 18.77 28.45 32.53 41.59 47.54 48.58 49.92 50.43 43.29 34.18 31.02 25.75 20.9 20.77 22.39 23.66 27.99 36.13 41.53 52.84 65.44 69.35 66.45 63.27 61.42 53.25 45.75 40.86 34.66 29.49 26.37 25.01 24.91 29.28 33.52 35.11 42.21 47.55 48.2 49.52 50.32 48.23 46.23 47.86 43.01 38.39 39.33 40.27 41.23 39.44 34.43 29.44 25.89 23.94 22.12 22.79 25.48 26.88 26.77 25.67 22.23 18.15 16.69 13.79 18.01 19.32
0 0 41.66 38 30.36 24.08 17.1 8.01 2.31 3.14 7.77 9.95 21.05 31.76 35.38 43.39 48.63 49.35 50.14 50.43 41.97 31.39 27.86 22.51 17.55 17.65 20.42 22.49 24.87 29.7 34.11 46.86 60.99 65.4 64.14 62.37 61.2 55.04 48.79 44.27 38.63 34.03 29.34 25.55 24.93 29.83 34.62 36.08 42.63 47.55 47.9 48.65 49.18 45.4 41.38 42.83 40.4 37.68 38.63 39.59 40.57 39.57 35.61 30.91 27.45 25.31 23.48 22.82 23.96 25.67 26.65 26.35 22.92 18.29 16.16 14.7 20.84 22.64
0 0 36.52 33.15 25.13 19.02 13.18 7.18 5.56 5.9 8.11 9.57 21.77 32.85 35.48 42.82 47.81 48.08 48.11 48.08 37.85 25.23 21.89 17.21 13.3 15.04 19.57 22.56 23.57 25.61 27.7 39.53 53.66 56.84 54.69 53.25 53.71 50.65 47.02 44.13 40.24 37.24 31.92 25.99 24.07 28.47 33.33 35.25 41.8 46.78 47.68 48.8 49.3 43.55 37.48 38.97 39 37.08 36.35 36.05 37.05 37.81 36.95 35.81 35.14 34.45 33.45 31.92 30.1 28.59 27.79 27.42 24.39 18.43 12.79 12.35 21.6 24.58
0 0 32.61 29.33 20.58 14.59 10.33 7.5 8.63 10.34 12.12 12.8 23.65 34.26 36.9 44.7 49.82 48.9 47.36 46.71 34.82 20.39 17.85 15.1 13.47 16.18 21.27 24.56 24.84 25.2 25.13 35.93 50.07 52.45 47.27 43.36 45 45.4 44.73 43.27 40.98 39.31 34.75 28.88 26.86 28.64 30.55 32.4 38.77 43.93 46.46 49.62 50.73 42.59 34.21 35.82 38.57 37.84 35.13 32.38 32.66 35.01 37.02 39.58 42.4 44.07 44.34 43.26 39.42 33.98 29.82 28.2 26.17 20.22 12.64 15.09 24.04 26.83
0 0 32.32 28.68 19.02 12.73 9.42 7.53 8.59 10.68 13.25 14.05 24.37 34.47 37.69 47.12 53.3 51.32 48.02 46.66 33.3 17.15 14.55 12.79 12.17 15.16 20.92 24.8 25.25 25.93 25.9 36.72 50.92 53.13 44.53 37.52 40.3 43.94 45.52 44.44 42.77 41.46 38.19 34.01 32.4 29.69 27.13 28.82 34.69 39.58 43.65 49.5 51.88 41.28 30.49 32.26 37.89 40.09 36.72 31.57 30.64 33.35 35.88 38.94 42.4 44.77 45.31 45.66 43.72 37.98 31.56 28.26 27.54 24.51 20.01 21.41 26.47 28.13
0 0 0 0 0 0 0 0 0 0 0 0 0 0 0 0 0 0 0 0 0 0 0 0 0 0 0 0 0 0 0 0 0 0 0 0 0 0 0 0 0 0 0 0 0 0 0 0 0 0 0 0 0 0 0 0 0 0 0 0 0 0 0 0 0 0 0 0 0 0 0 0 0 0 0 0 0 0
0 0 0 0 0 0 0 0 0 0 0 0 0 0 0 0 0 0 0 0 0 0 0 0 0 0 0 0 0 0 0 0 0 0 0 0 0 0 0 0 0 0 0 0 0 0 0 0 0 0 0 0 0 0 0 0 0 0 0 0 0 0 0 0 0 0 0 0 0 0 0 0 0 0 0 0 0 0
0 0 0 0 0 0 0 0 0 0 0 0 0 0 0 0 0 0 0 0 0 0 0 0 0 0 0 0 0 0 0 0 0 0 0 0 0 0 0 0 0 0 0 0 0 0 0 0 0 0 0 0 0 0 0 0 0 0 0 0 0 0 0 0 0 0 0 0 0 0 0 0 0 0 0 0 0 0
