InputMaps/malcataSlope_200.grass
north: 40:14:17.01N
south: 40:12:39.7468N
east: 7:02:14.5154W
west: 7:04:21.43W
rows: 200
cols: 200
[rows 0 to 34 of 200, columns 0 to 78 of 200]
0 0 0 0 0 0 0 0 0 0 0 0 0 0 0 0 0 0 0 0 0 0 0 0 0 0 0 0 0 0 0 0 0 0 0 0 0 0 0 0 0 0 0 0 0 0 0 0 0 0 0 0 0 0 0 0 0 0 0 0 0 0 0 0 0 0 0 0 0 0 0 0 0 0 0 0 0 0 0
0 0 0 0 0 0 0 0 0 0 0 0 0 0 0 0 0 0 0 0 0 0 0 0 0 0 0 0 0 0 0 0 0 0 0 0 0 0 0 0 0 0 0 0 0 0 0 0 0 0 0 0 0 0 0 0 0 0 0 0 0 0 0 0 0 0 0 0 0 0 0 0 0 0 0 0 0 0 0
0 0 25.54 25.58 24.88 23.61 20.18 17.49 22.04 31.39 33.7 35.48 38.18 36.88 35.07 36.21 43.94 48.73 44.17 44.73 50.02 56.76 59.53 56.54 54.85 48.47 36.51 38.73 50.32 55.43 50.86 44.24 36.31 26.46 17.89 12.68 13.82 17.01 24.39 28.88 23.91 16.79 13.02 31.69 40.29 27.4 28.96 36.48 39.02 32.39 23.02 19.79 18.84 22 26.44 30.12 32.9 30.61 28.56 32.22 36.63 33.48 25.74 25.63 22.95 17.99 21.63 23.37 26.03 29.11 32.08 47.87 63.18 61.37 52.6 44.46 41.37 40.29 38.9
0 0 32.2 29.65 26.23 23.1 20.2 18.08 21.54 29.53 33.86 35.65 35.74 32.27 30.99 34.95 41.13 47.15 49.9 50.1 48.91 46.44 42.07 36.46 36.34 35.7 31.33 39.12 45.31 39.67 34.06 31.66 28.9 25.94 21.21 15.89 12.93 10.85 17.83 24.06 18.93 16.22 19.6 30.21 35.51 30.94 31.27 34.1 35.45 28.46 18.96 14.97 12.43 12.26 13.31 17.48 24.87 28.89 30.77 32.69 31.9 25.75 18.74 12.44 9.36 12.43 19.15 23.11 28.14 32.21 33.92 48.19 61.28 54.4 47.83 47.44 43.9 40.81 41.2
0 0 36.08 32.53 27.8 24.24 22.03 19.66 21.21 26.65 31.57 35.09 36.22 31.15 27.54 31.2 37.34 44.66 49.9 50.33 45.79 38.07 29.97 24.02 26.6 32.27 34.04 39 37.35 27.55 20.23 21.84 21.01 21.17 20.29 17.64 15.87 15.09 20.19 22.27 15.1 17.44 25.91 24.51 28.86 39.11 37.3 31.58 29.97 23.96 16.81 11.96 9.06 7.32 6.9 10.78 18.83 26.53 30.89 31.12 26.47 18.39 12.1 3.04 7.89 14.36 19.69 23.77 28.59 31.89 32.47 46.22 58.44 48.16 42.39 46.73 46.8 43.21 40.53
0 0 35.82 34.1 30.56 27.68 26.24 23.61 21.32 21.42 24.8 31.33 35.71 30.87 26.71 30 34.39 37.26 39.66 41.71 40.36 35.57 29.85 25.75 26.59 32.47 37.14 35.78 28.03 19.46 8.68 14.01 12.5 10.76 14.28 17.33 19.04 19.73 21.7 19.85 9.46 15.78 29.46 22.7 25.92 44.23 42.69 32.36 28.41 22.01 15.51 10.59 9.25 9.2 10.89 16.37 20.78 24.72 27.34 27.37 23.25 16.06 7.52 3.95 13.11 17.06 20.05 23.54 28.88 32.71 32.66 43.96 53.45 40.39 32.92 38.09 41.52 40.23 35.41
0 0 36.79 37.09 35.56 32.95 31.84 30.38 26.76 23.76 25.34 30.92 34.53 30.97 28.67 30.95 32.78 31.87 31.59 34.39 36.15 34.9 31.63 29.04 28.44 31.05 35.27 31.89 22.77 16.22 3.49 9.63 11.42 12.82 16.83 18.66 19.56 20.82 22.42 18.13 3.05 11.95 30.2 28.13 29.34 43.86 47.55 41.98 36.04 26.99 20.04 17.95 18.37 18.96 21.66 26.85 27.79 27.88 27.02 24.74 20.21 14.67 9.43 13 18.22 19.38 20.66 23.84 31.14 37.08 37 43.86 48.21 34.77 27.1 31.72 35.86 36.35 32.61
0 0 40.83 43.54 45.18 43.61 42.98 43.94 43.08 40.24 38.77 39.46 41.35 42.17 39.06 33.9 29.97 27.47 26.41 28.92 32.98 35.95 34.61 32.06 32.12 34.75 36.06 30.58 21.54 15.51 6.63 9.5 14.61 17.82 19.07 18.18 17.96 20.77 21.78 15.15 6.13 11.57 27.11 34.83 39.7 48.75 57.01 59.68 58.36 54.1 51.82 51.72 51.29 50.21 49.04 48.37 46.11 42.55 34.26 23.73 15.23 13.54 17.93 21.73 21.89 21.33 23.36 28.58 38.21 45.35 44.51 45.45 43.4 31.24 24.43 27.03 30.47 32.44 31.37
0 0 39.95 43.12 47.22 47.62 47.57 49.44 50.9 50.03 47.88 44.78 44.66 47.9 44.44 35.34 27.59 22.75 20.87 23.12 27.35 32.36 33.29 31.37 33.24 37.48 35.63 27.88 19.21 13.1 6.24 8.05 15.04 21.03 22.63 18.69 16.61 21.3 19.81 11.26 10.62 14.53 22.43 35.15 43.99 51.45 61.09 68.43 72.02 72.46 72.22 71.79 70.63 68.95 65.46 60.73 56.33 50.94 41.14 27.44 19.94 21.54 25.54 25.55 22.49 21.54 25.42 33.42 44.36 50.68 48.36 44.49 37.92 28.65 23.81 24.19 26.83 30.21 31.61
0 0 22.39 21 26.62 31.57 31.99 31.76 34.75 39.69 41.63 35.83 28.24 29.58 31.55 28.1 22.19 16.01 12.51 13.18 13.41 14.07 17.47 17.97 23.4 28.73 23.33 14.7 7.17 4.64 6.05 10.64 16 20.44 21.38 17.42 16.7 22.9 19.44 11.67 12.01 13.37 11.53 17.8 27.44 33.66 40.97 48.03 52.95 54.72 53.07 51.01 50.96 52 51.33 48.22 43.34 40.46 41.76 36.98 31.93 29.14 27.36 23.52 19.62 18.1 23.09 32.82 42.36 45.54 41.12 34.15 27.59 23.86 23.18 25.19 30.25 35.85 38.56
0 0 9.68 4.81 8.83 17.15 19.9 18.43 23.21 32.3 37.89 32.7 20.96 22.35 27.19 24.78 18.42 11.47 6.31 5.54 7.72 1.26 5.66 9.08 18.76 23.27 13.25 4.07 3.68 9.86 14.83 19.17 20.91 18.29 13.27 13.02 17.69 24.87 21.56 15 11.98 9.21 5.65 4.15 12.93 20.27 25.32 30.32 35.8 39.39 37.54 33.54 33.86 36.33 37.46 35.5 30.55 30.03 38.13 44.67 42.23 33.91 27.82 24.57 23.98 22.01 26.26 36.48 42.76 42.86 39.21 30.98 24.05 23.62 26.05 30.65 39.09 46.2 47.84
0 0 15.85 9.82 8.7 9.54 14.47 15.86 22.2 32.17 40.21 38.98 29.87 29.07 30.22 26.2 20.31 13.09 6.79 5.36 9.78 9.65 13.28 17.32 21.65 20.4 9.45 6.86 8.02 8.04 10.11 10.56 10.41 9.07 6.23 6.36 13.16 23.41 23.01 16.93 11.97 7.09 4.05 2.79 5.24 13.61 17.66 21.57 25.79 28.73 28.72 24.58 23.43 22.03 19.08 16 14.83 16.87 26.69 44 44.84 34.28 29.62 27.42 28.48 28.81 32.72 41.39 45.21 44.45 43.37 36.26 29.9 29.29 31.66 37.82 45.35 47.83 43.45
0 0 20.62 15.27 8.61 4.86 8.45 12.78 20.05 30.47 40.46 43.4 37.66 35.53 33.8 29.02 24.97 18.04 7.71 8.97 15.73 18.23 21.57 24.48 22.28 14.27 7.6 8.61 14.11 10.72 5.94 3.96 10.04 11.84 8.07 2.5 7.4 19.56 23.74 19.29 13.5 8.06 3.85 1.27 1.84 7.89 9.85 14.12 18.2 20.82 20.76 16.03 13.7 11.41 7.01 8.69 15.8 17.78 23.34 40.07 38.25 29.36 32.41 31.55 31.01 34.9 39.97 44.99 48.92 50.69 52.68 46.75 38.61 33.48 34.19 43.57 48.7 45.37 36.2
0 0 24.99 22.93 19.18 15.84 14.75 14.61 15.71 22.33 31.9 37.5 35.66 34.53 33.87 31.88 29.72 25.43 19.27 22.02 26.42 27.72 28.1 27.47 23.19 15.93 8.68 8.4 16 11.83 9.2 10.38 12.31 16.5 15.98 7.2 5.55 10.55 16.28 16.35 13.8 9.76 8.02 8.2 8.08 9.22 7.42 6.78 12.55 16.67 15 8.25 7.57 13.4 12.87 14.05 18.41 16.73 19.24 34.25 30.35 19.44 24.81 27.67 25.92 31.27 39.21 42.54 48.91 56.02 62.24 56.84 42.45 27.79 27.95 41.41 43.68 36.54 26.51
0 0 27.97 29.04 28.33 25.82 21.84 16.76 13.88 18.41 27.76 33.82 32.5 28.83 30.97 35.69 32.31 29.31 31.28 33.95 35.87 35.37 33.03 29.43 25.37 21.47 13.07 11.81 12.99 10.74 17.8 17.35 15.26 19.22 23.3 13.9 3.85 7.46 10.41 11.46 12.93 10.1 11.15 14.55 15.1 14.24 9.3 7.75 14.87 17.17 15.4 15.16 19.13 21.98 19.98 18.41 17.76 13.25 15.02 29.63 27.27 15.49 16.39 22.31 25.88 30.27 35.2 37.64 47.46 59.46 68.12 63.25 47.31 30.47 28.11 40.3 42.1 33.99 22.37
0 0 23.87 25.61 25.08 22.59 19.43 16.18 15.73 20.16 28.9 34.91 34.06 27.92 28.01 36.94 35.92 37.95 42.28 41.76 39.49 35.66 29.91 23.12 18.48 18.13 17.58 16.48 13.46 12.61 12.31 11.98 9.46 11.18 19.85 16.39 9.18 9.13 8.52 8.08 10.27 6.42 5.16 3.41 5.99 12.98 14.95 17.36 22.45 22.77 20.45 21.2 22.27 21.99 20.71 18.9 15.9 11.72 13.49 25.35 25.11 15.5 11.1 17.26 28.26 32.04 32.71 32.83 43.18 58.52 70.27 67.22 53.25 40.53 37.08 44.5 47.23 40.51 28.53
0 0 19.99 22.4 22.68 20.39 17.68 16.07 16.12 19.8 28.56 36.34 38.02 32 27.69 33.82 39.08 48.93 52.98 49.27 42.45 35.2 26.9 19.89 16.34 15.31 15.8 18.18 19.45 14.5 6.98 7.61 5.57 7 14.39 15.31 12.99 11.92 10.06 8.57 8.47 4.41 2.09 8.21 16.08 21.6 24.23 27.21 31.71 30.98 27.02 23.92 22.64 22.93 22.09 19.62 15.54 12.5 15.02 21.57 20.91 14 8.46 13.34 25.88 32.76 33.84 31.32 37.17 51.34 67.71 69.03 59.82 53.06 51.3 55.89 59.43 54.29 42.92
0 0 15.1 19.81 23.95 24.43 21.33 18.42 17.16 19.16 25.94 33.88 37.47 33.75 28.86 29.44 31.27 36.17 36.59 35.21 30.55 24.22 19.04 21.19 19.64 15.8 15.5 16.76 17.61 15.95 12.18 9.37 8.39 8.9 11.11 13.34 14.02 13.52 12.9 11.32 8.24 5.14 5.23 9.45 15.67 21.88 25.42 27.01 29.19 25.67 22.78 23.28 24.71 26.73 24.52 21.15 18.78 16.38 16.43 18.32 17.48 12.91 8.09 10.78 20.45 30.44 34.89 31.62 31.96 40.02 55.4 59.13 51.35 43.48 41.49 46.8 53.93 51.93 40.39
0 0 11.26 16.64 23.54 28.22 26.4 20.45 18.12 19.76 24.68 32.32 37.46 34.26 29.5 27.89 24.57 22.52 19.77 21 19.49 15.14 15.32 20.9 17.67 16.22 18.35 17.44 16.27 16.99 16.25 13 11.05 10.61 10.77 12.54 14.25 14.23 14.85 14.18 10.49 7.72 7.98 8.87 15.52 26.47 27.47 24.14 24.99 22.21 21.11 24.85 28.06 29.53 26.37 23.06 22.56 20.9 17.52 17 17.38 15.08 11.96 12.51 17.91 28.18 34.82 32.63 31.83 35.17 43.02 49.42 47.66 37.21 32.08 36.93 47.01 48.44 37.88
0 0 14.74 15.78 19.44 26.23 28.9 23.18 21.04 21.05 22.08 27.18 32.58 29.07 26.69 27.91 24.35 18.93 14.15 13.01 13.2 14.31 17.47 19.75 14.6 11.68 11.88 10.27 9.44 11.16 11.96 11.44 10.61 10.03 10.13 11.63 13.27 13.71 15.25 16.09 15.01 14.26 14.6 14.2 18.07 29.31 25.77 19.17 21.18 21.4 21.11 22.4 25.71 27.88 24.98 20.95 19.33 17.89 14.98 14.97 16.22 14.28 10.96 10.53 14.23 24.86 33.11 32.41 32.49 33.68 36.2 45.17 50.69 41.11 32.71 32.9 40.11 42.59 36.35
0 0 17.59 15.41 16.01 22.9 27.39 25.36 24.95 23.74 23.64 26.74 27.02 20.19 22.67 27.89 25.24 17.37 10.15 7.07 8.09 13.26 16.91 16.98 14.01 10.89 15.18 18.11 19.16 19.82 19.48 19.51 19.52 19.82 20.13 20.16 20.37 21.52 22.7 22.45 22.24 22.3 22.61 22.48 21.31 21.05 22.65 21.21 18.95 19.97 22.74 24.04 26.19 27.22 23.29 18.39 15.98 14.68 12.91 13.54 14.71 12.75 9.55 8.35 10.39 21.06 29.88 30.1 32.58 35.63 37.24 43.98 51.1 47.58 40.03 36 34.36 31.94 31.56
0 0 17.36 12.88 12.95 18.7 20.45 17.42 15.79 17.38 25.36 28.44 22.78 16.11 16.19 18.21 18.64 15.78 12.45 9.14 8.1 12.49 14.8 12.7 12.27 17.22 26.28 27.48 24.6 23.38 23.36 24.63 25.69 25.75 24.2 21.94 21.74 26.11 29.88 31.38 32.9 31.9 28.19 25.21 23.53 19.32 24.76 31.91 23.91 21.88 28.42 32.59 33.1 30.21 24.71 21.34 20.08 18.33 14.81 10.15 7.77 7.42 6.19 7.41 10.28 19.25 26.66 27.03 30.06 34.69 38.44 42.84 47.08 49.37 47.79 43.57 36 29.07 28.34
0 0 15.53 9.32 11.21 15.73 15.21 12.17 12.47 17.93 25.42 23.56 17.12 16.57 11.75 11.36 14.63 16.42 16.31 13.76 12.62 14.67 16.03 17.45 23.07 31.15 37.58 34.5 28.25 26.38 27.56 30.15 32.06 31.3 27.52 22.89 22.68 32.41 39.67 43 45.67 42.04 33.39 27.18 27.36 28.97 39.68 48.97 36.1 29.48 37.09 40.22 37.95 32.87 26.97 25.18 25.08 23.23 18.34 9.95 3.99 11.91 16.49 19.6 20.25 22.13 25.13 26.05 28.52 33.7 40.06 43.75 44.96 48.2 48.21 46.88 45.66 36.46 27.87
0 0 9.23 3.13 10.95 14.83 14.28 14.19 15.57 17.98 22.04 17.85 10.41 12.3 14.63 13.14 14.94 17.87 19.69 18.45 17.12 17.79 19.11 22.33 26.99 31.48 34.02 28.81 24.16 25.84 28.62 31.11 32.79 31.93 30.76 31.96 37.7 49.27 53.63 50.93 45.48 35.5 29.17 25.08 24.58 25.64 37.05 41.48 25.45 27.73 38.42 38.83 35.04 29.68 23.76 23.01 24.42 23.35 21.03 19.74 10.65 1.25 4.79 6.53 16.38 19.18 20.01 21.75 23.52 27.8 36.19 41.64 42.24 43.55 41.9 40.59 45.18 41.23 28.83
0 0 1.79 5.91 11.74 15.41 16.88 16.74 13.78 12.83 20.34 18.87 9.2 11.72 15.86 13.68 15.58 19.78 23.16 23.44 22.36 22.46 23.47 24.72 24.92 26.14 28.66 25.15 22.3 26.2 29.31 30.98 32.39 32.42 34.87 44.35 58.5 68.24 66.33 56.71 41.47 27.03 22.44 22.35 19.22 20.34 26.85 27.32 17.41 27.74 35.75 34.14 30.52 25.19 20.1 19.38 22.94 22.7 22.13 25.74 20.81 15.04 15 14.5 15.07 13.18 14.03 17.42 22.12 28.48 35.05 38.73 37.73 34.94 34.25 35.26 40.16 41.61 32.51
0 0 3.32 9.69 12.01 14.36 16.27 15.57 9.72 6.28 16.42 21.5 16.54 13.93 14.42 15.46 18.28 22.49 25.94 27.02 25.58 23.54 22.79 21.5 19.3 20.75 25.5 27.11 25.65 25.11 25.33 26.65 28.39 28.23 29.56 38.97 49.39 51 44.5 33.22 26.75 23.2 14.36 13.15 11 17.73 18.2 17.13 27.06 27.62 22.65 23.7 22.89 18.71 15.05 9.81 17.71 21.59 21.19 24.09 19.72 14.46 14.61 14.87 11.97 8.25 10.56 15.82 25.6 34.24 36.64 36.31 32.2 24.69 24.53 29.92 32.6 34.35 33.26
0 0 5.29 13.23 12.97 10 10.54 17.38 11.9 3.46 9.46 20.05 24.16 19.32 19.51 23.57 25.8 28.31 31.09 34.15 33.64 26.96 20.95 16.25 13.69 16.83 20.78 27.45 30.16 25.77 23.16 23.97 24.17 22.82 22.89 29.03 32.06 26.54 19.19 8.12 11.62 18.3 9.1 5.38 3.6 17.45 13.51 10.98 27.67 27.94 19.33 21.89 24.69 24.55 22.9 11.63 7.86 18.94 21.65 22.06 16 9.28 8.96 9.79 8.73 7.81 13.21 21.52 31.26 37.61 39.24 35.5 26.58 17.29 16.57 23.52 25.98 26.67 28.75
0 0 8.17 14.26 9.65 2.23 6.19 18.1 17.79 10.35 10.88 17.99 27.3 23.88 22.37 25.44 28.16 30.59 34.21 41.58 44.53 32.35 15.98 7.09 9.17 14.99 16.71 25.42 31.87 26.93 24.34 24.49 20.75 17.88 18.41 21.99 24.73 24.08 21.95 19.63 15.44 14.82 15.15 10.1 9.55 18.78 12.43 8.38 21.04 23.61 19.92 20.87 23.83 26.19 28.36 20.85 4.28 13.13 22.33 21.66 14.55 6.89 5.4 5.44 5.55 6.69 14.97 25.09 32.57 36.57 39.64 32.04 18.82 12.45 13.36 18.99 23.2 24.07 23.24
0 0 13.2 8.49 5.62 8.65 8.12 14.91 22.04 22.63 19.65 19.28 27 28.69 24.93 25.3 27.08 29.13 34.17 45.95 53.92 42.84 26.86 15.25 12.24 16.07 16.95 23.31 27.94 24.53 25.09 28.13 27.21 27.27 30.34 34.77 38.45 38.08 32.25 29.64 29.91 28.22 25.44 16.47 16.81 21.32 18.72 13.59 17.08 17.3 16 16.83 20 24.35 29.2 24.87 11.57 9.28 21.33 20.31 13.32 5.67 2.48 0.94 1.48 5.41 15.35 26.57 32.99 35.57 37.49 26.07 11.31 10.17 12.76 16.19 20.8 22.31 20
0 0 14.29 7.08 5.33 7.64 7.68 11.28 19.3 23.07 20.56 18.6 21.79 25.53 26.22 27.66 27.82 27.98 31.25 42.99 53.46 45.47 33.83 25.72 20.92 19.67 18.44 20.54 23.2 23.95 28.1 32.4 32.43 32.18 33.79 36.65 39.84 41.85 35.61 31.2 31.21 29.01 22.61 14.87 17.39 18.65 20.86 20.07 16.23 13.18 12.54 13.42 17.88 23.8 28.26 24.19 13.02 6.54 17.64 17.87 14.65 11.34 9.72 8.76 10.02 13.3 20.28 29.74 36.4 38.43 36.69 22.69 8.06 6.83 11.18 14.42 17.92 19.36 18.41
0 0 13.1 13.46 10.25 3.87 5.21 11.35 14.14 16.96 17.07 16.32 15.45 17.54 23.37 28.71 30.56 29.99 30.78 38.82 46.45 41.35 34.12 30.85 28.87 26.61 25.23 28.05 30.84 32.35 36.49 38.94 35.73 32.39 30.4 29.29 31.1 36.4 33.81 28.4 25.17 21.13 14.09 12.52 16.44 16.46 21.74 22.97 14.63 10.99 11.87 12.38 17.36 23.88 27.07 22.42 12.23 1.94 12.9 17.74 22.13 23.11 22.98 24.3 26.1 28.74 33.14 36.5 41.31 44 39.78 26.57 16.94 9.3 5.64 12.98 15.44 15.41 16.36
0 0 10.94 15.63 13.79 8.5 6.47 12.97 12.15 14.32 14.68 13.99 12.85 12.48 16.16 21.98 25.67 28.01 32.14 36.86 38.85 37.24 34.21 32.87 33.15 30.68 27.39 30.03 31.73 29.78 31.82 35.58 32.01 27.86 25.62 23.95 24.84 28.95 28.71 24.05 18.99 15.3 14.56 15.87 17.78 18.97 22.93 21.62 11.96 10.25 13.59 13.26 17.15 23.27 26.11 21.82 12.61 2.94 8.63 16.15 23.23 27.39 29.59 32.16 34.23 36.32 37.97 36.46 39.76 43.09 35.84 22.02 16.48 14.7 4.15 10.48 13.84 13.27 15.8
0 0 6.81 14.39 15.31 13.04 11.83 16.48 12.44 13.91 13.91 12.59 12.52 10.96 12.18 17.67 23.42 28.04 31.23 31.24 30.63 33 34.49 34.88 36.27 32.92 25.38 24.99 25.47 18.49 18.48 25.69 23.63 20.36 19.83 19.15 19.5 21.39 21.7 19.1 14.44 14.04 18.41 19.04 19.5 20.97 21.69 18.03 10.2 10.16 14.31 13.62 16.14 21.5 26.44 23.99 14.87 7.12 7.59 13.69 19.44 26.51 32.28 35.3 37.57 38.34 35.5 30.44 32.12 34.87 25.44 12.67 6.53 16.43 12.47 4.78 12.52 14.77 18.49
0 0 4.06 11.95 15.86 16.29 16.76 20.64 11.71 9.84 13.21 13.92 13.53 13.25 15.94 21.21 25.34 26.5 25.56 23.96 24.84 29.02 32.2 33.55 36.57 34.24 24.57 22.57 24.05 16.93 17.02 22.01 19.44 16.66 16.79 15.62 14.75 15.73 17.75 18.79 17.73 18.78 21.38 21.6 21.92 22.91 20.31 14.53 9.12 9.59 13.12 13.39 15.03 18.71 26.07 26.45 17.88 12.34 12.4 15.76 19.78 25.76 30.81 33.13 34.45 33.01 28.18 22.86 23.19 25.01 16.95 13.53 7.13 13.64 18.56 11.87 17.84 21.37 25.12
0 0 7.09 10.76 16.76 20.29 21.11 19.61 9.4 3.12 10.3 14.84 15.41 16.42 18.83 21.35 20.37 21.5 26.88 27.48 26.5 27.86 28.85 29.12 33.24 33.51 25.21 23.77 26.93 22.53 22.06 23.63 19.89 16.33 16.01 13.86 10.8 9.76 14.1 19.54 22.89 25.08 25.66 25.58 25.95 26.85 22.07 14.71 9.28 7.71 10.71 12.9 15.66 19.34 27.76 29.68 22.87 18.83 18.06 19.18 21.94 24.92 25.3 25.53 24.28 20.24 16.42 13.35 14.29 15.92 10.06 14.74 18.7 26.59 34.41 30.75 31.55 32.81 34.88
