InputMaps/malcataSlope_200.grass
north: 40:14:17.01N
south: 40:12:39.7468N
east: 7:02:14.5154W
west: 7:04:21.43W
rows: 200
cols: 200
[rows 35 to 69 of 200, columns 79 to 157 of 200]
33.96 26.59 21.76 22.05 23.28 26.09 32.42 39.17 40.82 39.46 37.72 42.86 49.66 43.79 38.12 33.52 28.45 31.82 38.8 31.11 33.04 54.14 43.45 35.36 76.39 95.93 85.7 83.48 85.04 80.33 53.39 25.75 12.32 1.17 8.76 18.67 28.21 36.8 46.61 58.55 68.77 84.99 97.15 87.16 73.31 69.52 70.2 67.35 63.34 61.08 62.04 62.12 65.26 61.58 45.54 34.6 31.68 31.98 31.58 28.97 28.59 30.1 33.02 39.63 34.31 11.44 15.75 43.27 55.89 47.27 41.8 43.53 39.46 35.88 33.43 28.32 25.95 27.92 26.33
26.34 23.24 22.37 22.69 22.74 23.07 26.24 31.2 33.77 33.02 30.02 33.79 40.49 37.97 38.08 41.02 37.82 36.91 38.26 28.45 30.27 53.23 48.4 44.61 77.27 85.86 68.05 58.84 65.28 79.14 65.53 41.75 25.98 10.55 5.96 12.84 19.52 24.91 30.36 38.43 48.16 70.57 93.96 94.63 89.94 90.43 90.51 85.08 75.44 64.54 57.93 50.29 45.55 40.73 31.99 25.66 22.66 24.69 29.18 28.21 28.11 30.28 32.08 36.65 35.3 23.85 20.19 29.94 48.11 54.92 47.48 36.35 30.64 32.82 36.55 41 46 49.31 45.26
18.61 17.16 18.41 20.7 22.02 21.75 22 23.94 27.49 28.56 26.44 27.84 31.7 32.6 38.94 47.47 47.29 43.94 40.31 31.85 34.11 50.52 55.07 59.47 77.24 74.36 55.78 43.61 47.78 65.4 64.81 52.34 40.28 24.11 11.81 9.83 12.93 16.71 20.07 24.98 32.33 52.51 78.58 88.05 90.32 91.33 90.06 86.22 79.07 67.21 56.72 44.66 34.31 28.63 23.42 18.84 14.78 16.51 24.11 26.95 27.64 31.61 38.21 32.92 28.93 32.09 29.2 31.49 44.32 56.92 53.04 37.58 30.79 35.34 39.73 46.41 54.57 57.33 53.04
9.96 7.11 8.5 14.6 19.85 19.65 18.46 18.82 22.76 25.98 25.61 25.06 25.66 28.27 38.98 50.68 53.59 49.28 41.58 33.23 33.71 44.42 56.7 65.28 67.65 60.78 49.51 39.39 37.83 46.6 51.5 51.72 49.25 38.89 26.47 18.34 13.5 14.41 17.15 19.69 22.54 33.6 53.4 62.86 64.38 59.56 55.78 58.81 65.77 68.1 63.55 53.53 40.04 27.61 18.03 12.15 7.65 6.77 15.14 22.88 26.83 33.55 45.23 34.43 26.79 34.24 42.8 51.12 54.4 53.99 55.68 51.47 44.87 44.17 42.55 41.47 43.29 40.93 36.87
10.46 10.34 8.71 11.73 18.38 16.67 14.27 14.66 20.66 26.11 25.67 25.04 25.64 28.61 38.89 49.95 54.53 51.46 43.37 35.97 34.79 40.44 55.19 66.18 61.15 55.89 52.08 43.89 36.26 33.15 36.96 44.24 48.84 46.29 39.46 33.35 26.09 20.35 17.21 14.97 14.37 19.42 33.96 43.56 47.15 42.15 37.09 40.31 52.16 62.48 62.8 57.05 45.16 29.6 15.92 7.23 5.87 5.53 10.07 19.03 26.09 34.74 47.24 38.61 28.73 34.73 48.6 57.63 55.27 50.28 51.59 56.48 51.95 46.8 42.4 38.51 35.57 30.59 27.35
16.29 14.88 9.73 9.82 15.81 16.15 14.67 14.15 20.07 25.97 25.57 27.65 31.42 35.34 41.87 46.73 49.15 48.89 45.22 40.73 38.52 39.56 51.29 62.08 58.02 55.14 54.34 47.48 36.03 26.95 26.59 32.76 39.62 41.98 43.6 46.86 45.49 39.09 29.9 19.55 12.35 11.25 22.68 32.88 41.6 46.1 45.24 44.06 44.27 43.66 43.49 45.44 42.64 32.98 22.62 15.06 15.45 17.14 18.49 22.35 28.16 36.73 47.52 43.23 31.66 32.39 37.99 34.78 34.03 39.06 41.09 46.59 44.88 39.71 38.64 40.58 39.06 32.22 29.31
21.73 17.53 10.92 9.57 12.6 19.42 21.5 18.58 20.22 24 25 31.48 38.94 43.17 44.6 41.43 38.74 41.49 45.98 47.39 45.43 41.72 46.07 54.49 59.27 58.6 52.84 44.46 34.81 27.95 22.96 24.5 32.23 36.44 43.08 53.14 59.05 57.21 48.2 35.75 24.4 12.49 12.99 22.47 32.78 42.82 47 44.52 36.95 30.05 30.3 35.45 39.7 36.32 27.6 21.11 22.74 23.14 22.09 22.94 26.66 34.54 43.93 44.06 32.85 28.21 27.92 17.83 19.47 28.6 33.93 38.35 39.59 36.49 38.68 42.56 41.01 33.56 30.6
25.81 19.02 11.28 10.36 12.6 23.05 25.84 18.18 18.1 21.55 24.67 31.73 39.09 43.9 41.51 34.7 30.6 33.29 42.61 53.62 55.8 47.04 42.67 46.6 60.94 60.91 46.81 37.79 34.03 34.3 30.4 30.76 37.34 40.83 42.67 47.92 57.07 63.13 60.57 53.14 44.43 31.4 17.29 12.85 17.4 26.02 30.77 31.39 28.44 26.08 27.32 30.94 37.71 38.29 29.2 21.01 18.13 14.01 10.98 10.34 12.43 21.32 28.97 32.09 25.9 20.63 21.13 18.1 24.44 31.7 32.49 32.81 37.09 43.39 46.9 41.01 35 32.09 30.48
29.31 22.62 14.37 12.14 14.97 24.22 26.76 18.94 18.57 21.53 25.7 27.33 31.32 44 47.03 39.3 30.1 27.76 35.76 58.04 68.16 53.59 41.28 40.87 60.42 58.39 36.86 29.9 33.18 39.69 40.8 41.67 45.47 47.7 45.79 45.75 54.18 64.63 67.57 66.14 62.23 53.51 39.46 25.05 10.2 10.95 16.77 20.86 22.38 22.45 23.69 26.59 35.31 39.16 30.36 22.46 15.17 7.84 3.05 1.77 7.14 17.21 20.46 20.71 17.77 14.14 16.67 20.89 28.11 32.09 30.14 27.03 33.14 46.92 48.79 37.34 30.43 30.51 29.73
31.63 27.34 19.49 14.38 16.26 22.19 25.38 23.96 25.71 28.33 32.22 29.46 25.78 35.95 46.94 46.16 32.05 24.65 32.4 59.32 74.13 57.82 39.92 36.97 56.88 51.55 27.18 22.89 30.18 41.95 50.4 52.36 52.24 53.27 53.67 52.94 57.08 65.15 69.25 71.88 73.39 72.44 63.01 45.43 24.49 6.27 6.99 15.38 19.81 20.32 20.29 21.75 31.33 38.11 32.29 28.35 23.72 17.48 10.25 3.47 11.25 17.97 16.04 12.05 10.98 11.73 14.6 19.88 17.47 11.74 18.6 17.99 24.08 32.39 27.36 28.9 29.36 30.13 27.58
32.6 32.39 26.01 19.44 18.5 18.97 23.57 32.79 33.55 34.2 38.06 35.57 30.94 27.73 38.36 48.3 33.16 25.81 37.42 57.09 68.31 62.03 46.61 39.33 51.67 42.08 20.24 18.51 28.06 43.01 55.48 58.59 55.51 54.86 56.67 57.19 59.11 64.31 68.47 73.63 79.24 86.25 83.29 64.68 44.26 24.46 6.94 8.53 15.91 17.98 17.66 17.76 26.04 33.75 32.2 31.93 30.46 26.06 19.2 13.22 17.48 18.6 11.87 4.49 6.16 10.45 12.05 12.79 14.95 7.27 6.75 9.89 17.13 20.97 11.92 17.53 26.55 28.81 26.14
32.87 37.26 33.43 25.84 19.72 16.38 22.32 36.46 30.03 22.87 28.11 26.4 24.74 25.41 33.72 45.94 32.82 30.73 47.66 54.75 57.55 63.59 54.76 44.27 48.9 35.34 11.58 3.06 13.54 21.85 23.54 29.74 28.67 27.7 30.85 36.67 43.1 49.48 53.76 58.21 63.76 78.54 86.91 74.84 61.24 44.94 22.54 4.75 7.75 13.5 15.42 14.87 19.93 24.91 23.46 24.11 25.81 25.87 24.52 22.63 20.58 13.86 5.65 6.94 11.55 15.21 16.66 14.55 13.12 8.7 4.67 8.43 15.79 14.95 10.9 9.46 14.39 17.65 20.97
33.56 42.28 41.43 31.26 19.59 16.05 21.05 30.43 26.46 22.35 27.41 26.63 25.59 31.23 39.6 42.45 33.75 39.55 57.85 53.74 48.92 64.29 59.52 46.96 50.54 35.92 15.56 11.84 16.07 19.68 6.94 12.59 17.03 13.44 8.84 17.58 27.26 34.69 40.73 45.77 50.78 66.93 80.84 78.88 75.3 64.36 38.7 17.44 4.95 6.97 13.23 13.41 15.93 18.07 16.41 17.35 21.5 27.28 29.98 27.22 20.38 12.09 11.07 14.03 16.96 20.06 22.44 23.69 21.38 13.81 7.31 9.23 16.68 7.78 7.99 12.48 7.22 7.43 14.16
34.16 46.57 47.45 33.93 17.54 14.78 18.22 22.61 23.21 25.67 32.14 32.94 30.81 32.64 36.44 37.2 35.53 44.28 58.58 46.81 40.5 61.2 60.49 49.73 52.95 35.83 16.67 17.79 21.54 24.03 16.38 19.04 21.9 15.8 9.36 9.08 13.59 19.71 28.01 36.03 41.52 54.24 64.44 64.59 71.94 73.19 52.5 34.15 21.57 4.5 9.5 14.5 16.73 17.12 15.89 16.05 19.61 28.35 32.93 30.15 25.32 23.22 23.7 23.89 24.47 25.49 25.22 23.88 20.63 16.28 13.49 11.61 15.16 1.54 5.8 16.61 11.72 10.92 13.79
37.35 50.54 48.86 32.61 15.16 13.98 17.03 19.4 24.41 31.89 38.61 34.81 28.78 35.42 38.93 38.98 39.41 43.52 51.7 41.74 38.09 54.92 60.68 57.13 54.96 35.63 19 22.44 27.35 29.45 25.22 31.09 28.02 20.89 19.85 19.6 14.01 12.03 19.23 28.3 33.61 46.27 53.64 49.03 60.84 72.46 62.24 50.88 40.81 20.27 4.9 14.32 18.13 17.66 16.25 16.41 19.34 25.17 29.36 32.69 36.03 37.31 35.86 33.06 31.15 29.76 27.14 23.93 21.14 19.37 17.74 12.54 6.94 2.33 8.03 19.43 17.19 15.12 14.35
42.41 54.96 49.94 33.53 20.72 21.98 24.83 25.63 30.09 36.13 38.81 29.38 22.94 36.62 41.68 36.75 35.06 39.83 46.52 40.22 36.9 46.61 57.88 61.63 54.34 34.34 14.31 14.2 23.83 30.38 32.81 38.8 35.52 32.96 32.93 32.39 30.76 28.3 26.28 26.04 26.97 40.7 48.22 37.96 44.61 55.71 49.24 48.43 51.59 37.01 12.94 10.19 17.43 17 15.3 18.23 23.04 26.22 28.17 31.35 35.96 39.58 40.91 39.83 36.76 30.6 22.35 15.91 15.15 14.99 12.15 10.55 6.67 5.83 14.74 24.04 24.22 20.38 18.49
53.02 63.22 54.52 38.57 30.45 33.41 36.08 36.35 36.65 35.17 31.65 23.22 20.41 33.94 42.61 41.55 40.12 43.45 46.92 37.74 29.96 37.57 50.17 59.03 59.09 45.73 25.67 9.69 18.27 30.45 41.38 46.07 44.92 46.2 45.68 45.59 48.77 50.5 46.24 36.26 26.82 34.19 43.05 34.27 37.17 42.63 34.52 40.64 54.72 51.62 28.92 7.3 17.21 17.8 12.35 17.03 25.96 31.57 32.26 32.85 36.8 41.92 45.89 46.85 42.93 33.08 20.39 11.7 12.62 10.9 6.46 8.14 10.78 14.17 22.47 30.59 29.55 24.69 22.91
63.5 71.64 56.39 37.14 28.63 32.35 35.29 35.37 35.84 34.91 30.55 25.29 25.09 31.75 41.05 47.64 51.39 50.3 43.98 29.41 21.47 30.49 39.87 47.52 55.47 52.08 37.49 14.8 3.03 10.44 20.1 24.2 24.62 27.62 27.89 28.67 31.51 31.21 28.05 25.73 25.69 33.23 40.83 35.57 35.93 35.35 23.83 28.99 47.37 56.85 43.44 13.14 13.8 21.67 15.33 15.52 19.41 24.53 26.83 28.4 31.74 34.83 36.7 36.4 32.91 30.15 25.52 17.84 14.69 10.23 7.42 8.78 11.42 15.21 25.05 33.98 31.79 27.43 24.57
68.18 76.94 55.1 35.85 30.59 33.72 35.28 34.49 37.04 39.7 37.89 35.69 36 37.24 43.36 51.78 57.24 52.21 38.14 22.27 17.42 27.49 32.76 37.28 50.26 54.72 44.15 17.03 14.18 20.47 23.19 21.49 17.11 10.92 8.66 12.39 13.27 10.25 8.35 16.92 29.88 41.27 44.38 38.64 35.67 31.95 20.49 21.65 36.88 50.99 50.55 31.49 8.34 23.93 21 16.16 14.13 16.53 20.24 23.91 26.44 27.16 26.71 25.43 24.82 28.32 28.49 22.31 16.49 11.07 9.55 10.31 12.61 16.32 28.08 38.35 35.24 30.2 25.76
69.19 77.48 53.07 38.14 38.72 39.08 35.1 30.2 31.41 31.99 27.84 27.95 30.77 32.85 40.4 50.14 55.41 48.45 32.94 20.73 18.99 27.15 29.73 32.42 45.9 52.56 43.03 12.34 14.23 19.89 26.09 26.91 25.76 13.26 3.25 12.1 10.25 10.65 15.46 27.38 36.9 40.61 37.35 33.67 32.68 29.76 21.4 19.82 26.93 38.67 46.2 43.38 15.96 10.59 11.87 10.18 9.46 12.21 15.9 18.38 19.08 18.01 16.41 17.52 23.7 28.05 29.05 25.06 19.19 15.39 15.25 16.74 20.59 25.25 35.45 42.86 36.01 27.56 23.16
68.58 70.57 51.52 43.53 46.58 42.09 32.22 24.01 23.22 23.42 19.17 20.98 25.6 29.77 38.99 47.68 49.21 42.73 32.5 23.32 22.24 27.52 31.33 37.41 48.52 48.86 34.08 6.86 13.27 16.64 25.72 28.86 29.97 19.88 12.09 17.69 16.01 13.57 26.95 37.01 41.52 36.5 28.43 30.12 32.48 29.98 25.01 22.67 22.15 31.28 40.46 40.38 23.97 13.09 11.02 6.75 2.73 9.24 12.26 12.21 10.56 7.84 5.34 10.65 21.23 25.48 27.06 25.5 22.39 21.19 21.73 24.27 30.23 36.03 42.59 43.55 33.83 23.88 20.24
63.93 55.93 48.99 48.58 49.22 38.31 24.23 16.52 17.2 20.8 21.76 24.68 29.06 34.74 43.41 49.29 46.1 39.56 35.05 27.85 25.52 28.49 32.87 39.55 46.04 40.03 22.32 2.36 6.88 11 21.15 24.58 24.92 16.93 11.32 19.81 23.94 20.98 26.18 31.8 34.7 26.19 19.77 26.61 29.53 25.92 22.93 21.91 22.72 29.89 34.41 28.18 17.91 10.31 7.58 2.23 6.62 8.39 9.29 9.24 7.93 5.95 4.25 9.3 18.78 23.51 25.92 25.37 23.31 23.37 25.07 28.61 34.15 37.57 40.3 38.31 30.53 23.29 21
56.34 35.68 45.13 53.09 49.39 34.81 19.34 13.04 15.18 21.59 27.01 30.92 35.09 41.99 50.17 54.25 48.61 40.01 33.77 30.42 30.54 30.9 32.35 36.1 40.52 32.54 15.52 3.45 11.23 19.97 24.39 23.71 18.83 11.86 9.74 18.41 27.35 29.88 27.87 26.69 27.1 17.74 13.64 20.94 25.8 25.48 22.94 23.28 28.68 33.48 29.12 18.73 9.8 5.18 2.05 3.37 8.34 8.64 7.22 6.77 6.7 6.14 5.13 8.07 15.53 22.56 26.77 26.78 24.48 25.17 28.29 32.56 36.18 36.44 35.96 33.17 28.27 23.75 22.46
41.92 23.62 42.27 54.59 47.78 32.63 18.37 13.8 16.26 24.02 32.15 36.13 38.78 44.25 48.92 48.76 40.05 30.64 25.19 28.58 32.46 28.75 29.42 32.8 36.84 29.58 16.35 14.78 21.75 28.33 30.39 27.93 21.62 16.47 15.53 18.62 27.1 34.58 32.67 28.58 26.78 20.36 17.7 20.02 24.85 28.99 26.47 25.56 27.53 24.85 17.17 10.34 5.43 3.43 4.1 7.12 10.03 11.53 9.42 6.45 4.7 2.93 2.53 3.65 9.21 17.27 23.31 26.8 28.34 29.52 31.16 32.93 33.07 30.98 28.88 25.82 22 17.82 16.84
34.95 27.99 45.24 50.93 44.17 30.11 17.61 14.32 16.46 25.08 35.92 41.31 42.65 44.25 43.1 38.82 31.06 22.56 18.13 25.45 32.45 28.97 30.13 33.91 35.66 30.09 24.51 27.52 32.38 36.47 38.23 36.68 34.34 33.45 32.8 32.43 34.67 37.39 35.09 31.96 30.84 26.82 24.54 25.81 28.8 30.28 26.32 23.98 23.03 15.66 8.07 5.98 5.17 5.63 7.02 10.69 15.42 16.14 11.52 7.01 5.52 5.79 5.04 2.43 3.99 10.59 17.21 25.79 33.45 34.84 33.75 31.47 27.31 23.37 20.52 17.53 14.52 10.71 9.28
39.47 34.18 38.63 39.91 37.81 26.52 16.19 13.85 15.96 25.33 38.12 45.57 45.98 43.05 37.3 31.9 29.05 23.24 17.19 23.23 31.47 32.23 32.39 31.94 30.67 28.53 28.68 30.61 32.17 33.72 33.09 30.74 29.34 29.71 31.17 33.14 35.39 36.03 35.1 34.43 33.85 28.62 24.62 25.1 26.17 25.74 23.14 20.95 18.64 12.9 7.32 5.24 6.46 7.84 6 10.76 15.65 9.66 2.1 4.23 8.32 7.38 1.23 5.16 6.57 6.41 11.62 20.95 26.9 28.77 28.17 26.06 22.71 20.33 18.73 16.95 15.18 13.45 12.76
42.14 37.92 33.92 33.19 32.88 24.29 16.32 14.59 17.26 26.69 38.86 47.27 48.06 43.05 35.07 29.28 28.86 24.69 18.03 21.57 28.78 32.34 33.16 31.63 30.31 30.72 32.54 30.19 27.2 26.31 22.58 18.58 17 18.35 23.18 28.88 33.38 35.39 35.85 35.59 34.53 27.53 21.48 20.3 20.2 20.92 21.41 19.54 15.06 10.86 7.56 5.57 6 6.77 6.48 12.13 19.17 17.98 13.11 7.44 4.78 7.95 9.17 8.39 7.13 4.13 9.31 17.29 16.06 17.76 19.14 19.26 19.49 20.27 21.07 21.68 21.7 20.91 19.91
42.7 37.33 35.45 33.81 31.62 24.59 17.45 15.05 18.53 28.12 38.71 47.69 50.25 46.44 38.28 31.61 31.78 28.92 23.42 23.9 27.18 29.9 30.86 30.99 33.34 36.07 36.12 28.21 21.94 21.98 18.58 15.22 14.27 17.51 24.03 28.6 31.29 31.59 30.28 28.68 27.42 19.44 11.89 11.06 13.24 16.67 18.45 15.34 9.92 9.11 9.66 10.53 12.69 15.77 17.98 20.55 24.94 25.74 20.35 12.16 4.31 4.89 8.57 8.16 6.64 5.67 11.26 17.38 11.66 10.12 12.37 14.09 15.82 17.28 18.1 18.24 17.77 17.2 16.98
46.14 36.21 34.47 34.74 34.13 28.16 20.74 17.11 19.32 27.87 38.78 50.08 56.2 56.53 48.7 39.72 40.8 40.38 35.77 33.64 32.91 32.92 32.14 30.88 31.69 35.55 37.23 28.05 20.63 21.85 19.15 16.58 15.82 20.01 27.59 29.17 27.77 24.23 19.92 17.61 18.96 16.03 12.99 13.71 17.23 21.69 24.49 23.99 21.3 21.06 25.1 30.77 34.96 36.66 36.01 34.34 32.89 31.03 25.72 17.52 11.74 6.58 3.7 6.23 7.93 8.84 12.71 16.04 8.28 4.39 8.46 10.48 11.71 12.23 11.25 9.9 9.95 9.87 10.36
49.58 36.93 32.91 34.69 37.55 33.33 26.27 21.28 20.15 26.63 39.17 53.79 63.34 65.6 52.58 38.08 40.76 40.62 34.23 32.9 33.27 33 31.26 28.55 25.99 29.9 35.38 29.6 24.06 24.87 21.54 17.89 17.09 21.5 28 25.61 19.77 13.67 9.73 11.86 17.8 20.53 21.01 21.97 25.13 29.8 34.78 39.8 41.26 40.44 42.4 45.7 48.05 48.41 46.73 43.59 39.95 38.28 34.27 25.79 19.47 14.08 9.08 4.77 4 4.73 8.43 11.44 6.61 7.56 11.77 10.24 6.82 5.87 5.83 9.33 13.74 14.72 13.23
46.51 38.72 34.84 36.67 41.28 37.84 31.27 26.09 22.14 26.55 39.3 55.71 67.07 68.92 51.34 31.17 33.55 32.77 25.39 26.03 29.01 28.57 25.87 23.38 21.23 25.45 31.94 30.31 26.88 25.45 24.22 21.51 19.56 22.21 22.94 17.15 11.78 11.38 14.45 18.86 23.01 25.06 26.23 28.31 32.21 38.12 47.4 59.32 66.39 65.54 61.38 57.7 55.81 54.91 53.5 50.64 46.93 46.36 43.43 35.55 29.56 24.95 21.2 16.39 12.14 10.11 12.23 16.47 18.08 18.97 21.91 21.56 19.68 19.75 21.65 25.06 28.51 30.5 31.77
37.76 38 37.71 40.98 45.5 41.38 35.11 31.2 26.68 29.67 39.92 54.84 66.09 67.28 51.08 30.85 29.31 29.01 25.83 25.92 25.4 21.33 18.14 17.38 17.25 21.87 27.9 30.39 28.24 23.63 26.33 26.29 18.16 13.15 10.04 13.47 20.22 24.89 27.4 28.95 30.09 30.21 30.05 30.77 33.33 39.19 50.91 62.7 69.63 69.23 63.33 57.19 52.79 49.37 47.09 46.25 46.31 49 46.81 39.73 35.86 32.49 29.4 25.22 20.92 18.39 19.1 21.59 22.72 22.76 25.31 26.46 26.69 27.94 30.27 33.25 36.38 38.96 40.43
29.71 34.45 40.64 46.3 48.64 44.3 38.81 36.25 34.45 37.72 42.87 51.36 59.48 60.78 49.59 34.17 30.13 29.27 28.85 28.61 24.07 15.11 11.24 12.57 14.71 19.82 25.7 31.18 30.72 24.73 27.33 27.71 19.84 17.84 25.49 34.69 41.02 43.28 42.23 39.73 37.99 36.16 33.23 29.83 28.89 34.15 46.68 51.82 53.21 53.85 50.48 45.63 40.03 33.32 29.14 30.86 36.84 46.33 45.27 38.05 38.55 37.46 34.45 30.92 27.52 25.02 23.57 22.29 20.5 19.73 21.84 23.44 25.98 29.07 31.93 34.62 37.77 40.79 40.04
23.13 27.74 41.78 50.45 50 46.89 42.71 40.44 41.81 42.85 40.21 42.62 48.32 51.91 47.06 37.81 34.61 32.79 31.56 30.98 26.23 17.11 11.84 12.51 15.73 20.45 25.57 32.01 33.72 29.23 28.51 28.05 28.31 33.36 41.07 46.81 49.81 50.48 48.62 45.33 43.36 41.69 37.67 32.35 30.35 37.13 46.95 43.75 39.44 41.3 39.85 35.04 30.94 27.84 23.3 21.69 25.97 40.04 39.35 29.33 33.1 36.07 34.86 32.74 30.89 29.74 28.65 27.09 25.11 24.35 25.35 26.57 30.91 34.99 37.13 37.77 38.71 41.01 40.97
22.07 25.39 40.29 49.43 49.63 49.56 46.52 42.39 42.78 41.44 35.76 35.52 40.46 46.54 45.64 40.29 38.98 37.51 35.18 33.32 27.91 19.05 12.92 13.97 18.24 21.84 25.06 31.41 34.79 33.91 34.58 36.96 40.75 44.42 46.61 45.95 44.69 45.17 45.77 45.24 45.84 47.02 44 38.86 39.15 47.72 47.5 34.52 26.78 30.09 30.7 25.31 24.57 27.67 26.32 21.97 21.99 34.16 30.16 14.67 18.24 25.63 28.75 29.94 30.84 32.54 34.73 36.8 38.12 38.83 38.67 38.6 43.62 47.31 47 42.91 39.08 39.13 42.11
