InputMaps/malcataSlope_200.grass
north: 40:14:17.01N
south: 40:12:39.7468N
east: 7:02:14.5154W
west: 7:04:21.43W
rows: 200
cols: 200
[rows 105 to 139 of 200, columns 79 to 157 of 200]
27.09 27.39 26.57 27.84 32.73 40.6 42.48 38.76 34.85 30.75 28.08 24.37 20.33 17.63 15.1 10.83 7.21 9.21 11.84 12.82 11.84 9.83 12.6 16.87 19.9 22.14 24.25 30.16 37.37 41.64 39.64 34.47 31 28.1 27.21 27.97 26.47 22.69 17.34 21.71 30.96 39.3 42.87 40.12 36.88 34.08 30.05 24.3 18.57 13.12 11.16 14.67 23.96 28.16 22.64 23.82 30.56 36.99 41.47 44.49 48.79 45.21 38.46 37.71 36.74 34.32 32.86 32.96 32.94 34.66 37.76 39.06 39.74 40.82 37.03 31.5 29.75 30.36 30.44
27.48 29.75 29.9 36.79 45.53 46.08 40.74 34.05 30.12 27.8 25.22 23.12 21.85 20.85 13.05 7.26 8.1 9.89 9.86 11.68 13.9 12.74 14.94 19.03 22.53 25.35 27.52 31.63 36.1 38.52 36.5 31.82 28.16 26.88 28.55 31.73 31.11 26.23 17.86 8.13 11.35 21.92 28.96 29.01 29.56 31.82 33.16 30.92 25.82 19.45 14.62 12.44 20.32 27.17 22.69 22.03 25.27 29.31 31.15 31.99 39.02 39.36 32.36 29.35 27.05 25.81 26.77 27.76 26.33 26.33 28.38 29.27 30.51 33.07 31.43 28.42 27.63 27.17 25.59
29.1 33.3 35.95 45.39 53.29 47.39 35.27 24.33 25.15 28.04 23.23 22.11 23.04 21.88 12.38 4.88 8.5 8.95 13.98 16.57 15.35 14.42 16.97 21.61 25.93 29.38 31.41 33.9 35.13 34.03 30.35 25.69 23.02 25.36 30.65 36.83 37.78 32.28 23.47 10.47 4.59 13.22 18.23 20.28 25.19 31.9 37.13 38.64 35.76 29.66 24.95 20.75 19.56 22.73 19.43 20.32 23.36 25.66 25.34 24.17 29.79 31.93 27.01 22.78 19.6 18.43 21.18 24.19 22.52 21.44 22.55 22.92 23.92 26.5 25.02 23.23 23.34 22.87 22.91
30.62 35.2 38.66 47.29 52.2 41.06 24.5 14.66 21.98 29.22 23.53 22.3 22.81 20.67 12.22 4.47 6.74 3.38 20.33 21.84 18.27 19.42 22.32 26.02 30.19 33.74 35.05 34.8 32.35 28.93 24.9 20.16 15.55 16.24 23.25 34.13 40.08 37.72 30.45 17.49 4.19 7.9 17.33 26.19 34.83 41.59 46.6 50.78 52.54 49.74 45.99 40.95 33.55 27.12 20.32 18.24 19.61 21.76 23.09 23.07 25.65 25.76 21.29 17.87 14.86 12.91 16.34 22.1 22.7 21.88 21.89 21.87 21.55 21.53 18.38 14.74 12.84 14.56 20.97
32.49 35.8 38.84 46.07 49.67 38.61 22.76 13.8 21.66 29.76 26.57 23.81 20.81 17.58 11.42 5.81 4.84 7.47 24.01 25.82 23.05 25 26.99 28.8 32.28 35.8 36.52 33.48 28.45 24.54 21.53 18.01 13.39 10.91 14.85 26.47 36.86 39.9 36.43 25.83 12.98 10.27 21.07 32.58 41.84 47.57 51.8 56.84 61.66 62.11 59.74 55.16 46.77 36.85 27.57 19.7 13.4 13.71 18.87 21.9 23.92 22.84 18.37 15.21 11.33 8.57 11.8 18.65 22.34 23.25 22.74 23.64 22.55 18.52 14.81 11.69 8.99 12.85 20.72
34.23 37.56 40.91 45.57 45.74 35.24 22.86 17.24 23.74 31 30.68 26.31 20.46 15.73 9.74 5.06 3.41 13.19 25.28 27.16 24.87 24.8 24.76 26.13 29.72 32.79 32.85 28.06 22.27 19.07 17.71 15.63 11.32 7.97 9.3 17.31 27.69 34.05 34.97 29.91 22.06 16.91 20.04 28.85 35.38 38.87 40.54 42.62 47.05 49.25 49.01 47.79 43.6 37.82 31.67 25.05 18.78 13.94 14.34 18.32 21.64 20.8 16.25 13.36 10.11 7.65 8.31 13.21 19.7 24.44 25.4 26.64 24.42 18.66 16.73 16.58 14.97 16.6 21.53
36.05 42.27 46.67 47.2 41.31 30.12 21.66 21.02 27.28 33.28 33.74 28.86 21.96 15.84 8.77 2.16 6.75 17.38 24.61 25.42 24.19 24.48 24.41 25.11 26.6 28.09 28.57 24.71 19.32 15.95 15.81 14.94 10.78 7.77 8.56 13.21 22.08 29.99 33.2 31.1 25.86 24.07 25.86 30.08 31.83 31.5 30.16 30.14 33.89 37.61 39.43 40.92 40.16 38.32 35.43 30.8 27.03 24.23 22.47 22.84 23.21 19.88 12.77 8.77 7.46 5.85 5.08 7.99 15.5 24.01 28.49 28.06 24 20.07 19.54 20.87 21.15 21.72 23.34
39.82 47.6 51.32 47.18 37.1 26.6 21.62 24.96 31.29 35.62 34.71 29.11 20.92 13.22 9.06 7.77 10.98 17.48 21.47 22.71 23.3 24.86 25.13 23.93 21.91 23.68 26.93 24.49 19.15 14.89 15.14 15.25 11.82 9.95 10.89 13.22 20.02 27.79 31.17 29.4 24.84 28.36 33.2 33.68 30.08 24.43 20.46 21.54 25.7 29.7 32.65 35.25 35.11 33.35 31.54 27.83 24.29 22.83 23.88 26.83 27.92 24.12 16.77 10.39 5.23 1.89 1.59 3.28 10.29 21.12 29.76 29.69 26.39 24.27 22.4 21.99 23.51 24.85 25.13
45.29 49.58 50.19 44.7 35.26 26.26 23.26 27.51 33.89 36.95 33.36 27.39 19.67 11.35 9.72 11.5 16.22 22.67 26.16 26.79 26.96 28.23 27.79 25.16 21.57 25.01 30.73 27.31 20.24 14.99 15.14 16.23 14.43 13.4 14.01 15.5 20.63 26.95 28.95 25.33 19.74 29.1 39.21 38.65 32.83 23.82 15.61 14.07 18.26 22.25 26.12 29.8 30.87 29.75 29.01 26.26 22.95 22.74 27.18 33.04 35.15 31.79 26.19 20.74 14.95 10.14 6.6 3.04 4.99 16.17 26.37 29.7 29.96 28.9 25.88 23.85 25.09 26.34 26.75
42.79 44.62 43.27 38.21 30.77 22.43 20.23 25.67 32.54 34.26 28.5 23.57 17.67 7.97 3.52 5.55 10.43 18.56 25.42 29.81 32.61 34.84 34.34 30.93 26.33 29.58 37.4 35.78 30.48 25.68 23.3 22.04 19.63 18.11 18.38 20.01 23.45 27.05 26.63 21.04 13.62 24.57 38.95 40.86 36.24 27.6 18.87 10.69 10.19 14.46 20.71 27.02 31.88 34.89 37.09 37.05 37.08 38.92 42.06 44.46 44.57 42.45 40.21 37.12 31.7 25.07 18.06 11.75 4.45 7.54 18 22.35 22.74 22.48 22 22.57 25.57 28.97 31.67
40.77 39.42 35.17 29.33 24.82 21.57 23.05 28.75 33.47 33.02 27.29 24.04 20.61 12.86 4.65 0.05 4.56 12.06 21.23 30.56 37.69 42.02 42.87 39.65 34.19 34.98 42.33 45.82 45.65 42.08 38.21 34.41 29.1 25.2 24.03 25.31 27.06 27.65 24.56 18.53 12.87 19.36 32.06 39.17 38.05 32.08 27.37 20.73 15.06 11.56 16 24.18 32.19 38.86 44.03 46.74 50.24 54.05 55.42 54.32 53.57 53.11 53.32 52.35 47.87 40.89 30.52 21.02 14.65 2.94 10.1 17.34 18.82 17.36 17 18.7 23.68 31.08 36.89
39.26 36.37 31.18 25.31 21.55 19.26 22.46 28.87 30.46 28.68 26.18 24.7 22.21 16.22 8.09 2.37 3.95 8.1 13.62 21.38 30.09 37.67 43.5 44.55 40.9 38.74 40.48 41.72 42.29 42.28 45.36 46.85 41.19 32.3 24.25 20.23 19.09 19.95 18.02 13.96 10.36 13.37 23.26 34.17 36.45 33.09 32.31 31.31 28.44 20.25 11.5 13.67 21.52 28.76 35.25 40.12 45.57 50.51 53.37 54.19 54.24 51.89 51.1 51.99 49.53 46.11 36.64 24.5 20.45 13.94 7.15 12.45 16.88 13.79 11.5 11.57 14.96 21.63 29.34
39.66 36.01 31.2 28.07 28.26 28.43 29.08 28.79 21.98 19.8 25.35 27.26 25.02 19.03 11.68 6.54 5.79 6.84 8.33 13.01 21.1 30.61 41.69 48.37 47.84 44.28 41.34 39.48 39.34 41.12 48.28 54.35 52.29 42.69 31.33 24.41 20.84 20.52 17.35 12.37 8.27 8.71 16.43 28.17 33.75 33.72 35.15 39.41 42.05 37.09 27.43 20.03 16.52 19.73 26.49 33.99 41.74 47.54 51.91 54.71 54.45 50.15 48.8 51.97 53.49 50.87 42.56 29.51 22.29 21.28 20.51 17.19 16.39 11.04 6.55 4.83 8.18 13.47 21.59
38.72 32.86 25.7 22.51 23.56 22.61 22.07 21.61 14.24 10.53 18.46 25.34 26.54 21.91 15.6 10.2 3.06 2.76 3.96 4.44 6.28 9.44 17.81 26.52 30.63 30.76 28.55 27.76 28.33 30.36 39.77 49.33 51.99 45.53 34.83 27.69 24.13 24.39 20.2 13.14 7.42 5.04 9.82 19.67 25.98 28.2 30.12 35.56 42.54 44.37 40.85 34.78 22.92 15.33 19.65 27.36 34.84 39.8 43.55 44.85 41.9 36.43 34.48 41.83 54.17 55.49 49.52 38.06 26.09 20.58 19.26 15.07 10.07 4.03 6.53 9.85 13.96 18.67 23.39
38.14 32.2 22.89 19.04 20.58 18.89 18.1 18.77 14.34 13.12 13.69 18.42 24.55 24.63 19.55 11.97 6.33 13.17 16.46 17.6 17.05 17.31 19.01 21.49 26.57 29.14 27.4 28.13 27.95 25.93 33.76 43.74 46.6 43.98 37.73 32.6 29.94 29.77 22.88 13.22 7.03 3.84 5.32 12.37 17.43 21.24 25.23 31.28 40.34 48.5 51.89 49.14 35.22 20.21 18.09 22.88 28.8 33.4 35.78 34.26 28.27 22.04 19.38 28.98 48.11 57.35 54.98 45.04 33.29 21.79 17.62 14.94 7.25 7.03 13.2 16.28 19.98 24.12 25.71
36.76 32.88 23.78 20.22 22.37 21.91 22.12 22.71 19.49 15.7 10.71 11.45 20.24 22.91 19.88 14.03 13.77 18.03 16.82 16.24 15.54 15.42 16.82 20.89 29.27 33.76 32.46 32.41 28.85 22.52 29.75 40.03 39.98 39.34 37.98 36.52 35.94 34.59 24.25 12.12 5.72 2.2 2.62 8.36 11.66 11.55 11.34 14.19 21.33 37 50.81 55.52 46.22 31.93 24.38 20.93 23.21 27.57 27.41 23.65 18.93 17.32 14.91 20.62 37.35 53.1 55.83 48.92 42.64 31.49 21.46 16.48 14.47 11.88 7.13 7.27 15.09 19.38 18.53
32.45 32.01 26.17 24.38 27.34 29.23 29.81 27.87 23.38 17.51 12.25 11.18 20.46 16.72 13.34 17.96 21.34 20.33 15.78 13.74 12.79 11.36 14.18 23.71 35.6 41.28 39.88 36.65 28.38 18.95 27.07 39.46 36.54 37.2 39.82 40.25 39.88 37.08 25.01 11.31 5.71 3.78 1.81 6.51 12.58 18.84 26.15 26.37 15.56 20.7 42.06 52.73 52.21 45.87 41.09 36.27 33.52 33.16 29.62 22.06 11.07 13.05 11.35 13.36 25.65 44.86 52.95 51.48 50.99 43.07 29.49 22.23 18.92 12.64 12.3 12.2 16.54 17.58 12.93
28.23 30.18 28.92 29.85 32.33 33.62 28.88 19.82 12.88 5.78 5.59 5.31 17.64 11.18 12.17 16.22 17.6 15.56 11.83 9.89 10.06 11.65 19.19 32.22 42.42 44.31 38.49 31.63 24.07 19.75 27.76 38.87 34.3 36.97 42.62 43.5 42.47 38.72 26.51 13.6 11.79 10.5 4.75 4.54 15.81 25.32 27.55 15.98 10.18 8.04 31.87 42.65 45.36 43.52 42.43 41.25 40.55 39.88 36.61 29.65 12.92 10.27 13.1 12.14 17.3 33.98 45.24 48.79 52.17 49.05 39.36 32.3 22.91 9.96 8.44 14.53 20.44 19.7 13.28
27.72 29.3 31.84 34.04 34.81 35.04 24.61 7.9 6.86 10.54 12.09 11.7 20.36 19.83 16.96 13.69 11.86 10.12 7.78 5.62 7.87 14.38 27.45 40.89 47.34 43.7 33.19 25.21 21.73 24.77 31.46 34.79 31.83 38.37 46.45 47.27 45.35 40.76 28.38 17.38 17.81 18.69 13.45 7.19 13.61 24.44 29.55 13.76 11.78 5.34 24.56 34.13 37.14 37.57 39.91 42.15 44.03 45.47 42.97 36.28 22.04 9.31 15.21 13.43 11.82 22.45 36.01 45.2 52.47 54.22 48.24 41.5 29.48 13.7 6.71 9.79 20.58 22.47 16.52
31.12 30.16 32.87 33.7 32.6 32.3 19.7 6.93 10.57 12.41 13.11 12.63 17.24 19.97 20.93 17.34 11.5 8.42 8.23 8.3 14.64 23.76 36.86 47.13 49.16 42.19 32.64 28.58 28.55 31.34 32.56 31.17 31.92 40.48 48.05 47.31 43.91 38.51 25.85 16.06 18.45 22.05 19.56 14 14.39 18.74 25.66 13.42 8.43 0.38 18.15 28.69 31.44 30.77 33.46 39.33 44.83 49.16 47.21 39.37 31.39 16.51 15.33 15.49 9.75 12.69 20.98 31.35 44.5 52.97 50.56 45.17 34.48 22.93 14.26 12.82 17.73 20.79 17.87
37.29 33.01 29.95 26.87 27.43 29.67 23.53 16.76 13.47 11.45 12.23 11.62 12.92 17.55 24.47 24.71 14.42 7.75 8.46 13.62 24.46 34.56 45.63 51.89 49.42 41.68 36.42 36.73 37.46 36.28 33.29 32.46 35.42 41.1 44.43 42.68 40.41 36.76 26.3 15.76 17.98 23.81 24.2 21.5 24.35 24.04 23.58 13.72 9.16 8.51 11.46 25.58 30.31 26.82 22.71 32.65 46.22 55.02 53.85 43.84 38.25 21.64 15.17 17.37 9.17 5.88 7.71 18.16 37.43 52.44 54.14 50.87 42.03 33.13 26.5 30.18 31.95 28.72 28.06
40.02 30.33 21.29 18.2 22.07 23.12 19.23 14 10.7 9.51 12.88 13.68 15.17 18.22 18.71 25.73 21.25 15.82 15.68 22.2 34.88 45.21 54.31 57.3 52.83 46.99 44.37 44.04 42.41 38.38 34.03 32.54 33.99 36.39 37.14 36.62 37.17 36.56 30.81 20.55 18.06 24.44 27.26 23.31 23.31 21.45 18.77 12.41 9.98 12.37 10.48 24.99 32.23 26.97 15.44 23.5 44.79 60 60.14 46.98 39.15 19.9 11.38 16.74 9.07 6.63 8.57 16.37 35.85 53.45 57.92 55.43 46.03 35.76 28.22 29 31.46 31.7 33.57
43.99 32.44 18.92 16.66 21.78 18.11 11.52 7.58 6.22 7.32 15.59 17.32 19.97 15.76 9.26 18.28 25.66 27.4 26.2 31.63 46.45 56.87 63.54 63.52 59.56 56.01 53.67 50.77 46.25 40.61 35.08 31.07 29.4 29.94 30.84 32.24 34.74 35.93 34.23 26.37 20.62 24.58 30.21 23.65 17.07 14.72 13.2 10.48 10.32 13.97 16.79 27.82 33.43 29.53 25.41 36.91 53.09 64.97 61.69 44.36 33.14 15.85 7.5 14.49 11.16 10.49 12.69 19.9 36.57 52.56 57.77 55.27 46.39 37.01 29.61 25.99 27.07 33.63 36.38
46.32 39.16 26.96 24.49 28.46 20.93 13.88 11.87 10.36 11.29 19.27 18.04 20.11 17.9 12.66 15.34 22.96 27.31 29.37 37.81 53.84 61.78 64.76 62.44 58.63 54.13 50.41 46.53 42.1 38.39 34.88 31.03 28.39 27.7 27.58 28.64 31.6 33.83 34.9 30.29 23.49 19.1 26.78 23.22 14.77 12.83 9.86 5.64 4.47 4.06 10.35 24.68 31.74 33 36.02 44.96 52.84 60 53.2 33.91 23.31 14.67 9.37 11.62 12.98 12.53 15.97 24.5 38.61 51.19 55.2 51.96 44.8 39.04 34.34 31.22 29.66 28.76 24.35
44.57 46.37 40.07 37.56 39.68 33.41 27.11 23.4 19.86 17.53 19.57 17.53 18.22 23.62 22.99 19.58 18.28 21.67 29.99 43.16 56.45 61.99 62.51 58.54 53.05 45.93 40.85 36.89 34.04 33.83 34.24 32.69 30.99 29.25 25.76 23.34 26 30.34 33.59 33.92 30.91 14.27 19.75 22.08 15.12 12.67 8.16 5.24 8.92 12.52 14.99 26.05 35.03 40.16 43.39 44.68 44.98 48.81 39.91 22.41 19.79 19.64 15.97 11.04 10.6 12.55 19.98 30.67 43.24 52.35 53.08 48.09 42.45 40.57 38.84 36.06 30.82 17.86 3.78
42.36 47.03 44.15 43.05 44.5 39.84 32.77 27.17 21.85 16.9 15.3 16.65 16.24 18.49 20.82 17.94 16.31 20.03 28.57 39.39 49.55 56.59 57.57 52.03 44.31 37.71 34.82 32.45 31.38 32.68 34.15 33.27 31.15 28.22 23.52 20.16 21.49 25.39 29.39 34.72 38.44 17.51 11.97 19.57 16.45 11.82 11.61 14.81 11.56 10.89 19.89 33.22 45.37 50.34 46.92 41.19 37 37.25 28.05 15.95 16.87 16.16 11.12 3.41 5.55 13.12 24.69 36.56 47.03 51.8 48.31 42.48 38.99 40.39 40.34 35.7 25.35 7.74 14.55
45.09 45.08 41.68 42.5 45.07 42.26 34.58 26.95 20.21 12.73 10.15 14.69 13.76 6.72 10.16 12.28 15.89 19.95 23.5 29.7 40.14 50.48 53.36 47 36.95 31.26 31.46 31.28 31.91 33.65 34.39 33.16 29.46 25.31 22.18 23.05 24.88 23.09 25.19 32.46 37.98 21.45 1.52 13.46 18.16 13.47 20.27 20.93 6.48 14.51 36.36 49.9 57.86 55.91 45.4 34.74 27.7 25.13 20.52 15.11 14.37 15.66 15.57 15.22 15.58 19.23 30.44 42.9 53.6 54.95 46.47 39.72 37.22 39.63 39.44 33.41 23.4 21.09 29.03
52.08 49.24 43.02 41.81 43.81 43.34 36.88 28.09 22.57 14.87 8.98 11.86 10.91 1.77 4.05 9.36 14.6 17.73 18.38 24.28 36.74 48.39 53.24 48.14 37.09 28.19 26.35 25.84 27.88 31.38 32.77 32.78 29.15 25.18 23.74 26.59 26.75 20.52 21.22 28.77 31.34 22.37 8.61 9.82 15.35 19.19 28.48 20.59 5.19 30.86 52.03 59.94 60.21 51.97 40.82 30.4 22.7 16.7 13.2 13.08 20.57 26.44 26.01 22.37 20.04 21.86 31.91 44.64 58.29 60.71 50.26 41.8 37.64 38.77 37.37 32.26 28.34 32.24 34.44
60.28 57.57 49.45 43.63 42.48 43.84 38.02 27.76 25.77 21.09 11.92 7.34 7.51 3.43 4.81 9.94 12.75 14.77 16.03 22.2 34.04 45.28 51.5 48.65 39.21 29.67 24.67 20.83 22.06 27.45 29.52 31.83 30.06 27.23 27.36 28.62 23.97 16.14 16.01 24.84 26.16 23.92 17.21 9.73 11.6 22.68 29.8 18.49 20.33 42.76 58.63 61.2 54.91 44.18 37.98 32.13 28.05 26.19 27.17 30.37 35.25 35.92 30.12 21.99 18.66 20.94 30.77 42.62 56.14 61.98 55.72 45.19 37.24 37.02 35.84 34.94 36.72 38.61 32.88
59.12 57.87 51.27 45.78 44.82 48.34 41.9 29.22 27.78 25.73 17.45 7.78 5.36 6.43 8.85 10.7 12.22 13.81 15.34 21.3 31.33 41.16 47.19 45.82 38.92 32.76 29.67 25.69 23.79 26.2 24.24 27.5 28.38 25.96 25.54 24.25 18.55 14.43 13.59 22.06 23.92 26.77 20.96 5.54 14.42 21.22 24.32 17.48 27.93 45.12 56.86 58.34 47.49 35.44 34.37 30.77 28.57 30.87 35.49 39.79 41.98 38.5 30.18 21.46 18.63 22.02 32.25 42.15 50.66 58.48 59.98 47.76 36.23 36.39 35.94 36.82 39.13 38.42 31.69
49.05 50.42 46.26 43.97 46.45 53.98 50.79 37.55 31.22 28.56 23.75 15.52 12.59 12.7 12.13 10.93 11.59 13.33 15.16 21.77 31.48 39.4 42.84 40.45 35.11 31.76 31.7 31.35 30.2 29.08 18.82 18.83 23.19 21.13 17.02 13.12 10.41 12.46 15.4 20.38 20.7 26.32 20.97 2.44 15.86 16.39 18.06 17.28 27.47 39.26 48.46 51.15 41.82 31.18 31.85 26.86 22.71 25.78 31.17 37.17 40.13 36.45 29.14 22.15 20.41 24.67 34.93 42.82 46.12 52.91 58.97 46.1 37.26 41 39.4 36.03 33.74 31.85 31.15
39.95 43.87 38.85 34.37 36.38 46.79 48.73 39.02 30.92 26.37 24.16 17.72 16.4 15.42 12.85 10.97 11.07 13.36 16.64 24.93 34.42 39.54 39.08 34.24 29.91 28.34 30.21 33.72 36.52 36.22 21.85 9.4 16.09 17.98 13.25 9.04 8.63 11.84 16.04 18.15 16.9 22.83 19.45 3.31 13.31 11.97 15.18 18.7 24.9 32.07 39.79 43.81 41.67 36.57 35.64 29.46 23.71 24.82 29.76 35.91 35.47 29.76 24.2 20.87 22.61 28.15 37.98 44.53 45.08 49.15 54.19 40.15 33.39 38.49 36.91 32.76 30.06 29.34 31.62
38.15 42.16 37.66 29.8 25.25 33.9 37.98 31.95 26.71 20.83 16.49 12.45 13.28 12.76 12.38 12.39 12.95 15.79 20.31 29.1 37.06 39.05 34.92 27.66 23.53 23.74 27.27 32.01 40.02 45.7 34.49 14.48 6.04 14.63 15.95 14.73 15.12 13.69 13.08 15.5 17.28 20.44 15.86 4.13 12.29 14.59 16.64 19.68 21.22 26.43 34.96 39.2 41.83 41.87 40.17 33.04 25.77 23.7 27.9 34.11 27.51 16.37 12.2 14.88 22.55 30.39 41 47.78 47.61 49.05 51.24 36.27 23 24.73 22.35 22.93 28.12 31.96 34.87
44.56 46.74 45.77 39.59 34.17 39.35 40.26 30.73 26.6 20.43 8.06 6.17 9.12 9.72 11.24 12.86 14.97 19.21 24.41 32.18 38.16 38.34 31.89 22.71 17.07 17.7 22.43 25.05 36.16 49.31 43.85 26.81 13.05 11.98 16.83 17.58 18.8 16.38 13.79 18.02 22.06 21.21 14.37 11.12 15.55 18.44 18.34 19.56 18.33 23.52 34.42 39.81 44.65 45.96 43.13 33.82 24.07 20.46 25.76 34.05 26.83 14.6 10.1 11.67 20.27 28.23 39.86 48.12 48.75 49.23 50.06 39.65 26.19 21.91 14.12 19.43 28.17 32.96 35.76
48.03 50.26 50.16 43.3 37.92 42.57 41.28 30.96 25.86 17.81 4.36 3.79 3.53 5.77 8.27 11.32 16.93 24.11 29.27 35.05 39.08 38.34 31.39 22.7 16.95 14.56 15.93 13.37 25.41 47.25 46.03 32.35 23.53 14.24 15.93 15.83 18.4 21.78 24.34 27.08 28.89 25.69 22.2 21.07 19.45 19.43 17.82 17.85 18.33 24.61 34.69 39.52 45.17 47.24 43.89 32.1 20.75 20.33 28.6 37.21 33.06 25.28 20.85 16.92 20.32 24.95 35.21 43.24 44.02 44.59 46.41 44.03 36.11 29.37 26.02 29.64 30.88 30.76 31.96
