InputMaps/malcataHeight_200.grass
north: 40:14:17.01N
south: 40:12:39.7468N
east: 7:02:14.5154W
west: 7:04:21.43W
rows: 200
cols: 200
[rows 96 to 127 of 200, columns 0 to 71 of 200]
0 729.58 733.8 740.91 750.49 761.98 767.33 773.05 779.4 785.31 790.89 795.78 800.63 805.46 810.29 815.28 820.42 823.97 828.37 834.2 838.13 841.46 844.25 847.34 850.65 854.71 858.21 861.19 862.09 863.28 865.18 866.58 867.58 867.58 867.3 866.86 866.55 867.24 868.95 870.42 869.78 865.14 861.29 858.03 856.24 854.1 851.69 847.82 845.5 844.92 845.87 846.14 844.56 842.94 841 837.57 834.08 830.59 829.63 829.07 829.01 828.78 828.1 826.39 825.53 825.02 824.5 822.03 818.08 807.07 799.66 797.25
0 731.69 736.88 745.23 754.82 765.39 771.03 776.93 783.28 787.64 791.78 796.36 801.54 806.98 812.43 817.21 821.43 823.45 826.19 830.18 835.02 839.37 841.55 843.81 846.22 849.67 852.72 855.39 857.43 859.4 861.3 862.7 863.7 863.7 863.61 863.57 864.8 866.12 867.52 866.42 863.86 858.91 855.22 851.85 848.21 845.56 843.48 840.54 838.27 836.77 836.53 836.45 836.41 837.01 837.22 834.41 832.63 831.53 829.03 828.02 828.89 829.32 829.16 827.76 825.66 823.29 820.93 816.96 811.78 801.37 794.84 793.67
0 732.05 738.07 747.83 757.62 767.43 773.53 779.79 786.31 789.88 793.17 797.27 802.01 807.03 812.05 816.23 819.7 821.04 822.79 825.27 829.96 834.49 836.92 839 841.03 844.38 847.49 850.38 853.43 856.13 858.2 859.51 860.4 860.58 860.64 860.73 862.12 863.36 864.46 862.38 858.96 853.54 849.84 846.38 841.77 838.5 836.07 833.53 831.45 829.9 829.32 828.93 828.7 829.03 829.26 828.11 827.85 828.14 825.83 825.04 826.13 827.43 828.04 826.94 824.47 821.35 817.48 812.36 806.3 797.19 791.64 791.01
0 731.03 737.8 749.09 759.21 768.41 775.11 781.85 788.68 792.05 794.95 798.43 802.13 805.92 809.71 812.99 815.84 817.16 818.43 819.68 823.39 827.44 830.79 833.18 835.24 838.9 842.47 845.98 849.93 853.33 855.71 856.84 857.56 858.04 858.21 858.24 858.71 859.33 860.12 858.29 854.87 848.83 844.99 841.47 836.55 832.6 829.28 826.74 824.95 824.01 823.77 823.1 821.33 819.43 818.04 819.35 820.45 821.38 820.61 820.53 821.32 823.65 825.22 824.43 822.27 819.23 814.13 808.13 801.45 794.18 789.7 789.07
0 730.37 737.91 749.97 760.07 768.66 774.75 781.13 787.96 791.96 795.31 798.33 801.14 803.87 806.74 809.51 812.21 813.08 813.7 814.03 816.94 820.52 824.33 826.97 829.19 833 836.81 840.62 845.46 849.56 852.26 853.44 854.13 854.46 854.77 855.04 854.73 855.34 856.9 855.42 852.31 846.57 842.21 838.08 833.15 828.82 824.89 821.74 819.69 818.9 818.68 817.81 815.43 812.57 810.2 811.05 811.87 812.68 813.29 813.78 814.11 817.05 819.43 819.57 818.22 815.9 811.26 805.9 799.99 793.8 789.75 788.65
0 730.06 738.39 750.46 760.21 768.18 772.44 777.6 784.13 789.63 794.26 796.97 799.05 800.89 803.14 805.8 808.8 808.8 808.61 808.32 810.62 813.73 817.54 820.39 822.89 826.7 830.51 834.32 840.03 844.82 847.83 849.32 850.12 849.83 850.32 851.12 850.19 851.4 854.81 853.77 851.28 846.77 841.52 836.2 831.58 827.18 822.9 818.51 815.67 814.57 814.04 813.06 810.98 808.43 805.75 803.21 802.11 802.03 803.88 804.78 804.49 807.61 810.67 812.35 812.32 811.36 808.88 805.68 801.92 796.05 791.79 789.77
0 730.54 738.99 750.38 759.8 767.69 771.46 776.1 782.04 787.76 792.54 794.81 796.48 797.93 799.7 801.86 804.36 804.1 803.73 803.37 805.15 807.89 812.1 816.01 819.72 822.99 826.12 829.12 834.13 838.5 841.54 843.39 844.75 845.47 846.71 848.11 847.51 848.94 852.44 851.93 850.15 846.61 841.33 835.68 830.69 826.21 821.98 816.63 813 811.33 810.1 808.65 806.61 804.3 801.66 797.89 795.82 794.99 797.67 799.23 799.4 802.74 805.82 807.14 807.9 808.16 806.75 804.55 801.74 796.17 791.64 788.56
0 732.04 739.75 749.6 758.7 767.2 772.19 777.17 782.19 786.47 789.95 791.6 793.3 794.98 796.44 797.64 798.6 798.87 799.12 799.37 800.77 803.26 808.4 814.46 820.58 822.62 824.2 825.35 827.64 830.14 832.87 835.15 837.66 841.46 844.2 846.27 847.22 848.36 849.7 849.87 848.91 845.98 841.79 836.89 830.68 826.1 822.44 816.47 812.08 809.49 807.06 804.67 802.32 800.16 798.04 795.81 794 792.57 795.55 798.11 800.13 803.71 805.97 804.52 805.39 806.66 804.95 802.25 798.83 793.56 788.7 784.38
0 732.7 740.03 748.8 757.44 765.99 771.62 776.74 781.19 784.66 787.45 788.84 790.1 791.29 792.33 792.68 792.45 792.61 793.01 793.76 795.4 798.02 803.04 809.98 817.36 819.44 820.56 820.8 821.52 823.09 826.1 828.73 831.86 837.11 840.77 843.49 845.51 846.77 847.23 847.64 847.27 845.43 842.07 837.61 830.39 825.67 822.39 816.61 812.06 808.88 805.5 802.26 799.37 797.22 795.38 793.88 791.86 789.59 792.07 794.75 797.7 801.19 803.12 801.1 802.12 803.75 802.08 798.92 794.64 789.68 784.77 779.92
0 731.94 739.5 747.97 755.95 763.57 768.89 773.83 778.28 782.01 785.11 786.8 786.89 786.37 786.8 786.53 785.69 784.63 784.4 785.46 788.41 791.75 794.92 800.63 807.37 811.6 814.09 814.94 815.99 818.21 822.44 825.34 828.2 832.22 835.83 839.15 841.48 843.49 845.19 845.13 845 845 842.07 837.49 829.66 824.7 821.48 817.25 813.51 810.34 806.41 802.45 798.64 796.25 794.31 792.19 789.19 785.67 786.3 787.69 790.02 792.9 795.3 796.36 797.57 798.5 797.45 793.85 788.34 783.68 779.21 774.97
0 731.11 739 747.35 754.82 761.61 766.62 771.14 775 778.66 781.88 783.97 783.65 782.37 782.17 781.35 779.98 778 777.35 778.81 782.16 785.61 788.1 792.9 798.81 804.24 807.57 808.94 810.21 812.95 818.22 821.18 823.71 826.88 830.65 834.66 837.49 840.18 842.72 842.44 842.52 843.79 841.61 837.5 829.73 824.5 820.85 817.49 814.25 811.17 807.13 802.92 798.57 795.68 793.25 790.61 786.96 782.67 781.65 781.85 783.56 785.99 788.72 791.89 793.03 793.16 792.04 787.99 781.74 777.29 773.47 770.54
0 730.09 738.56 747.22 754.48 760.65 765.34 768.92 770.94 773.78 776.7 779.42 780.34 780.36 779.55 778.27 776.6 774.31 773.71 775.79 777.49 779.75 784.09 788.69 793.4 797.9 800.94 802.61 803.91 806.87 812.76 815.36 817.4 820.58 824.94 829.88 833.63 836.79 839.33 839.33 839.61 840.88 840.11 837.8 831.57 825.97 820.83 816.84 813.43 810.66 807.48 803.99 799.95 795.99 792.23 789.28 785.69 781.68 779.43 778.66 779.76 782.11 784.84 788.01 788.48 787.6 784.94 780.41 774.46 770.01 767.37 767.2
0 728.48 737.37 746.26 753.4 759.2 763.58 766.47 767.26 769.52 772.12 774.91 776.6 777.51 776.24 774.63 772.72 770.65 770.44 773.13 773.44 774.58 780.06 784.28 787.88 791.69 794.55 796.54 798.29 801.54 807.42 809.9 811.86 815.19 820.1 825.81 830.25 833.68 836.07 836.34 836.77 837.88 838.08 837.07 832.15 826.68 820.94 816.73 813.26 810.65 807.89 804.71 800.67 795.91 791.2 787.95 784.41 780.7 777.68 775.94 775.79 777.38 779.47 782.18 782.41 781.25 777.52 772.88 767.55 763.41 761.79 763.62
0 725.08 733.97 742.86 750.18 756.28 760.37 763.33 764.74 767.09 769.29 770.54 771.53 772.17 770.9 769.29 767.38 767.1 768.25 771.56 771.23 771.45 776.01 779.3 782.06 785.87 788.89 791.18 794.69 798.44 802.48 805.54 808.6 812.55 817.88 823.87 828.31 831.44 833.21 833.71 834.13 834.63 834.45 833.31 829 825.1 821.47 818.18 815.06 812.13 808.52 804.42 799.45 794.68 790.18 786.62 783.14 779.74 777.33 774.57 771.34 770.11 769.71 770.57 771.84 772.57 769.14 765.51 761.72 758.82 757.78 759.3
0 721.54 729.99 738.65 746.07 752.54 756.44 759.57 761.65 764.01 765.81 765.87 766.25 766.54 765.09 763.56 761.95 763.4 765.79 769.48 769.05 768.86 772.43 774.78 776.69 780.44 783.6 786.2 791.08 795.21 797.81 801.46 805.55 810.23 815.91 822.03 826.59 829.65 831.15 831.81 832.14 832.03 831.38 829.95 825.97 823.19 821.15 818.67 815.95 812.95 808.76 803.99 798.28 793.38 788.89 785.08 781.48 778.04 776.13 772.48 766.65 763.33 761.07 760.44 762.29 764.25 761.13 758.41 755.99 754.32 754.01 755.57
0 717.36 723.52 730.94 738.17 745.25 749.46 753.16 756.16 758.16 759.59 759.96 760 759.64 757.27 756.14 756.07 759.06 762.16 765.23 766.94 768.56 770.91 772.23 773.27 776.71 779.88 782.79 787.39 791.44 794.35 798.55 803.39 809.3 815.03 820.61 825.79 829.77 832.51 832.98 832.9 832.17 830.67 828.32 823.41 819.9 817.29 815.11 812.99 810.91 807.37 803.02 797.31 791.72 786.47 782.66 778.13 773.19 771.28 767.36 760.91 758.58 757.19 756.56 757.08 757.51 754.7 752.46 750.65 750.21 751.26 754.37
0 713.1 717.18 723.49 730.47 737.97 742.57 746.84 750.69 752.44 753.64 754.39 754.16 753.19 749.94 748.99 750.03 754.08 757.68 760.38 764.21 767.62 768.89 769.42 769.84 772.94 775.97 778.95 783.27 787.27 790.56 795.27 800.8 807.94 813.89 819.18 824.7 829.34 833.07 833.45 833.05 831.74 829.43 826.2 820.45 816.41 813.48 811.62 809.96 808.53 805.5 801.49 795.77 789.56 783.6 779.75 774.44 768.21 766.23 762.12 755.38 753.95 753.31 752.68 752.07 751.18 748.56 746.74 745.5 746.33 748.75 753.36
0 708.29 711.8 717.81 724.13 730.71 736.21 741.15 745.31 747.63 749.52 751.19 751.04 749.73 745.86 743.63 742.82 744.73 747.49 751.42 757.23 762.28 763.55 764.9 766.39 768.87 770.81 772.25 776.19 780.33 784.55 789.45 795.24 803.62 811 817.62 821.6 825.15 828.27 829.16 829.07 827.45 824.59 820.81 814.75 811.54 810.1 808.54 806.47 803.81 800.38 796.15 790.44 783.99 777.73 773.57 768.31 762.38 759.78 756.16 751.26 750.07 749.43 748.8 748.41 747.7 744.46 742.55 741.62 743.98 747.82 753.65
0 703.66 706.68 712.29 717.93 723.61 729.97 735.53 739.93 742.79 745.34 747.86 747.77 746.14 741.76 738.38 735.86 735.79 737.76 742.78 750.45 757.03 758.24 760.31 762.74 764.56 765.47 765.51 769.08 773.38 778.56 783.73 789.83 799.33 808.09 816.04 818.6 821.13 823.63 824.95 825.1 823.24 819.88 815.61 809.4 806.99 806.88 805.5 802.98 799.15 795.3 790.87 785.19 778.48 771.85 767.36 762.18 756.58 753.45 750.32 747.21 746.23 745.58 744.95 744.8 744.29 740.54 738.63 738.1 742.02 747.26 754.31
0 701.41 705.01 709.08 713.71 718.77 725.42 730.91 734.7 737.71 740.41 742.62 742.43 740.91 737.45 734.67 732.46 732.69 734.49 738.58 746.34 752.93 753.21 754.56 756.33 756.92 757.54 758.2 761.51 766.18 772.9 779.37 786.37 795.57 805 814.12 816.99 819.37 821.26 821.67 821.43 820.18 816.97 813.11 809.06 806.91 805.84 802.93 799.44 795.3 790.87 786.21 781.15 773.68 765.93 760.82 755.94 751.26 748.74 746.37 744.18 743.06 742.19 741.55 741.85 742 739.18 738.54 739.55 745.31 752.02 759.99
0 699.14 703.32 705.85 709.47 713.93 720.88 726.29 729.47 732.64 735.47 737.37 737.08 735.67 733.13 730.94 729.03 729.59 731.22 734.4 742.23 748.83 748.19 748.83 749.93 749.29 749.64 750.9 753.97 759.01 767.26 775.02 782.92 791.8 801.91 812.19 815.37 817.61 818.88 818.41 817.77 817.14 814.07 810.63 808.72 806.81 804.8 800.34 795.88 791.43 786.42 781.54 777.09 768.88 760.01 754.3 749.72 745.94 744.03 742.41 741.14 739.87 738.79 738.16 738.89 739.7 737.82 738.46 741.01 748.61 756.77 765.66
0 693.36 696.93 698.85 703.41 710.02 716.7 722.05 725.54 727.98 729.65 729.7 728.84 727.53 725.92 724.15 722.24 724.88 728.19 732.29 739.54 745.36 744.42 745.15 746.56 746.23 745.93 745.65 750.08 756.1 764.35 773.08 781.75 789.71 798.7 807.87 811.66 814.67 816.87 816.75 816.21 815.27 813.08 810.45 807.62 805.36 803.18 795.02 788.6 784.16 778.87 773.59 768.52 761.75 754.88 750.4 746.14 742.05 739.53 737.56 736.29 735.02 734.12 734.1 735.01 736.27 737.46 740.31 744.4 752.93 761.62 770.51
0 687.59 690.54 691.84 697.35 706.12 712.51 717.82 721.61 723.33 723.83 722.03 720.59 719.39 718.7 717.36 715.45 720.17 725.15 730.18 736.85 741.89 740.64 741.48 743.19 743.17 742.23 740.41 746.2 753.19 761.44 771.15 780.58 787.62 795.48 803.54 807.95 811.73 814.85 815.09 814.65 813.4 812.08 810.28 806.52 803.91 801.57 789.71 781.33 776.89 771.32 765.63 759.95 754.62 749.75 746.51 742.56 738.16 735.02 732.71 731.44 730.17 729.45 730.05 731.14 732.84 737.11 742.16 747.79 757.24 766.47 775.36
0 686.23 687.85 688.83 693.28 700.43 705.64 710.38 714.48 716.45 717.48 717.02 716.21 715.33 715.28 714.7 713.66 716.85 720.86 725.94 731.63 735.89 735.2 735.85 737.13 738 738.79 739.5 744.42 750.84 759.39 768.52 777.31 784.3 791.54 798.66 802.24 805.47 808.36 809.66 810.19 809.5 807.7 805.46 802.81 798.11 791.97 782.23 775.24 771.38 766.9 762.07 756.64 751.48 746.67 743.2 739.5 735.64 731.88 728.97 727.12 726.03 725.7 726.92 728.59 730.86 735.6 742.38 750.71 759.94 769.03 777.92
0 685.13 685.38 686.05 689.33 694.63 698.6 702.74 707.15 709.43 711.09 712.18 712.05 711.52 712.09 712.29 712.18 713.61 716.5 721.58 726.26 729.73 729.66 730.1 730.91 732.71 735.37 738.85 742.78 748.53 757.38 765.85 773.92 780.9 787.55 793.75 796.4 799.02 801.59 804 805.55 805.48 803.11 800.36 798.94 792.05 781.89 774.62 769.23 765.98 762.66 758.77 753.65 748.57 743.71 739.93 736.47 733.2 728.83 725.3 722.84 721.93 722 723.83 726.12 728.96 734.01 742.51 753.61 762.55 771.46 780.35
0 680.73 680.85 681.76 684.55 688.82 693.44 698.21 703.2 705.38 706.92 708.19 707.58 706.52 708.52 709.58 709.85 710.83 713.52 718.87 721.49 723.28 724.36 725.87 727.71 730.7 733.55 736.27 743.09 750.32 757.86 764.67 771.43 778.69 784.84 790.2 793.01 795.55 797.82 800.34 801.73 800.91 797.87 794.36 791.74 784.56 774.74 768.29 763.51 760.61 757.46 753.76 748.96 744.55 740.41 736.87 733.39 729.91 724.92 720.78 717.7 717.69 718.81 721.53 725.1 729.29 735.18 743.93 754.81 763.44 772.06 780.68
0 675.88 676.04 677.26 679.67 683.01 688.53 694.1 699.71 701.72 703.04 704.31 703.06 701.37 704.9 706.84 707.42 708.1 710.73 716.39 716.81 716.78 719.1 721.84 724.91 729.13 731.94 733.44 743.65 752.67 758.66 763.69 769.08 776.64 782.31 786.82 789.94 792.49 794.45 796.94 798.02 796.28 792.55 788.25 784.08 776.89 767.97 762.15 757.83 755.24 752.13 748.53 744.03 740.39 737.07 733.84 730.29 726.5 720.9 716.14 712.44 713.43 715.69 719.33 724.27 729.91 736.72 745.51 755.78 764.1 772.41 780.72
0 669 669.58 670.59 672.83 676 682.43 688.7 694.66 696.9 698.16 698.67 697.95 697.23 700.78 703.04 704.18 704.83 706.46 709.65 711.47 713.29 716.08 719.96 724.56 730.77 735.35 738.39 747.42 754.83 758.78 762.92 767.91 775.78 780.32 783.08 787.02 789.83 791.48 792.79 792.89 790.73 787.21 783.12 778.42 771.76 763.98 758.52 753.95 750.4 746.74 742.89 738.7 735.08 731.69 728.52 724.81 720.72 715.26 711.32 709.28 711.99 715.82 720.64 726.29 732.44 739.68 748.01 757.16 764.91 772.24 778.98
0 661.68 662.74 663.45 665.55 668.73 676.07 683 689.28 691.83 693.07 692.66 692.71 693.31 696.56 699 700.76 701.44 701.87 701.98 705.99 710.45 713.55 718.56 724.76 733.13 739.86 745.05 751.89 756.95 758.74 762.19 767.01 775.19 778.45 779.27 784.12 787.25 788.59 788.46 787.45 784.98 781.86 778.21 773.2 767.18 760.6 755.44 750.46 745.68 741.34 737.17 733.29 729.51 725.87 722.7 718.81 714.43 709.27 706.46 706.57 711.17 716.67 722.72 728.93 735.39 742.94 750.7 758.62 765.75 771.94 776.84
0 659.2 659.95 660.35 661.92 664.4 671.27 677.76 683.64 686.97 689.2 689.73 690.34 691.21 693.91 696.06 697.74 698.18 698.54 698.84 702.6 706.99 710.87 717.32 725.28 735.33 743.27 749.22 754.89 758.85 759.89 762.01 765.28 771.67 774.56 775.66 779.1 781.37 782.4 781.69 780.25 777.71 774.86 771.64 767.26 762.39 757.2 751.88 747.01 742.63 737.98 733.36 728.85 724.86 721.04 717.16 712.95 708.52 704.84 703.6 705.4 711.62 718.28 724.39 730.34 736.44 743.83 750.95 757.87 763.23 768.3 772.97
0 658.28 658.46 658.55 659.46 661.01 666.96 672.65 677.92 682.18 685.73 687.8 688.88 689.68 691.77 693.47 694.84 694.98 695.63 697.16 699.89 703.33 708.13 716.12 725.9 737.5 746.34 752.6 757.41 760.68 761.41 762 763.29 767.22 770.01 772.12 773.41 774.42 775.15 774.13 772.49 769.95 767.34 764.55 761.09 757.52 753.79 748.17 743.56 740.1 735.28 730.15 724.72 720.49 716.52 711.72 707.13 702.73 700.9 701.37 704.71 712.48 720.13 725.93 731.35 736.88 743.96 750.42 756.42 759.63 763.58 768.56
0 657.88 657.38 657.81 658.96 660.65 665.26 669.64 673.65 677.67 681.41 684.38 685.89 686.81 688.28 689.76 691.25 692.13 693.64 696.19 699.26 703.05 708.77 716.88 726.29 736.86 744.92 750.63 754.34 756.92 757.77 759.14 761 764.18 766.94 769.37 770.22 769.7 767.76 765.85 763.79 761.47 758.98 756.52 754.42 751.78 748.78 744.78 740.66 736.41 731.23 725.73 719.8 715.13 710.79 705.92 701.31 696.97 698.06 700.26 703.86 712.43 720.81 726.96 732.03 736.92 743.27 749.25 754.97 758.16 762.5 768.44
