InputMaps/malcataAspect_250.grass
north: 40:14:17.01N
south: 40:12:39.7468N
east: 7:02:14.5154W
west: 7:04:21.43W
rows: 250
cols: 250
[rows 165 to 197 of 250, columns 0 to 73 of 250]
0 0 323.09 279.18 240.94 237.69 239.41 238.13 234.68 229.29 217.07 210.84 218.38 231.68 241.18 246.57 239.23 223.66 201.8 188.53 181.43 174.61 168.88 165.93 165.6 178.26 199.37 211.58 220.78 224.24 228.14 232.28 258.46 281.15 260.74 243.77 246.82 251.72 252.21 252.6 247.89 249.6 276.04 291.35 290.93 290.79 287.63 285.99 288.31 289.17 284.29 278.66 274.81 275.05 282.95 285.3 280.01 280.57 286.87 288.42 288.55 289.64 289.84 291.05 293.61 294.02 292.52 295.27 301.72 295.35 275.04 255.08 236.41 214.33
0 0 351.93 277.87 227.6 254.83 254.95 241.5 234.04 232.48 228.95 225.84 231.47 240.36 242.33 239.58 220.68 195.86 177.68 169.7 167.67 168.91 172.79 181.08 194.28 214.55 217.28 218.63 224.98 231.88 239.48 244.56 265.08 285.55 258.24 235.06 240.48 245.36 249.35 254.82 254.49 259.6 282.21 295.98 294.67 293.42 289.41 286.18 287.75 287.65 281.9 276.64 276.18 280 290.08 291.98 285.05 285.52 293.53 294.89 289.34 286.23 285.82 286.15 287.72 287.03 283.82 284.47 289.6 286.48 272.4 249.5 225.97 205.66
0 0 9.72 344.76 233.43 284.53 269.29 239.92 231.55 238.55 239.41 235.84 238.28 242.24 237.89 227.73 202.85 180.85 166.4 159.04 158.02 163.14 174.89 197.56 220.72 233.53 227.29 222.37 233.68 248.92 252.76 253.94 262.15 269.85 248.84 233.58 237.46 237.88 247.36 261.03 266.33 272.33 285.05 294.38 293.28 291.97 289.1 286.05 287.26 285.33 273.39 265.43 281.29 294.56 302.22 302.48 295.65 292.41 294.54 294.97 289.46 285.64 285.61 284.9 284.13 282.37 279.29 277.43 277.2 273.39 264.17 241.8 218.64 198.41
0 0 9.31 8.05 280.15 314.78 284.49 231.61 227.09 243.17 244.96 239.24 239.58 240.88 234.06 222.94 202.83 188 179.95 175.44 175.26 180.61 195.86 225.96 236.78 236.25 230.69 226.54 243.53 265.06 258.33 252.3 251.14 246.93 236.66 229.32 227.51 228.69 248.42 269.67 278.91 285.07 290 294.13 290.69 287.32 285.44 283.51 284.44 280.79 263.99 257.39 279.46 298.14 307.48 309.38 305.8 301.58 297.25 294.07 289.79 287.82 289.32 287.29 283.05 279.63 276.66 272.16 265.93 259.93 253.96 234.94 213.93 196.62
0 0 10.49 17.74 347.35 336.36 308.6 224.73 227.55 247.37 249.14 243.67 242.3 241.15 232.59 221.43 205.96 196.5 195.7 198.38 203.66 211.72 230.49 256.94 249.9 238.77 233.62 229.84 242.35 263.34 238.04 208.92 208.47 226.21 221.66 204.83 200.2 222.79 258 278.94 287.8 294.45 296.77 297.75 290.8 284.33 283.11 281.96 282.62 278.9 264.88 261.76 275.66 292.64 309.09 313.59 311.23 309.12 303.79 298.54 294.83 294.92 298.19 293.57 284.5 278.29 274.04 267.15 257.41 250.14 244.32 227.55 209.08 196.74
0 0 10.36 14.31 356.33 342.47 322.14 237.09 237.52 251.26 252.37 249.6 245.93 241.57 230.66 218.76 206.1 198.81 200.02 204.65 211.44 220.87 243.15 270.98 254.65 236.64 232.13 229.15 233.28 233.63 198.96 173.51 165.04 260.31 213.9 192.35 190.83 257.8 278.98 287.88 292.58 297.17 299.14 299.08 289.48 280.52 280.17 279.83 280.26 278.75 272.78 270.21 272.94 285.42 309.14 315.32 310.14 307.07 303.34 299.12 296.87 299.95 305.89 300.57 287.74 278.26 271.54 261.98 249.7 240.71 233.09 218.26 203.66 195.74
0 0 0.91 1.26 352.4 341.9 320.47 267.25 253.9 254.52 252.55 249.91 243.34 237.46 225.58 215.27 205.52 198.55 197.63 197.54 201.88 219.98 248.81 275.99 251.26 230.87 229.76 227.24 226.15 219.81 205.19 196.03 208.02 339.78 185.41 189.76 224.45 291.32 292.12 294.11 296.39 297.85 297.06 296.22 286.87 277.28 278.53 279.3 279.35 279.27 278.94 277.23 273.61 280.43 300.84 308 301.17 296.01 293.87 291.21 289.56 293.03 301.71 301.93 290.87 278.3 265.97 248.25 229.64 218 208.11 196.07 187.38 184.2
0 0 351.33 351.84 349.37 342.47 323.52 287.96 266.18 255.03 247.92 241.28 234.98 234.6 223.22 214.28 205.42 197.91 194.76 190.04 191 230.97 255.85 260.61 240.28 235.02 232.43 225.71 221.69 214.5 210.01 211.72 216.88 148.9 150.08 193.1 259.02 293.39 295.26 297.37 300.77 300.93 294.26 289.29 282.21 275.17 279.66 282.53 282.59 282.31 281.76 280.98 279.03 283.09 295.69 300.77 293.74 289.17 290.34 289.27 286.89 287.2 291.59 292.86 284.75 268.53 242.91 213.07 197.6 191.36 185.07 178.53 174.61 173.55
0 0 352.34 355.84 356.32 352.34 340.11 311.99 277.93 252.17 239.61 231.3 227.54 227.24 207.15 194.58 187.49 183.87 182.63 182.29 187.41 265.83 258.14 226.81 225.89 250.73 228.46 216.71 212.24 203.57 201.95 210.64 212.46 200.57 208.89 261.04 280.85 291.69 294.05 297.25 303.9 305.92 293.94 282.27 277.27 274.2 280.84 285.45 286.22 286.08 284.27 284.01 285.8 289.01 295.6 297.65 290.07 286.33 290.65 291.99 289.81 287.16 284.47 279.57 266.86 238.61 202.04 179.37 169.46 166.14 164.12 161.94 161.01 161.12
0 0 355.1 4.52 8.79 7.09 0.49 341.89 300.05 247.17 229.02 222.32 213.77 190.99 164.03 155.06 155.04 158.87 160.5 167.52 178.29 334.56 144.37 168.24 166.68 115.82 175.58 193 196.93 189.71 188.44 209.13 225.15 236.08 264.69 283.39 284.36 286.54 289.1 293.22 303.38 309.31 296.51 281.36 277.36 275.88 281.42 285.51 286.56 287.09 286.08 286.62 290.03 292.55 294.91 294.65 287.55 283.46 286.47 289.26 290.22 287.27 274.26 245.12 194.46 162.76 151.52 143.97 137.96 136.47 137.89 139.03 140.41 141.64
0 0 356.15 9.99 14.77 12.88 7.16 353.6 321.99 244.51 222.29 218.38 203.73 178.66 158.23 148.82 146.09 148.47 147.33 152.07 170.65 144.99 122.79 137.44 138.23 114.7 129.95 170.36 189.46 183.89 181.89 226.33 255.63 264.91 277.01 284.91 283.29 282.4 284.2 287.81 299.44 308.11 298.96 286.55 282.08 280.04 283.43 286.06 286.61 287.48 288.42 290.02 293.41 294.8 293.79 291.93 286.65 281.23 277.38 274.71 273.77 264.41 225.26 179.52 157.98 149.36 145.43 140.39 134.95 131.72 131.01 131.25 132.12 133.76
0 0 305.32 317.77 329.95 337.71 339.8 339.6 324.58 232.62 202.49 189.15 174.39 165.35 159.9 159.45 161.96 165.62 165.39 165.55 180.51 175.83 155.42 140.91 132.09 132.96 166.28 203.13 189.65 187.17 203.78 283.39 284.16 284.73 284.71 286.85 287.14 286.06 285.76 287.33 297.79 305.47 299.74 292.31 288.3 285.89 287.62 288.25 286.82 286.37 287.46 290.2 295.35 297.9 295.76 293.78 291.12 283.02 263.8 240.99 214.99 167.74 143.16 133.16 128.55 128.99 131.77 132.88 132.73 132.05 131.43 131.03 130.95 132.67
0 0 280.03 288.02 299.36 311 316.83 322.93 313.35 208.41 181.58 164.33 156.04 155.86 157.48 166.62 181.06 189.12 196.01 204.82 193.93 188.32 183.32 160.57 123.73 13.11 264.32 226.01 189.56 191.98 235.26 298.34 290.12 286.48 281.37 276.5 295.64 305.34 297.67 294.19 300.29 304.84 300.53 295.96 293.72 292.27 293.93 293.3 289.55 286.68 284.48 285.43 292.07 296.59 294.42 292.16 291.69 263.54 163.44 149.01 136.02 130.94 129.17 124.62 120.31 119.62 121.6 124.2 126.95 129.22 130.57 130.63 130.12 131.72
0 0 270.49 278.12 289.89 304.18 310.64 314.29 290.46 193.7 178.14 168.51 162.97 162.5 163.32 173.03 189.67 194.96 200.59 206.09 201.95 203.51 196.12 181.48 153.78 352.09 291.04 210.51 195.56 201.9 264.09 310.64 296.53 284.23 270.08 253.4 286.04 309.31 301.97 297.29 299.26 301.16 297.91 294.94 294.67 295.06 298.2 298.93 295.02 290.53 283.64 280.53 287.19 291.31 285.18 272.88 237.24 161.13 144.96 137.82 128.67 127.21 129.87 127.43 122.64 120.12 119.55 120.59 122.52 124.49 126.15 126.16 125.38 126.91
0 0 265.92 270.8 278.35 290.34 298.34 301.92 228.7 176.41 172.42 172.73 175.66 180.37 188.71 209.29 211.75 205.46 208.24 213.53 218.06 230.08 220.46 211.96 247.73 328.89 303.53 206.83 216.71 230.63 279.18 311.11 302.54 287.14 265.28 248.31 280.3 303.08 299.07 295.59 294.78 294.44 292.09 290.34 291.24 292.57 295.86 299.08 298.71 295.96 284.96 275.55 285.13 294.01 241.27 145.07 135.59 130.57 127.53 123.47 117.3 116.84 121 121.65 119.15 117.4 116.32 116.65 117.81 118.52 119.14 118.4 117.02 118.1
0 0 265.85 266.59 267.89 270.2 269.14 256.07 184.62 169.38 168.93 174.37 184.04 193.86 209.71 236.16 225.12 210.83 211.44 215.85 223.21 238.68 233.31 228.97 249 287.37 272.01 222.52 254.9 265.39 283.87 301.77 302.89 295.12 269.48 252.87 282 301.46 299.47 297.01 294.23 292.29 290.25 288.87 289.97 290.66 290.47 291.69 292.77 291.41 276.19 251.67 233.8 133.8 124.63 127.95 131.58 130.21 126.96 122.65 116.68 114.69 116.62 116.97 115.11 114.1 113.75 114.85 116.68 116.79 116.27 114.58 112.32 112.65
0 0 265.49 261.64 256.09 246.44 232.95 211.46 180.72 171.44 170.39 174.16 183.3 194.56 212.65 240.55 221.21 206.4 208.24 213.2 220.99 235.09 230.09 223.68 233.2 246.32 265.11 280.34 286.51 288.9 287.82 290.3 296.72 298.32 277.22 262.4 284.17 299.56 299.83 299.29 296.01 293.46 292.03 291.3 293.55 295.25 292.03 288.82 287.77 276.89 178.62 143.59 125.9 117.89 115.5 118.76 125.83 129.05 129.17 127.26 122.75 120.44 120.89 120.09 117.29 115.27 114.38 115.92 118.69 118.47 116.98 114.61 111.63 111.61
0 0 261.73 253.36 239.84 221.39 207.13 193.24 178.42 173.07 172.39 174.38 181.58 194.74 214.24 237.2 212.32 201.39 205.78 212.02 219.12 227.25 217.2 202.52 209.34 254.62 284.38 293.13 291.05 291.96 289.33 285.97 294.85 299.88 284.22 272.3 285.3 295.8 297.55 298.6 295.4 292.52 291.32 290.73 293.21 298.96 304.77 22.54 109.49 115.81 121.02 120.6 116.08 113.12 111.07 112.45 117.94 122.79 126.18 127.57 126.06 126.15 128.09 128 125.13 121.09 117.67 118.3 121.11 119.89 116.83 113.61 109.95 109.78
0 0 256.56 247.67 229.36 209.35 198.65 190.12 181.42 178.52 179.68 181.56 185.97 198.56 217.68 234.88 211.47 201.21 204.57 209.53 214.33 217.26 207.93 197.28 216.55 295.31 304.96 306.53 295.75 288.48 287.77 286.57 295.93 302.33 291.56 281.91 288.6 295.09 297.17 298.59 294.48 290.19 287.47 283.62 276.07 256.68 155.93 121.92 120.08 121.52 125.17 124.74 120.34 116.98 114.07 113.61 116.34 119.8 123.29 124.8 123.25 123.87 127.14 129.28 129.4 126.12 121.38 121.24 124.01 121.68 116.36 111.61 106.74 105.96
0 0 243.69 230.15 208.25 195.46 192.9 193.12 194.89 202.83 210.65 209.28 204.24 200.62 208.18 241.13 215.49 198.84 195.05 196.04 199.07 200.45 200.66 207.83 251.47 302.83 316.42 319.94 305.4 290.36 287.71 286.34 291.9 298.43 295.4 290.72 294.3 298.7 301.25 304.06 299.79 294.02 290.18 262.06 151.17 135.18 120.35 114.36 114.93 116.86 120.94 122.43 120.08 117.89 115.49 114.94 116.86 119.5 122.59 123.08 120 118.82 120.7 123.86 127.82 128.88 126.62 126.86 130.18 128.37 121.82 116.35 110.52 110.73
0 0 221.32 202.06 187.6 185.66 190.04 196.52 207.34 227.88 230.48 218.29 208.23 196.16 192.31 292.55 221.69 194.86 186.32 183.67 185.98 188.29 198.64 228.39 268.64 297.29 319.68 328.18 316.51 300.75 293.06 288.67 287.76 289.41 293.15 295.28 298.05 301.45 302.98 306.23 300.34 269.14 123.53 119.98 122.73 123.61 118.01 114.57 114.94 116.13 118.86 120.23 118.53 116.54 113.69 113.15 116.1 119.38 122.85 123.34 120.19 117.54 116.72 118.37 122.66 127.36 129.98 130.98 133.59 132.52 125.47 123.19 124.04 131.65
0 0 221.63 207.89 196.01 189.98 188.72 187.72 190.48 217.39 214.63 200.28 195.8 192.52 193.75 354.74 178.36 178.06 177.17 178.45 185.45 197.87 228.2 265.45 279.32 288.33 309.51 321.5 315.98 308.27 301.18 295.34 287.89 281.63 289.11 296.23 298.74 302.11 301.42 300.85 255.39 156.83 135.81 128.83 126.57 125.57 121.73 119.97 121.69 123.66 126.22 127.22 124.84 121.19 115.33 112.65 115.59 119.42 123.74 124.93 123.2 121.9 120.63 119.77 120.73 126.41 134.1 136.76 138.21 136.03 122.94 119.74 129.58 144.05
0 0 229.3 218.06 206.44 195.02 185.37 173.97 157.16 120.05 146.81 173.13 183.16 191.94 192.68 104.66 130 153.61 162.1 168.69 184.88 224.22 265.1 283.85 285 285.24 300.35 312.24 310 307.64 305.48 302.07 290.58 277.54 285.91 295.42 298.63 304.17 303.27 165.52 138.45 138.13 132.81 129.14 125.78 123.83 120.46 120.29 125.93 132.1 138.23 141.17 139.31 134.11 124.35 117.83 118.31 121.43 126.32 126.63 123.64 126.16 131.02 128.33 122.78 128.07 141.87 149.81 156.58 164.38 165.46 158.07 153.72 157.67
0 0 237.36 221.33 206.93 193.73 182.86 170.99 152.73 111.97 120.52 156.48 175.94 190.51 185.84 149.97 132.91 139.64 150.74 163.69 195.63 275.19 289.28 294.45 291.28 288.44 299.56 309.62 306.53 303.45 304.23 303.72 291.64 276.5 281.68 288.25 287.78 286.23 227.31 149.29 141.61 140.24 136.86 133.53 128.42 124.47 118.53 116.26 123.5 132.45 142.11 147.31 147.11 142.77 132.68 124.1 121.14 123.11 129 127.38 117.55 121.04 137.39 135.55 122.57 124.26 141.98 153.99 166.99 187.96 205.85 188.31 169.3 164.65
0 0 234.79 205.59 188.3 178.55 171.65 165.19 151.94 116.57 107.8 123.03 140.22 147 147.83 147.17 139.97 137.09 157.29 224 274.57 292.06 295.23 297.28 294.82 291.98 300.2 309.48 306.26 301.25 303.35 306.03 295.18 276.61 279.24 283.31 264.99 168.29 143.02 139.03 138.5 139.77 140.17 140.2 136.76 132.82 124.24 117.52 122.29 128.68 137.16 142.66 145.22 146.56 142.29 134.39 127.82 130.3 141.45 142.21 123.93 123.78 149.5 154.18 143.32 144.2 164.89 178.65 193.39 209.46 224.39 214.8 198.97 189.1
0 0 219.53 187.37 173.58 167.88 163.64 160.1 151.2 126.52 107.93 100.86 116.37 131.21 131.78 136.36 136.08 127.47 293 292.47 290.78 292.49 294.05 295.89 295.54 294.28 299.07 306.51 304.2 298.78 300.23 304.23 294.33 264.51 251.28 171.58 137.84 132.15 132.97 134.26 135.08 137.41 139.92 143.02 143.11 141.91 134.89 125.93 126.19 128.64 134.26 138.19 140.51 146.78 150.73 145.18 133.89 136.31 156.73 167.37 160.18 147.53 163.94 178.93 199.23 212.15 209.01 213.57 218.16 224.15 244.64 234.3 216.74 205.76
0 0 194.52 179.18 173.71 171.46 168.98 165.56 159.16 145.61 122.29 92.25 117.39 144.36 142.64 140.68 136.3 9.81 323.39 315.78 304.23 297.35 297.02 297.85 298.05 298.02 299.6 303.77 301.61 296.58 295.58 295.95 276.92 217.17 177.34 149.02 143 139.55 138.32 138.59 138.15 139.08 140.17 142.01 141.63 140.58 136.8 131.08 130.11 132.08 137.7 141.21 141.18 148.73 159.11 157.59 143.99 139.81 163.4 180.58 188.77 183.77 186.07 201.02 223.94 232.68 228.94 228.98 227.09 233.8 259.84 245.09 221.34 210.61
0 0 162.73 166.53 172.38 176.8 178.43 176.37 171.99 170.78 170.65 114.16 140.86 163.33 171.11 187.85 258.28 304.37 312.01 315.87 308.92 300.58 301.38 302.88 301.95 302.09 302.29 304.6 303.42 299.42 295.13 273.71 137.73 136.98 131.89 130.26 136.54 138.61 138.45 139.89 140.54 141.45 141.67 142.31 141.14 139.93 138.88 135.33 132.87 135.32 143.77 150.3 152.59 164.52 177.8 182.88 187.24 191.9 203.1 220.47 229.14 230.34 230.6 236.18 246.56 250.66 249.38 245.44 238.24 242.28 261.54 252.48 231.88 222.78
0 0 153.47 159.26 170.76 179.49 183.26 181.49 178.29 186.26 209.29 201.12 166.5 173.77 195.18 234.65 285.69 307.55 311.2 314.5 308.81 299.71 303.44 307.47 303.83 301.26 299.49 298.69 296.02 287.57 229.53 148.66 132.3 129.49 126.82 126.82 136.03 139.89 138.82 139.9 141.41 142.54 142.2 142.06 140.4 139.38 140.93 138.63 133.07 133.64 144.19 153.87 160.4 177.91 189.95 197.45 208.42 218.36 237.87 249.82 244.21 241.19 240.78 243.64 251.22 255.83 257.03 250.78 239.24 240.22 254.66 252.69 241.46 232.18
0 0 147.26 149.21 157.07 164.73 169.16 172.1 172.56 172.65 181.47 179.63 177.6 190.1 221.06 258.23 298.62 317.77 320.28 321.9 315.32 302.98 305.71 311.13 306.02 299.99 295.65 289.14 276.3 216.01 156.11 143.9 132.27 126.91 123.77 123.06 133.44 139 137.57 138.67 142.13 144.77 145.01 144.57 142.5 142.63 149.16 153.08 150.47 148.77 155.31 161.63 165.49 179.21 188.83 195.96 207.59 223.64 255.76 265.46 247.13 240.61 239.2 241.46 248.57 252.89 254.03 242.69 226.35 227.36 240.76 245.97 246.45 234.81
0 0 140.42 142.08 145.9 150.64 154.02 160.59 164.97 155.31 144.53 162.37 190.69 221.09 250.39 272.91 303.22 322.86 328.21 331.17 326.48 313.76 310.27 312.89 306.28 295.19 286.05 260.3 189.92 150.95 143.57 140.51 131.05 124.78 121.31 119.95 130.31 136.83 134.7 135.5 141.64 146.64 148.47 148.29 145.24 145.64 157.01 172.24 182.84 182.69 178.97 178.31 178.63 181.72 186.12 193.51 211.07 234.36 256.75 265.17 252.3 245.65 240.32 239.87 243.35 242.71 236.48 219.2 207.91 213.64 224.81 236.6 255.17 237.84
0 0 144.49 147.74 150.96 154.54 156.02 160.13 165.02 160.73 149.81 164.35 224.26 250.15 268.26 281.37 303.56 320.74 326.48 329.41 326.86 319.62 313.78 312.43 301.58 278.34 254.35 207.64 169.89 153.74 149.43 147.83 139.75 133.24 129.87 127.21 135.81 142.31 139.74 139.99 148.88 155.8 159.16 159.6 155.74 153.16 159.81 175.14 187.73 191.18 193.76 199.62 210.3 210.95 201.01 206.42 228.34 246.89 250.99 254.67 264.52 258.89 242.78 237.19 236.83 232.68 224.12 214.26 210.94 215.77 219.66 232.43 269.9 241.38
0 0 162.77 163.22 165.27 168.46 170.4 172.34 174.85 177.04 187.9 267.48 278.44 274.22 278.94 284.79 300.03 314.78 321.36 324.03 321.94 319.54 316.03 314.33 299.12 244.45 195.35 164.92 151.43 147.25 150.5 156.27 157.71 160.82 163.36 156.4 155.36 163.36 172.45 185.67 194.69 198.53 199.61 198.43 197.43 192.27 185.12 183.47 193.02 211.57 229.74 240.61 245.12 241.48 231.71 233.92 249.39 256.6 250.55 250.51 263.21 260.42 236.02 227.38 227.13 224.97 221.04 219.32 220.18 219.39 214.63 220.79 275.95 209.49
