InputMaps/malcataSlope_200.grass
north: 40:14:17.01N
south: 40:12:39.7468N
east: 7:02:14.5154W
west: 7:04:21.43W
rows: 200
cols: 200
[rows 70 to 104 of 200, columns 0 to 78 of 200]
0 0 53.89 62.12 67.94 59.14 49.58 44.11 36.74 33.67 36.96 43.36 48.24 51.01 52.58 52.83 50.51 44.59 39.07 34.94 35.65 37.89 35.93 33.05 32.97 31.5 33.26 35.42 32.48 28.31 27.42 28.97 32.05 33.52 31.32 27.59 23.3 20.76 25.55 28.93 22.58 17.69 14.98 10.74 7.07 11.46 16.45 23.95 35.64 30.67 16.15 10.42 9.65 18.05 26.29 30.51 31.02 31.17 33.44 36.34 40.46 41.85 36.07 31.73 31.5 28.68 22.21 17.49 13.84 17.13 14.78 11.85 13.67 12.38 12.2 14.55 20.29 26.13 28.27
0 0 49 51.73 64.5 65.43 62.26 60.8 55.34 51.77 52.04 54.42 56.95 56.56 52.39 48.25 46.26 44.83 43.04 40.76 40.3 39.02 33.71 30.29 31.64 33.65 36.88 37.32 35.16 31.57 28.08 25.5 26.04 28.48 28.99 28.73 28.71 29.8 35.87 36.83 26.77 19.95 15.47 11.36 9.6 12.59 15.42 23.97 39.74 31.61 13.86 14.34 18.28 23.05 28.65 34.71 36.31 34.21 33.95 34.57 37.08 40.93 37.4 31.87 27.73 24.32 21.37 20.28 16.71 15.15 11.59 12.43 15.41 13.79 13.14 15.37 21.12 27.01 28.8
0 0 52.71 49.77 57.91 63.47 65.65 66.4 61.76 57.25 55.74 56.18 58.37 58.12 52.58 46.3 43.83 44.17 43.95 42.38 41.69 39.31 33.77 30.55 31.81 34.88 37.33 35.46 33.91 31.29 27.12 22.24 19.52 21.12 24.2 28.86 35.18 40.86 44.98 40.56 26.94 17.98 13.6 10.15 9.7 15.76 19.67 26.4 38.07 29.72 15.22 19.1 24.09 26.72 32.09 34.34 35.44 34.1 32.52 31.31 32.21 36.77 37.04 33.55 28.48 23.92 20.92 20.72 18.84 13.47 10.53 13.18 15.31 12.89 11.95 14.82 22.41 27.83 25.73
0 0 71.54 64.24 56.59 52.26 51.15 51.99 45.37 37.69 35.5 37.46 44.66 51.2 53.11 49.37 44.66 40.48 37.15 35.68 36.71 38.18 38.44 37.17 35.7 34.17 31.01 25.53 24.18 23.93 23.1 20.09 14.72 14.88 21.39 31.36 42.07 49.15 47.77 36.54 20.03 6.19 5.75 3.51 5.11 15.85 23.25 28.97 35.52 29.04 18.95 22.14 27.28 30.3 33.6 24.94 20.76 26.18 26.54 25.33 24.03 25.93 32.43 35.51 34.17 29.86 23.55 19.78 19.45 17 12.99 11.52 10.5 7.08 6.78 12.33 22.46 27.27 22.15
0 0 78.34 75.74 60.16 48.14 43.49 45.96 39.17 28.57 25.43 28.3 38.97 45.79 51.99 51.43 46.48 39.59 34.06 31.98 33.06 35.3 37.99 37.58 33.85 28.64 21.4 14.96 15.92 19.7 24.03 24.99 20.68 22.02 29.68 39.14 47.49 51.05 43.48 28.64 15.91 3.43 3.47 1.41 2.9 11.2 22.58 31.41 35.05 30.58 23.1 23 30.36 37.94 36.26 22.43 7.73 15.36 20.73 27.73 22.77 16.31 25.55 33.4 36.15 34.77 27.9 21.38 21.23 21.22 16.94 11.38 8.28 4.41 4.16 11.73 23.37 28.45 22.39
0 0 51.83 66.99 61.91 56.08 51.22 53.2 49.47 43.32 41.61 42.02 46.59 44.31 47.43 50.19 49.9 46.12 40.89 35.7 30.78 26.19 23.24 21 16.33 10.99 9.18 13.41 19.43 26.05 31.25 31.67 27.69 28.7 34.84 41.53 46.35 46.93 36.74 22.29 13.65 4.94 4.74 5.13 4.98 7.92 19.27 30.33 32.83 30.42 25.85 24.21 32.89 45.04 41.3 28.1 15.11 5.88 9.74 30.16 31.4 21.81 20.06 24.47 29.74 34.02 33.11 29.46 28.16 27.43 25.04 20.93 16.88 14.02 12.98 16 24.62 29.17 24.05
0 0 32.55 49.75 55.7 58.64 55.93 55.52 54.33 54.48 55.71 54.02 51.15 44.07 44.29 48.42 51.41 50.46 45.65 38.08 28.13 18.55 13.3 14.48 13.78 15.56 22.41 28.01 32.43 37.62 38.75 34.68 31.77 33.95 38.31 41.92 43.27 41.51 31.4 19.36 13.49 7.9 7.41 7.95 7.34 7.65 17.66 27.96 29.52 27.61 24.94 24.48 33.52 47.62 47.57 37.29 26.38 20.71 11.23 23.4 37.94 32.07 22.31 20.21 24.44 31.04 35.75 35.56 33.25 31.8 30.54 28.12 24.02 21.02 20.52 21.77 25.74 28.36 24.78
0 0 33.36 39.87 41.14 43.31 44.79 43.73 45.6 56.22 65.68 66.52 59.87 50.71 46.91 47.26 48.59 47.56 42.28 34.98 26.57 18.26 15.44 18.98 19.87 22.76 29.66 32.24 32.38 34.13 31.81 27.63 30 35.6 39.53 41.4 39.59 34.84 25.92 17.23 12.32 6.53 4.14 4.62 6 7.31 16.52 25.35 26.14 23.03 18.41 16.38 25.99 41.91 48.42 42.05 28.21 27.21 25.86 17.52 30.7 40.48 39.27 36.42 35.69 36.81 37.75 35.17 31.03 29.71 29.34 26.86 22.67 18.23 15.47 15.54 20.93 25.99 24.71
0 0 36.6 37.9 35.73 36.56 36.29 33.58 40.95 60.42 72.88 75.03 66.78 55.86 48.99 45.9 45.47 44.97 40.45 34.67 28.8 23.33 21.57 23.48 25.16 29.22 35.68 34.7 30.66 29.4 26.18 24.58 31.79 39.68 42.41 41.3 35.43 26.81 19.7 15.95 11.79 5.23 2.44 6.48 8.89 8.32 15.25 23.56 24.71 21.72 15.48 8.66 15.42 32.05 46.85 49.05 38.28 36.27 32.33 20.31 23.05 40.13 50.5 50.64 46.45 43.06 40.51 37.13 30.5 27.88 28.68 26.66 22.66 17.25 12.06 11.06 19.33 26.73 25.33
0 0 34.92 37.51 41.24 47.02 52.29 56.47 61.42 66.53 62.08 58.42 54.18 49.62 45.47 40.07 36.54 37.26 37.1 35.15 32.15 30.07 28.35 27.5 28.88 32.5 36.74 33.3 29.39 30.1 30.76 35.03 45.92 52.42 48.04 39.22 28.97 19.6 15.3 15.28 12.66 5.65 5.79 9.37 9.39 7.34 13.73 21.84 23.7 22.78 17.72 9.85 8.1 14.32 34.02 49.25 49.08 44.6 35.76 25.71 21.03 28.01 36.34 39.42 37.75 37.34 38.95 42.01 37.33 31.36 29.55 27.65 24.51 20.94 18.34 17.55 22.71 28.24 24.28
0 0 35.28 34.26 40.38 55.53 71.12 79.5 77.22 66.43 50.86 44.03 42.77 43.27 42.58 38.75 32.64 30.84 34.92 35.88 34.06 34.22 33.76 32.55 32.57 33.97 35.96 35.03 33.79 34.25 38.31 47.79 60.93 62.66 48.94 33.84 22.64 15.41 13.06 13.82 13.91 5.82 11.64 11.69 8.33 7.52 13.21 19.89 21.99 25.39 24.99 19.77 20.98 19.46 23.26 40.9 51.95 51.66 42.4 32.39 22.74 19.14 23.6 29.09 28.9 31.16 35.96 43.22 43.16 36.42 31.98 28.83 25.51 23.36 23.92 24.16 25.24 26.69 21.19
0 0 40.56 35.07 35.07 43.4 55.59 63.47 61.1 50.33 40.11 36.92 35.57 35.06 35.99 40.56 36.3 30.18 35.18 36.44 34.02 36.29 38.16 37.78 36.21 35.84 38.27 43.12 46.2 44.61 47.81 53.97 58.76 49.58 31.93 23.74 19.4 15.54 12.43 10.62 10.95 3.47 19.67 18.62 16.29 16.87 18.25 20.36 21.78 28.18 31.02 22.94 18.38 19.74 20.87 31 45.75 52.03 47.41 37.72 24.71 11.24 9.94 20.88 24.18 27.39 30.47 35.66 38.63 37.65 36.22 33.84 31.56 30 29.07 27.7 27.5 27.73 21.85
0 0 44.14 37.71 32.99 35.04 43.94 48.49 46.99 38.61 32.09 30.14 29.13 28.86 32.26 40.67 40.6 36.67 41.69 40.62 35.98 40.14 43.35 41.63 37.92 37.71 43.95 52.99 57.67 55.53 56.19 55.48 49.22 33.72 18.1 16.89 18.24 16.67 12.83 7.07 3.83 13.97 28.24 27.68 27.15 27.95 26.03 23.96 24.97 29.76 30.86 23.97 18.52 22.04 27.36 29.64 33.76 42.6 46.46 42.35 36.3 25.69 6.94 10.22 19.75 24.24 26.09 29.21 33.38 36.31 37.91 37.47 37.41 36.93 34.12 31.15 30.76 31.02 24.67
0 0 49.3 45.43 45.17 46.17 46.84 40.67 39.55 37.25 32.14 26.53 22.52 23.93 31.47 40.49 44.43 45.23 48.12 43.18 37.06 42.41 45.7 42.76 38.5 40.13 50.05 59.2 60.71 53.89 47.79 43.55 36.54 25.35 16.81 14.79 13.19 10.98 9.27 5.95 8.75 22.03 32.61 29.53 23.73 20.59 18.51 18.51 22.04 26.64 27.41 23.42 19.55 18.89 18.91 19.06 20.61 30.64 38.39 35.32 32.97 28.82 17.57 13.14 18.88 23.07 26.64 30.06 34.56 38.77 42.03 42.65 42.19 40.97 37.66 33.68 30.24 27.16 21.29
0 0 54.39 53.06 57.09 56.26 45.6 33.07 32.78 35.33 33.99 27.42 20.42 22.99 34.21 47.2 52.47 51.33 50.18 44.16 39.71 44.13 46.49 44.26 40.56 43.56 55.23 62.32 59.75 49.6 39.58 33.8 27.5 20.31 15.52 11.79 7.5 5.42 7.41 11.8 19.26 30.62 36.45 28.58 18.32 12.83 11.64 14.69 19.43 24.26 25.55 21.34 17.75 16.79 13.79 12.86 15.01 24.79 33.95 33.8 33.82 31.81 24.87 19.34 20.08 22.07 26.59 30.65 35.65 41.23 46.45 48.68 47.71 45.32 41.53 36.63 29.73 22.92 18.7
0 0 51.83 48.21 49.5 49.19 43.26 37.76 37.61 38.57 39.34 34.87 26.5 27.28 38.98 54.56 58.29 54.05 51.46 46.87 44.23 46.18 47.13 45.39 40.61 41.73 52.12 57.41 53.16 41.19 29.76 23.55 15.87 7.74 3.09 0.28 1.99 2.06 7.84 18.22 27.41 34.98 35.23 24.21 17.29 15.49 15.76 18.97 21.72 24.98 25.52 19.89 16.13 16.13 14.28 13.86 16.2 24.23 32.38 35.14 35.52 32.54 27.37 21.92 19.23 17.12 21.68 26 28.98 32.83 37.18 39.06 38.45 37.93 37.61 36.26 31.88 25.61 21.17
0 0 49.51 43.82 41.43 42 42.34 42.55 43.67 43.96 44.6 42.37 36.34 35.49 44.63 58.88 62.58 58.9 56.24 51.61 48 47.96 47.45 44.51 37.54 35.76 44.48 53.04 51.3 36.52 26.76 27.16 26.34 21.84 16.59 12.46 10.51 9.47 12.97 23.34 31.35 36.17 33.74 21.85 17.42 18.83 20.41 23.7 24.95 26.01 24.95 19.08 15.14 14.32 13.45 15.65 20.93 27.6 32.57 35.7 35.61 31.88 27.01 22.22 19.31 15.07 16.79 21.6 22.65 24.42 27.9 29.44 28.94 29.14 32.01 34.96 34.46 29.89 24.26
0 0 40.89 37.75 34.46 33.09 32.15 33.28 38.52 43.06 45.23 46.42 46.01 44.92 49.99 60.2 64.26 61.61 55.2 46.53 41.66 43.17 43.24 39.6 34.17 33.2 37.42 45.9 47.61 33.71 25.63 26.09 27.15 26.65 24.54 20.86 16.93 14.53 16.73 25.57 31.68 35.06 32.29 20.97 14.26 15.6 18.87 23.76 24 23.29 21.62 17.24 14.76 14.54 15.29 19.95 26.89 30.49 32.04 34.18 33.01 28.74 23.65 19.59 18.64 16.96 8.81 10.35 17.86 23.2 27.15 28.96 28.4 27.2 28.03 29.57 30.02 27.73 22.8
0 0 30.31 30.92 27.07 23.55 22.96 27.55 37.68 45.17 48.6 51.26 52.68 52.77 55.41 59.64 63.09 60.97 49.47 40.38 39.15 42.52 41.44 35.35 34.79 36.73 34.16 33.51 36.03 32.47 28.4 25.99 25.86 29.05 31.67 29.84 24.35 19.86 20.38 26.44 30.17 32.03 29.34 20.34 12.25 12.08 17.88 24.38 22.6 20.04 18.26 16.18 16.07 17.64 20.3 25.11 30.25 32.24 32.44 31.97 28.51 23.6 18.7 15.9 20.48 27.96 24.54 9.93 15.05 23.15 27.29 29.26 28.05 26.4 24.9 24.26 24.96 24.87 21.58
0 0 28.04 29.55 22.86 16.88 21.59 31.29 43.01 50.04 53.1 54.45 54.3 54.74 55.18 54.79 58.86 57.87 43.81 37.59 41.43 44.99 40.98 32.28 36.08 37.01 26.08 20.41 22.01 23.75 23.1 21.35 20.34 23.61 27.81 29.97 28.26 24.33 22.34 23.87 25.42 26.48 24.49 19.4 12.54 9.92 18.29 23.57 18.74 16.97 17.21 17.44 18.53 20.23 23.15 27.44 31.23 33.39 32.75 28.73 23.03 17.9 13.44 8.94 12.72 24.02 31.71 25.32 20.51 18.52 23.31 28.5 27.44 26.99 26.92 27.78 29.3 29.36 26.34
0 0 28.47 29.78 23.32 20.89 30.3 42.45 52.61 56.46 56.87 54.65 51.14 49.88 50.85 52.23 57.17 56.5 43.46 38.89 43.25 43.73 38.69 32.22 37.34 36.69 22.11 15.29 15.89 16.96 15.89 14.23 14.08 17.23 21.67 27.39 30.71 29.04 24.31 19.4 18.59 19.74 19.19 19.96 18.9 16.72 21.07 21.78 15.76 15.41 17.9 19.43 20.9 22.73 25.71 29.56 32.63 34.32 32.06 25.17 17.77 12.68 9.92 3.39 5.42 15.66 31.91 34.94 32.7 21.68 17.38 26.36 26.64 27.5 29.27 32.26 35.52 36.18 32.82
0 0 18.19 23 28.17 34.02 42.21 52.87 59.1 59.21 57.09 51.99 46.06 42.51 44.45 50.24 56.36 56.12 46.65 42.46 43.59 39.81 35.26 33.49 37.72 36.18 24.53 18.76 18.05 17.58 16.21 16.05 16.95 18.26 20.29 24.56 29.62 30.87 27.53 21.6 20.07 20.67 17.07 14.95 18.12 24.02 25.89 22.51 16.48 13.59 13.97 15.19 17.96 21.45 25.94 30.36 32.59 32.78 28.84 20.9 14.35 11.27 10.43 6.12 7.34 6.22 24.73 35.6 42.66 33.88 16.46 23.47 23.25 24.1 26.36 29.59 34.03 37.45 35.48
0 0 11.68 24.25 39.12 47.94 53.74 60.83 63.12 60.82 56.71 49.57 42.28 36.8 38.02 45.86 53.72 55.65 50.3 45.37 42.01 35.79 32.16 33.49 36.58 35.97 30.65 28.17 27.61 26.6 24.9 23.92 22.75 20.92 20.21 22.36 27.65 31.74 31.49 28.02 29.96 35.3 35.33 30.89 24.27 25.74 28.98 25.52 15.74 8.32 8.76 13.18 18.23 22.5 28.19 32.18 32.04 29.94 24.75 17.1 13.49 14.5 15.95 14.83 16.91 14.07 18.22 33.25 50.02 45.18 17.8 21.26 19.26 19.46 22.08 25.13 30.5 37.69 38.54
0 0 17.04 32.69 50.67 58.56 59.49 61.51 60.79 57.37 51.62 43.57 36.99 32.39 33.92 41.63 49.48 53.25 52.15 46.09 38.56 32.94 31.35 34.01 35.76 35.04 32.09 30.46 31.09 31.8 30.56 28.99 27.56 25.98 25.41 26.92 29.97 32.78 33.16 29.73 32.22 38.73 38.54 36.59 32.29 30.94 35.99 34.56 24.4 19.15 14.55 17.13 24.49 29.31 34.58 36.06 33.21 29.27 22.96 16.47 14.62 16.18 16.82 15.6 17.21 16.54 14.59 29.68 54.04 53.4 19.15 22.43 20.73 17.89 18.48 19.74 25.76 37.16 41.93
0 0 24.43 43.26 63.71 66.43 58.7 56.76 55.12 51.93 45.34 37.55 33.06 31.24 34.65 41.62 45.63 47.2 49.69 43.31 34.07 32.59 33.99 36.91 38.09 36.19 32.32 29.3 31.25 35.08 35.14 33.31 32.32 32.46 33.1 33.97 34.2 34.27 34.31 29.98 30.75 37.5 36.27 37.5 41.26 44.66 49.21 47.37 40.29 39.64 36.07 34.12 37.06 37.99 39.07 38.27 36.06 30.52 22.75 17.65 16.03 15.8 15.49 13.63 14.05 15.21 14.09 25.57 53.75 59.04 24.39 23.93 25.47 17.81 14.76 13.74 21.69 36.86 44.35
0 0 33.29 53.27 72.39 66.4 52.1 51.32 50.63 47.47 40.9 34.67 32.34 32.23 35.55 40.13 38.88 37.31 43.36 39.31 30.63 30.14 32.51 36.09 38.99 38.72 35.77 31.49 31.24 33.72 33.96 32.33 31.38 31.71 32.06 31.21 28.52 27.25 29.46 28.98 33.23 41.24 39.97 40.8 46.77 52.06 54.87 52.19 47.1 48.77 48.77 46.61 44.95 40.38 37.3 35.84 33.87 24.3 16.47 13.96 11.74 10.14 10.97 8.91 8.92 13.32 17.55 26.85 53.47 63.52 34.81 24.08 28.36 17.07 10 8.44 20.29 36.61 44.52
0 0 42.31 60.76 74.43 62.21 46.26 48.45 46.8 40.92 35.77 33.19 33.39 34.25 35.6 36.06 29.87 26.5 35.73 38.14 32.16 27.39 27.56 32.07 37.54 40.49 40.23 36.73 32.36 30.48 29.71 28.51 27.52 27.23 26.42 23.03 17.46 15.92 19.28 26.22 39.43 47.43 45.42 46.01 51.66 56.1 56.47 53.21 49.86 53.08 57.62 57.38 50.87 39.77 32.78 30.21 24.52 15.52 8.58 7.37 3.94 2.95 8.41 9.24 6.06 12.73 24.16 36.91 60.07 68.24 41.74 24.76 31.79 18.28 7 9.24 21.3 33.79 39.53
0 0 47.55 63.67 71.03 57.92 43.83 46.71 42.07 33.2 30.72 32.21 34.24 34.96 33.28 29.91 21.83 19.9 30.14 39.04 39.57 32.79 29.68 32.54 37.58 40.9 40.7 37.76 32.24 28.14 25.97 24.86 23.94 23.2 22.05 19.64 17.12 16.29 17.58 28.01 42.11 47.77 45.16 46.83 51.03 53.64 53.93 51.65 49.24 50.72 54.46 55.74 52.41 46.2 40.2 34.04 22.92 16.87 15.21 12.29 10.07 4.87 5.06 10.94 13.94 19.43 30.7 43.64 62.44 64.8 37.45 24.46 36.73 24.38 12.94 13.38 20.73 29.09 33.84
0 0 52.78 66.25 66.84 54.63 43.53 45.74 38.14 27.81 27.09 29.57 31.4 32.33 31.07 28.93 24.6 24.37 30.69 41.02 48.16 44.98 40.06 38.65 40.66 41.99 39.69 36.47 31.75 26.42 22.34 20.84 20.17 19.07 18.16 18.86 21.57 23.73 24.87 31.86 41.75 44.89 41.66 44.22 46.65 47.35 49.13 48.52 45.79 43.41 43.1 45.55 50.96 57.86 59.3 51.42 41.32 34.64 30.04 25.82 24.79 20.16 14.13 16.24 21.01 27.09 36.85 46.86 58.51 54.36 27.9 21.81 38.18 31.13 21.89 20.69 26.03 33.35 38.09
0 0 59.57 70.64 64.45 52.24 43.29 44.51 34.88 23.25 22.95 24.34 25.42 27.7 29.59 30.42 28.38 28.28 32.28 40.84 50.02 50.81 46.56 43.05 43.61 44.6 42.3 40.18 36.35 29.65 23.65 21.3 20.94 20.39 19.64 20.63 24.11 26.53 25.19 29.03 38.02 40.09 35.86 39.4 41.3 40.35 41.55 41.73 39.86 37.28 36.3 39.13 46.28 55.17 59.74 57.78 53.93 49.53 43.27 39.28 39.34 36.7 29.3 26.24 26.73 31.84 39.86 45.12 49.63 42.21 19.63 14.6 32.71 34.32 29.4 27.49 31.83 38.27 42.73
0 0 64.72 73.05 62.05 47.92 40.67 45.01 38.87 27.24 22.48 20.46 21.49 25.15 28.67 30.04 27.42 28.35 32.96 39.38 47.47 50.7 48.94 45.65 46.02 47.72 46.99 47.26 44.67 36.78 29.58 26.14 25.7 26.53 26.03 25.55 26.78 26.19 19.27 21.17 30.69 34.47 31.43 34.28 34.87 32.77 32.5 32.44 31.91 31.84 32.68 34.93 38.14 40.42 43.66 52.46 60.24 61.6 57.24 54.29 55.54 55.63 48.49 40.68 35.08 33.4 35.21 36.05 39.81 35.69 18.92 2.08 20.85 33.9 36.39 34.33 35.51 39.48 43.81
0 0 66.89 72.18 59.53 42.55 34.71 42.46 42.58 34.81 25.89 20.14 20.84 24.23 28.16 30.86 28.68 29.82 32.99 36.63 43.09 47.31 46.3 41.17 39.53 41.42 43.14 47.88 49.94 44.4 38.42 34.45 31.68 29.62 27.13 24.28 23.18 24.53 16.99 16.24 24.34 32.12 33.98 33.66 31.74 29.94 30.49 29.02 25.49 26.04 28.81 31.64 33.18 33.08 35.56 43.48 52.54 56.16 53.68 49.63 49.65 51.52 47 40.8 34.22 28.17 25.71 25.57 33.32 34.55 21.68 9.83 15.66 29.55 36.19 34.47 33.71 36.17 40.83
0 0 64.77 68.66 58.41 40.96 30.2 35.79 37.73 34.05 26.35 21.88 22.09 23.21 26.26 31.16 32.89 32.96 31.57 31.5 36.01 40.86 40.53 33.51 26.64 24.43 28.5 38.92 49.32 52.64 51.53 47.8 40.59 30.74 23.24 16.1 12.01 18.4 16.49 14.73 19.58 28.93 34.6 35.26 32.34 28.76 31.38 30.38 21.53 20.15 24.85 29.69 31.98 31.84 31.92 30.17 28.84 30.03 30.68 22.85 20.6 25.02 21.29 23.15 22.14 17.66 19.65 22.46 30.92 34.97 28.11 24.07 22.18 22.92 28.08 26.71 24.74 26.74 32.75
0 0 59.26 63.53 58.45 44.25 32.57 33.45 32 28.73 24.03 22.42 23.5 24.54 26.95 32.26 37.27 38.02 35.48 33.6 35.28 40.63 45.36 43.26 29.79 18.81 22 31.89 44.48 52.51 53.61 50.48 44.98 35.72 25.9 17.26 11.33 13.64 15.18 14.25 15.82 23.84 30.83 37.28 35.82 27.67 31.57 33.34 22.79 18.43 21.78 25.95 27.88 27.29 24.99 21.04 18.4 17.5 24.48 19.31 19.3 20.56 11.89 17.13 19.5 16.16 21.63 28.13 36.47 40.34 38.27 32.69 24.54 20.08 22.72 22.04 18.87 20.24 27.03
0 0 54.85 58.75 57.01 46.97 36.57 34.11 30.66 26.97 21.93 19.42 22.81 28.42 32.84 37.32 42.64 46.76 48.1 46.58 44.59 47.5 56.94 63.41 53.2 40.29 35.47 36 39.48 42.05 40.52 37.72 40.3 40.32 34.32 28.06 22.35 18.49 16.05 14.93 13.29 17.65 26.86 39.08 39.6 27.31 29.4 32.51 24.74 21.14 21.73 21.89 20.66 18.78 17.73 18.85 22.7 23.23 33.36 37.25 39.79 39.8 33.76 29.01 27.8 26.36 30.57 38.32 45.13 46.4 44.59 35.22 25.58 21.33 21.27 20 15.67 16.97 24.27
