InputMaps/malcataHeight_200.grass
north: 40:14:17.01N
south: 40:12:39.7468N
east: 7:02:14.5154W
west: 7:04:21.43W
rows: 200
cols: 200
[rows 32 to 63 of 200, columns 0 to 71 of 200]
0 992.29 992.28 994.32 996.38 998.45 1000.06 1002.06 1004.63 1003.98 1002.75 1001.62 999.95 998.13 997 994.93 992.05 988.11 983.6 978.25 973.8 969.63 965.68 962.25 958.99 954.84 952.42 951.62 948.87 946.81 946.14 942.75 938.97 936.43 933.89 931.37 928.99 926.62 924.25 922.15 920.34 919.04 916.3 913.22 910.51 907.51 904.33 901.02 898.89 898.09 895.88 893.65 891.75 888.8 885.35 881.21 878.57 876.99 876.49 875.78 874.81 874.92 874.93 874.29 873.41 872.31 870.44 868.47 866.43 860.93 856.41 853.27
0 992.82 992.15 993.27 995.1 997.48 999.7 1002.57 1006.38 1005.92 1004.45 1002.39 1000.43 998.51 996.45 993.62 990.13 985.88 981.9 978.4 975.54 972.76 969.74 966.61 963.3 958.54 955.66 954.55 951.2 948.29 946.4 943.23 939.94 937.4 934.86 932.36 930.29 928.23 926.16 923.81 921.37 918.84 915.81 912.67 909.66 906.54 903.4 901.02 899.23 898.12 896.15 894.14 892.23 889.97 887.18 882.42 879.18 876.97 875.55 874.05 872.47 870.89 869.59 868.96 867.64 866.19 865.55 864.64 863.52 859.55 856.45 854.54
0 991.99 991.62 992.26 994.13 996.97 1000.09 1003.28 1006.54 1006.5 1005.41 1003.16 1000.95 998.69 996.01 992.87 989.36 986.23 983.22 980.38 978.19 975.95 973.11 970.05 966.73 961.94 958.59 956.58 952.46 948.68 945.69 942.44 939.35 937.11 934.77 932.42 930.66 929.12 927.81 925.64 922.97 919.5 915.81 912.07 908.45 904.92 901.54 899.93 898.68 897.86 896.33 894.58 892.53 890.14 887.21 882.13 878.47 875.8 873.9 871.99 870.09 867.5 865.37 864.59 863.32 862.09 862.24 862.02 861.54 858.81 856.95 856.27
0 989.7 990.65 991.29 993.51 996.96 1001.31 1004.2 1005 1005.59 1005.57 1003.94 1001.49 998.66 995.66 992.72 989.82 989.39 987.83 984.38 981.82 979.19 975.74 972.48 969.21 965.04 961.19 957.64 952.56 947.85 943.95 940.26 937.06 935.43 933.51 931.47 930.02 929.24 929.16 927.66 925.19 921.1 916.32 911.41 906.86 902.6 898.65 897.66 897.18 897.27 896.39 894.96 892.6 889.23 885.27 880.19 876.35 873.37 871.47 869.56 867.66 864.81 862.37 861.28 860.59 860.2 860.65 860.75 860.57 858.76 857.95 858.5
0 987.62 989.68 990.32 992.38 995.55 1000.09 1002.94 1003.33 1004.67 1005.67 1005.17 1003.09 1000.24 996.94 994.12 991.71 992.1 991.02 987.47 984.74 981.93 978.24 975.07 972.12 968.82 964.74 959.91 954.12 948.6 943.64 939.39 935.82 934.03 932.25 930.54 929.65 929.64 930.53 929.91 927.89 923.45 917.64 911.65 906.7 902.14 897.97 896.95 896.16 895.64 895.13 894.02 891.6 887.87 883.55 878.6 874.94 872.17 870.52 868.7 866.67 863.98 861.6 860.2 859.44 859.06 859.43 859.52 859.39 859.02 858.91 859.15
0 985.85 988.71 989.35 990.54 992.17 995.48 998.62 1001.48 1003.73 1005.67 1007.02 1006.15 1004.09 1000.48 997.68 995.57 994.2 992.23 989.29 986.68 983.94 980.57 977.91 975.63 973.56 969.59 963.84 957.71 951.55 945.35 940.36 936.03 933.02 931 929.63 929.67 930.43 931.94 932.5 931.29 926.85 920.08 913.17 908.52 904.27 900.35 898.41 895.83 892.54 892.01 891.2 889.1 885.9 882.15 877.51 874.52 872.67 871.64 870.02 867.68 865.75 863.93 862.23 860.49 858.97 858.73 858.38 857.94 859.72 859.81 857.59
0 984.23 987.29 988.36 989.25 989.99 992.4 995.44 999.34 1002.37 1005.18 1007.83 1007.7 1006.1 1002.73 1000.15 998.24 995.62 993.1 990.77 988.28 985.58 982.41 979.71 977.41 976.58 973.12 967.21 960.99 954.44 947.34 942.1 937.48 933.35 930.84 929.39 930.02 931.17 932.86 933.86 933.11 929.1 921.92 914.55 910.43 906.37 902.4 899.64 896.15 891.84 891.28 890.63 888.84 885.94 882.51 878.39 875.97 874.71 873.85 872.3 869.87 868.16 866.38 864.14 861.61 859.27 858.74 858.28 857.86 860.81 861.37 858.66
0 982.87 985.03 987.34 988.94 989.99 992.1 994.32 996.67 1000.24 1003.81 1006.77 1006.52 1004.78 1002.64 1000.63 998.72 995.8 993.34 991.63 989.25 986.55 983.38 979.66 976.06 976.46 974.24 969.56 963.71 957.23 949.83 945.26 941.16 936.1 932.67 930.36 930.99 931.84 932.91 933.02 932.08 929.3 922.64 915.7 912.51 908.42 903.83 900.45 897.65 895.49 894.89 894.13 892.64 889.59 886.06 882.87 880.82 879.55 878.08 876.32 874.19 871.72 869.01 865.86 862.84 860.28 860.07 860.09 860.29 862.62 864.13 864.49
0 981.83 983.4 986.3 988.39 989.84 991.74 993.42 994.78 998.5 1002.39 1005.47 1005.43 1004.01 1002.83 1001.26 999.35 996.31 993.9 992.54 990.14 987.34 983.98 979.9 975.89 976.25 974.7 971.34 966.02 959.91 952.65 948.27 944.21 938.59 934.3 931.05 931.77 932.23 932.41 931.93 930.95 929.14 923.42 917.43 915.26 911.23 906.13 902.59 900.37 899.64 898.92 897.99 896.63 893.31 889.52 886.71 884.92 883.82 882.1 880.29 878.39 875.3 871.95 868.41 865.59 863.44 863.53 863.98 864.7 866.24 868.06 870.23
0 981.56 983.27 985.25 987.28 989.35 991.25 993.06 994.73 997.73 1000.85 1003.63 1004.55 1004.53 1003.66 1002.23 1000.32 997.58 995.23 993.56 990.86 987.67 983.7 980.85 978.52 975.8 973.55 971.73 967.37 962.3 956.28 950.93 945.73 940.41 935.45 931.07 932.1 931.96 930.6 930.27 929.6 928.09 924.34 920.58 919.64 915.89 910.53 907.92 906.05 905.01 903.98 902.74 901.07 897.22 892.76 889.02 887.23 886.74 885.64 884.17 882.27 878.91 875.62 873.01 872 871.73 872.12 872.88 873.92 874.23 874.81 875.76
0 980.81 982.5 983.77 985.84 988.52 990.79 992.87 994.7 997.07 999.54 1002.01 1003.75 1004.95 1004.53 1003.35 1001.51 998.86 996.45 994.48 991.53 988.06 983.69 981.71 980.54 975.46 972.23 970.74 967.4 963.43 958.57 952.81 947.06 942.19 936.87 931.72 932.34 931.59 929.41 928.9 928.2 926.86 924.87 923.04 922.69 919.37 914.37 912.46 910.86 909.59 908.38 906.98 905.14 900.95 896.02 891.51 889.63 889.55 888.84 887.67 885.9 882.73 879.85 878.16 878.5 879.53 880.03 880.84 881.9 881.41 881.19 881.33
0 978.43 979.59 980.86 983.27 986.57 990.37 993.23 994.75 996.81 998.97 1001.13 1003.2 1005.06 1005.56 1004.97 1003.44 1000.21 997.3 995.02 992.01 988.62 984.56 982.27 980.54 975.46 970.32 965.14 963.03 960.37 956.43 952.09 947.74 943.8 939.21 934.44 932.3 930.89 930.25 928.45 926.64 924.99 924.12 923.23 921.33 918.95 916.31 914.4 912.8 911.53 910.59 909.5 907.98 904.09 899.37 894.54 892.36 891.97 890.95 889.88 888.73 887.25 885.94 885.18 885.33 885.75 885.63 885.65 885.78 885.9 886.29 887.05
0 975.53 976.48 978.06 980.9 984.71 989.62 993.01 994.23 995.98 997.84 999.75 1002.02 1004.31 1005.53 1005.49 1004.38 1000.87 997.64 994.99 992.05 988.82 984.96 982.26 979.9 975.09 968.71 960.88 959.47 957.65 954.43 951.24 948.1 945.08 941.28 937.04 932.76 930.74 931.06 927.98 925.1 923.19 923.2 923.09 920.07 918.49 917.75 915.85 914.36 913.35 912.77 911.97 910.6 907.02 902.57 897.6 895.14 894.39 893.12 892.2 891.72 891.71 891.73 891.67 891.74 891.75 891.22 890.6 889.91 890.54 891.46 892.79
0 970.1 972.37 975.8 979.44 983.25 987.25 989.97 990.88 992.32 993.96 995.87 997.71 999.43 1000.34 1000.66 1000.47 998.18 995.46 992.2 989.89 987.3 983.13 979.5 976.16 972.88 968.53 963.15 959.87 956.57 953.04 949.79 946.84 944.75 942.07 939.04 935.68 933.22 931.69 927.33 923.65 921.74 921.51 921.33 919.23 917.82 916.78 914.88 914.11 914.65 914.78 914.2 912.21 908.93 905.1 900.74 898.17 896.81 895.54 895.04 895.48 895.85 896 895.64 896.06 896.69 896.77 896.24 895.25 895.87 896.93 898.56
0 964.99 968.54 973.62 978.01 981.85 985.03 987.17 987.84 988.96 990.3 992.04 993.41 994.55 995.18 995.76 996.3 995.06 992.88 989.34 987.62 985.6 981.29 977 972.92 970.88 968.27 965.13 960.2 955.62 951.84 948.57 945.82 944.52 942.77 940.72 938.15 935.33 932.25 926.67 922.17 920.2 919.79 919.6 918.33 917.08 915.82 913.98 913.83 915.6 916.36 916 913.53 910.61 907.41 903.64 900.99 899.14 898 897.95 899.25 899.94 900.17 899.5 900.16 901.25 901.92 901.52 900.32 901.01 902.21 904.08
0 962.47 967.09 972.17 976.72 980.88 984.06 986.33 987.3 987.96 988.44 988.64 989.1 989.7 990.33 990.42 990.03 988.46 987.05 985.97 984.46 982.5 979.42 976.57 973.78 970.51 967.46 964.63 960 955.73 952.26 949.3 946.73 945.11 942.66 939.73 936.85 934.33 932.18 925.82 920.5 917.91 917.84 918.14 916.87 915.81 914.87 913.65 913.25 913.79 914.42 914.26 912.4 910.32 907.95 904.48 902.15 900.61 900.71 901.48 903.09 903.56 903.47 902.5 902.4 902.75 903.73 903.81 903.23 904.54 905.96 907.52
0 960.01 965.6 970.64 975.31 979.7 982.9 985.32 986.65 986.87 986.54 985.3 984.88 984.91 985.53 985.14 983.87 982 981.3 982.49 981.17 979.29 977.44 975.95 974.35 969.92 966.45 963.88 959.66 955.74 952.55 949.83 947.38 945.46 942.36 938.63 935.42 933.15 931.84 924.86 918.86 915.73 915.93 916.68 915.46 914.62 914 913.37 912.75 912.13 912.63 912.66 911.39 910.12 908.53 905.39 903.36 902.14 903.41 904.95 906.84 907.08 906.7 905.44 904.63 904.27 905.53 906.08 906.09 907.96 909.57 910.81
0 958.6 963.54 967.65 971.22 974.38 977.87 980.98 983.54 983.96 983.79 983.16 982.3 981.48 981.8 981.26 979.99 978.41 977.19 976.53 975.11 973.76 973.15 971.45 969.04 964.92 961.28 958.1 956.15 953.69 950.19 946.43 942.95 940.72 938.1 935.19 931.37 928.33 926.09 921.58 917.72 915.51 914.99 914.97 914.99 914.81 914.49 914.18 913.87 913.56 914.09 914.12 912.85 911.58 910.09 907.56 905.78 904.56 905.83 907.24 908.82 908.75 908.24 907.29 906.57 906.17 907.12 907.71 908.03 909.29 910.28 910.9
0 957.19 961.47 964.66 967.14 969.06 972.84 976.64 980.43 981.05 981.04 981.03 979.73 978.05 978.06 977.38 976.11 974.83 973.07 970.56 969.06 968.24 968.85 966.96 963.74 959.92 956.11 952.31 952.65 951.64 947.83 943.03 938.52 935.98 933.84 931.76 927.32 923.51 920.35 918.3 916.58 915.3 914.04 913.27 914.52 915 914.99 914.99 914.98 914.98 915.54 915.57 914.3 913.03 911.65 909.74 908.21 906.99 908.26 909.53 910.8 910.42 909.79 909.15 908.51 908.06 908.7 909.34 909.97 910.61 910.99 911
0 951.48 955.36 959.44 962.64 965.15 968.35 971.3 973.9 976.09 977.74 978.04 975.78 972.71 972.41 971.42 969.85 969.15 967.76 965.22 963.96 963.3 963.64 962.64 960.9 958.3 955.55 952.65 951.36 949 944.58 939.64 934.91 931.46 929.2 927.47 923.93 921.02 918.75 917.38 915.98 914.41 914 914.14 915.11 914.92 914.05 914.05 914.05 914.05 915.15 915.69 914.72 914.21 913.69 912.39 911.29 910.36 911.02 911.95 913.22 913.1 912.68 912.04 910.97 909.83 909.25 909.19 909.52 910.46 910.74 910.14
0 945.71 949.18 954.19 958.14 961.26 963.86 965.94 967.3 971.11 974.42 975.03 971.81 967.34 966.73 965.44 963.55 963.44 962.42 959.88 958.88 958.38 958.4 958.33 958.1 956.74 955.06 953.08 950.11 946.34 941.31 936.24 931.32 926.94 924.54 923.16 920.55 918.56 917.22 916.49 915.39 913.51 913.98 915.05 915.71 914.83 913.08 913.08 913.08 913.08 914.73 915.79 915.13 915.38 915.73 915.05 914.38 913.74 913.79 914.38 915.65 915.79 915.59 914.95 913.44 911.59 909.78 909.01 909.04 910.28 910.49 909.26
0 940.14 943.17 947.12 950.47 953.36 955.62 957.35 958.34 961.27 964.17 965.95 965.15 963.38 963.03 962.45 961.68 961.11 959.77 957.23 956.48 955.94 954.8 953.85 952.96 951.69 949.8 947.33 943.93 940.08 935.57 931.06 926.81 923.5 921.14 919.36 918.53 918.04 917.91 916.79 915.35 913.44 913.32 913.67 913.74 913.11 912.12 912.4 912.42 912.14 913.3 914.1 913.75 914.76 915.94 915.59 915.24 914.89 914.89 915.21 915.91 916.49 916.62 915.7 914.07 912.25 910.92 910.18 909.9 910.31 910.14 909.15
0 934.58 937.18 939.9 942.53 945.12 947.07 948.5 949.17 951.02 953.34 956.35 958.27 959.54 959.49 959.72 960.19 959.06 957.35 954.81 954.3 953.7 951.33 949.36 947.63 946.36 944.15 941.06 937.33 933.52 929.62 925.73 922.23 920.15 917.83 915.61 916.62 917.68 918.77 917.2 915.35 913.44 912.61 912.1 911.55 911.26 911.16 911.75 911.79 911.2 911.78 912.26 912.21 914 915.99 915.95 915.91 915.87 915.87 915.9 915.99 917.03 917.5 916.28 914.56 912.83 912.11 911.46 910.87 910.36 909.78 909.1
0 929.89 934.23 936.5 938.48 940.22 942.12 943.5 944.14 945.84 948.22 951.93 955.12 957.72 957.45 957.67 958.31 956.34 954.09 951.55 951.73 951.91 950.17 947.43 944.24 941.38 938.76 936.38 932.41 928.43 924.62 921.23 918.36 916.99 915.04 913 914.27 915.41 916.41 915.96 915.11 913.74 912.93 912.3 911.66 911.25 911.02 911.39 911.41 911.04 911.33 911.58 911.58 913.08 914.7 914.44 914.49 914.77 916.1 916.84 916.84 917.94 918.54 917.53 916.26 915 914.36 913.42 912.26 911.36 910.46 909.56
0 925.34 931.76 933.73 935.05 935.87 937.76 939.14 939.77 941.47 944.02 948.34 952.57 956.23 955.65 955.73 956.37 953.51 950.69 948.15 949.08 950.19 949.37 945.92 941.16 936.45 933.42 931.96 927.75 923.58 919.77 916.87 914.62 913.86 912.32 910.57 911.84 912.83 913.53 914.47 914.84 914.08 913.42 912.78 912.15 911.55 911 911.06 911.07 911.01 911.06 911.1 911.1 912.13 913.2 912.62 912.73 913.35 916.21 917.81 917.81 918.91 919.6 918.9 918.16 917.42 916.79 915.5 913.71 912.5 911.3 910.09
0 920.49 926.04 929.42 930.98 931.12 932.28 933.33 934.21 936.15 938.85 943.04 947.07 950.67 951.51 951.45 950.6 948.46 946.42 944.62 945.84 947.08 946.19 943.34 939.42 934.83 931.07 928.08 923.02 918.43 914.87 912.5 910.82 910.43 909.54 908.5 909.28 909.99 910.62 911.61 912.24 912.1 911.76 911.37 910.99 910.14 909.04 908.55 908.52 909.01 909.5 909.84 909.84 910.05 910.14 909.26 910.3 912.67 915.6 917.44 917.94 918.68 919.18 919.04 918.72 918.22 917.1 915.52 913.62 912.59 911.78 911.24
0 915.56 919.51 924.73 926.75 926.28 926.52 927.15 928.34 930.59 933.43 937.32 940.83 944.09 946.78 946.57 943.88 942.86 941.93 941.05 942.44 943.61 942.42 940.48 938.02 934.05 929.47 924.32 918.27 913.21 909.95 908.14 907 906.92 906.74 906.52 906.68 907.08 907.71 908.42 909.05 909.53 909.58 909.49 909.41 908.31 906.59 905.48 905.41 906.52 907.63 908.38 908.38 907.68 906.69 905.5 907.7 912.18 914.8 916.75 917.86 918.14 918.39 918.87 918.94 918.62 916.88 915.04 913.13 912.41 912.17 912.56
0 910.17 913.28 917.4 919.36 919.63 921.66 923.38 924.65 926.79 929.5 933.31 936.22 938.55 939.69 938.62 935.67 934.95 934.67 934.94 936.55 937.53 935.58 933.35 931.01 928.79 925.46 921.11 915.95 911.56 908.62 905.92 903.95 904.41 904.72 904.91 904.69 904.77 905.18 905.38 905.56 905.74 905.78 905.83 906.05 905.38 904.19 903.6 903.77 904.82 905.86 906.64 906.87 906.15 905.15 904.33 906.08 909.56 912.78 915.03 916.08 916.61 916.98 917.16 917.38 917.33 915.65 914.1 912.65 911.78 911.36 911.54
0 904.61 907.16 909.13 910.84 912.34 917.12 920.47 921.74 923.63 926.11 929.92 932.18 933.39 931.75 929.57 926.93 926.22 926.42 927.93 929.76 930.51 927.64 924.7 921.99 921.92 920.6 918.09 914.49 911.19 908.55 904.45 901.18 902.25 902.97 903.44 902.9 902.68 902.78 902.39 901.95 901.52 901.42 901.52 902.06 902.07 901.8 902.14 902.66 903.39 904.13 904.8 905.34 904.93 904.28 904.08 904.79 906.18 910.33 912.96 913.69 914.72 915.34 914.91 915.17 915.43 914.06 913 912.16 910.99 910.13 909.7
0 900.01 902.53 903.59 905.12 907.03 913.11 917.32 918.8 920.46 922.44 925.21 926.8 927.48 925.14 922.81 920.48 920.19 920.63 922.12 922.93 922.97 921.04 918.84 916.65 916.04 915.3 914.43 911.98 908.98 905.19 901.04 897.8 898.24 898.8 899.38 899.16 899.15 899.36 899.18 898.96 898.74 898.53 898.4 898.62 898.71 898.74 899.59 900.43 901.27 902.12 902.96 903.8 903.85 903.71 903.92 904.38 905.08 909.32 912.05 912.89 913.38 913.38 912.33 912.64 913.21 912.15 911.45 911.02 909.75 908.49 907.23
0 895.87 898.6 899.36 900.76 902.66 909.35 914.05 915.84 917.29 918.64 919.87 920.77 921.21 919.18 917.16 915.13 915.45 916.03 916.9 916.09 915.17 915.09 914.32 913.09 910.63 909.79 910.46 908.97 905.87 900.24 896.68 894.14 893.35 893.47 894.09 894.49 894.94 895.46 895.86 896.26 896.66 896.35 895.86 895.46 895.31 895.36 896.51 897.66 898.82 899.97 901.12 902.27 902.86 903.27 903.79 904.38 905.08 909.01 911.7 912.85 912.31 911.26 909.59 909.95 910.83 910.07 909.68 909.56 908.3 906.64 904.46
0 890.99 893.92 895.31 896.88 898.6 903.47 907.53 910.38 912.69 914.44 914.89 914.94 914.73 913.76 912.4 910.68 910.87 911.2 911.64 910.48 909.38 909.64 909.43 908.77 905.97 905.37 906.83 905.54 902.78 897.75 894.09 891.36 890.66 890.81 891.46 892.28 892.92 893.37 893.99 894.56 895 894.77 894.28 893.65 893.29 893.14 893.84 894.81 896.08 897.01 897.84 898.55 899.2 899.96 901.35 902.52 903.58 907.2 909.78 911.05 910.44 909.3 907.59 908.02 909.01 908.38 908 907.81 906.36 904.92 903.51
