InputMaps/malcataSlope_250.grass
north: 40:14:17.01N
south: 40:12:39.7468N
east: 7:02:14.5154W
west: 7:04:21.43W
rows: 250
cols: 250
[rows 0 to 34 of 250, columns 158 to 236 of 250]
0 0 0 0 0 0 0 0 0 0 0 0 0 0 0 0 0 0 0 0 0 0 0 0 0 0 0 0 0 0 0 0 0 0 0 0 0 0 0 0 0 0 0 0 0 0 0 0 0 0 0 0 0 0 0 0 0 0 0 0 0 0 0 0 0 0 0 0 0 0 0 0 0 0 0 0 0 0 0
0 0 0 0 0 0 0 0 0 0 0 0 0 0 0 0 0 0 0 0 0 0 0 0 0 0 0 0 0 0 0 0 0 0 0 0 0 0 0 0 0 0 0 0 0 0 0 0 0 0 0 0 0 0 0 0 0 0 0 0 0 0 0 0 0 0 0 0 0 0 0 0 0 0 0 0 0 0 0
29.59 45.65 49.37 45.4 37.48 29.84 20.24 11.17 10.87 24.67 36.03 35.92 29.93 22.65 12.92 8.43 13.58 20.16 27.39 35.26 36.77 32.32 26.54 22.31 20.7 20.43 20.5 19.38 14.25 6.66 2.36 4.79 8.92 5.08 10.42 23.8 34.3 32.98 24.24 19.69 19.39 19.29 19.04 18.93 18.96 19.13 19.45 22.19 25.21 24.68 23.43 23.35 23.62 24.09 25.39 25.27 25.56 26.25 25.97 25.13 23.6 22.83 23.56 26 28.14 26.23 24.31 26.67 29.91 17.3 19.62 14.81 10.85 7.19 5.46 7.04 9.48 11.68 17.2
23.13 33.05 40.78 42.49 35.46 29.18 23.12 17.37 17.54 25.06 29.09 27.67 25.92 24.83 15.5 9.99 13.05 15.98 17.73 22.81 27.33 27.09 24.24 22.38 21.76 21.44 20.87 19.88 17.73 13.28 8.01 6.56 8.89 7.11 1.83 13.31 28.97 31.9 26.6 24.02 23.16 21.8 20.62 20.38 20.51 20.93 21.6 22.55 22.91 23.29 23.98 24.48 25.01 26.54 28.6 27.23 26.38 25.63 24.25 23.12 21.62 21.52 22.3 24.35 26.46 23.88 22.76 25.18 27.65 17.25 20.21 17.09 14.02 11.92 11.01 11.4 11.48 7.75 6.4
20.64 23.52 30.81 37.01 30.47 25.48 24.09 26.45 28.76 26.51 19.05 19.54 21.97 23.5 15.8 11.01 13.3 14.11 11.07 10.64 15.25 18.07 17.93 19.7 22.16 23.27 22.55 20.82 20.13 18.99 16.43 14.97 15.19 14.6 11.51 5.47 21.92 27 24.48 26.94 30 27.23 22.83 21.65 21.72 22.81 24.56 23.84 21.43 21.51 22.78 24.46 26.27 28.43 30.71 28.96 27.69 24.75 21.63 20.32 19.13 19.35 19.49 21.38 23.93 20.69 20.64 24.05 25.6 17.43 20.67 19.73 19.48 20.01 20.8 20.83 18.99 14.98 10.82
20.35 21 28.12 35.13 27.53 22.1 22.52 29.39 31.94 24.98 19.71 24.66 22.79 20.18 14.4 11.31 14.14 15.12 11.78 10.26 12.06 12.4 12.26 16.15 20.79 23.46 24.16 22.45 20.3 20.11 19.65 18.62 18.27 18.24 17.32 8.75 16.41 20.79 19 27.2 38.58 34.9 24.89 22.03 22.08 24.23 27.41 24.84 19.82 19.18 20.26 23.63 27.57 30.16 32.5 31.73 31.3 25.89 20.65 19.21 18.16 18.24 17.9 20.56 24.19 20.73 20.47 23.64 23.81 17.61 20.44 20.51 21.42 22.93 24.39 24.31 22 18.9 16.02
16.62 17.09 24 29.84 22.35 18.1 19.02 22.68 20.34 17.77 23.06 29.99 24.39 18.41 11.78 9.93 15.51 18.21 15.83 13.3 11.55 8.95 5.23 6.29 10.55 15.47 20.91 23.05 21.45 20.17 19.25 18.58 18.63 19.94 21.92 17.08 17.38 18.15 13.87 23.87 42.08 38.5 24.5 20.92 21.9 25.22 29.44 25.82 20.91 22.29 24.6 28.62 32.79 35.28 37.59 36.6 34.63 26.3 18.63 16.93 16.31 17.59 19.4 23.81 27.72 24.17 22.6 23.97 23.25 19.64 22.59 23.5 22.59 22.03 23.11 23.68 23.38 23.34 23.41
25.72 23.4 23.27 21.31 14.28 14.18 16.35 15.11 10.24 15.05 23.53 30.39 27.15 20.96 8.9 6.87 15.77 21.2 20.48 18.1 14.07 9.7 4.59 2.81 2.35 6.71 14.51 20.99 22.99 21.3 19.01 18.24 18.66 20.81 24.59 24.17 24.61 25.24 25.24 30.89 39.53 33.47 21.31 20.69 23.97 27.87 32.18 29.26 26.19 29.85 34.52 38.96 41.19 42.57 44.42 40.42 33.32 23.72 16.11 14.94 15.27 18.26 22.6 27.74 30.67 26.79 24.17 24.19 23.29 21.69 24.83 26.59 24.02 21.1 22.06 23.26 24.78 27.15 29.91
27.88 16.79 14.59 14.84 17.34 19.97 20.1 16.6 14.27 18.47 23.61 28.75 29.5 25.47 11.67 12.63 17.14 23.6 25.29 25.24 22.17 17.83 12.71 10.61 11.28 14.32 19.68 25.89 30.11 30.28 28.81 28.97 30.06 32.05 35.27 36.84 37.49 37.76 38.8 40.99 40.79 33.34 24.83 25.85 31.77 36.68 40.28 39.68 39.61 42.28 45.17 47.22 47.24 47.47 47.63 40.96 32.68 26.56 23.12 24.05 26.44 30.34 34.46 37.28 38.27 35.2 33.57 34.72 36.39 37.75 40.45 42.35 41.6 39.16 38.82 37.91 37.05 37.44 39.32
44.08 40.08 38.73 38.72 38.01 33.91 28.21 22.61 20.85 23.3 25.25 28.14 30.42 31.53 27.1 24.47 23.43 28.18 32.84 39.01 43.68 44.79 42.37 38.48 35.79 35.7 37.85 41.5 45.73 48.31 49.96 52.71 55.23 57.52 60.78 63.94 65.75 66.4 67.26 67.55 65.26 61.37 60.02 63.62 69.35 71.58 69.14 65.32 63.88 63.86 64.23 63.87 62.33 59.83 54.66 46.31 40.93 40.15 41.65 45.83 51.09 55.32 57.09 56.94 56.1 53.95 53.76 58.1 65.65 71.07 73.56 75.26 77.35 76.95 73.81 68.41 62.62 59.15 59.39
55.37 57.39 55.66 53.45 49.68 42.29 33.71 27.23 25.74 27.02 26.63 26.94 27.75 33.35 35.84 30.78 27.26 29.79 35.88 46.11 55.44 59.61 58.34 53.37 48.57 46.79 47.58 50.02 53.84 57.55 61.03 65.2 68.43 70.92 74.31 78.15 80.61 81.6 82.28 82.01 80.07 78.78 80.79 86.22 92.27 92.37 85.92 79.42 76.64 75.09 74.21 72.67 70.46 65.87 56.87 48.72 46.37 48.48 52.4 58.45 65.33 68.99 68.84 67.26 65.66 63.99 64.59 71.57 83.02 88.88 90.81 92.4 95.85 96.66 92.18 84.66 76.41 70.49 69.88
42.34 46.14 45.2 42.41 39.76 36.2 30.1 25.75 26.46 28.21 27.07 27.4 28.34 31.75 33.93 32.07 29.68 28.96 30.06 34.36 40.05 46.03 49.79 49.96 48.22 47.4 47.3 47.64 49.54 52.3 54.2 55.84 57.66 60.17 63.57 67.05 69.15 69.12 66.74 63.76 63.35 65.91 69.17 72.49 75.06 70.82 63.36 60.25 61.83 61.41 58.68 54.12 49.56 43.22 35.21 30.39 29.84 31.07 33.66 38.36 43.41 42.28 39.55 39.13 40.16 43.92 52.68 64.15 69.87 64.34 61.36 60.96 62.08 62.95 62.39 61.49 59.88 57.21 57.51
28.99 33.41 34.04 31.44 30.6 31.03 26.89 23.98 25.74 27.33 25.71 28.84 32.45 32.1 31.73 32.71 32.35 29.42 24.6 22.09 23.66 30.64 39.21 45.2 47.69 48.08 46.78 44.89 44.97 46.73 46.75 45.48 45.8 48.44 51.93 54.91 56.5 55.05 48.76 43.27 46.7 53.23 56.26 56.46 54.94 47.14 39.47 40.82 47.88 46.95 40.47 33.15 26.95 19.04 12.45 11.23 14.4 17.55 21.01 25.32 29.46 22.56 15.68 18.71 22.68 32.81 48.58 56.47 50.93 36.19 28.65 26.11 24.77 25.54 29.12 35.19 40.6 42.37 43.81
23.82 28.39 31.09 31.03 31.4 32.53 28.25 24.78 25.21 25.47 22.91 26.41 30.73 31.41 31.55 32.76 33.43 31.44 26.48 23.43 25.33 31.1 37.29 42.76 45.47 45.78 44.5 42.96 43.15 44.79 45.02 43.78 43.77 45.55 47.83 49.6 50.49 49.16 44.79 41.39 48.91 54.68 54.89 53.54 50.62 43.66 37.7 39.51 46.29 41.71 32.88 26.75 21.97 15.76 12.04 10.78 12.42 16.01 20.56 24.42 28.16 21.53 15.25 20.9 27.63 44.47 61.64 52.71 39.75 29.36 24.86 23.25 22.23 22.56 25.12 29.76 34.69 36.88 37.44
13.74 18.81 24.45 28.74 31.13 33.36 29.71 25.86 23.8 23.49 22.5 22.91 24.62 28.14 31.45 33.35 34.8 34.97 32.77 31.78 33.61 36.06 36.6 38.3 39.01 38.52 37.94 38.04 39.09 40.72 41.84 41.76 40.78 39.29 37.61 36.19 35.77 36.23 39.13 44.07 54.74 57.33 54.38 52.41 49.59 44.65 40.94 40.41 39.79 30.79 22.87 20.94 19.35 17.09 18.09 19.94 19.63 19.38 20.72 20.29 21.87 21.98 19.95 25.38 33.53 53.35 69.26 43.55 23.97 21.82 22.96 24.64 25.44 25.09 24.13 24.1 25.38 24.72 21.77
7.12 11.77 19.35 26.97 30.46 33.47 31.17 27.51 21.41 20.9 22.94 20.8 20.57 25.72 31.12 33.78 35.39 36.73 36.65 37.46 38.82 38.63 36.11 35.4 34.68 33.63 33.53 34.77 36.41 38.01 39.65 40.4 38.63 34.59 29.99 26.66 26.16 28.47 35.72 47.35 58.17 58.11 53.96 51.75 49.07 45.54 43.28 39.93 30.03 20.44 18.86 18.87 18.32 18.85 22.67 26.65 26.21 23.46 20.44 12.62 10.23 22.39 27.01 31.67 39.78 57.53 71.14 43.89 20.27 18.8 21.72 25.46 27.54 26.89 23.6 20.64 19.44 17.03 11.76
9.53 9.54 14.78 23.82 27.6 31.63 32.58 32.45 28.46 29.44 31.86 31.49 31.6 34.54 36.24 37.75 38.61 39.49 38.64 37.08 35.3 32.76 29.54 29.31 30.61 32.24 33.55 34.29 34.7 34.71 33.85 31.8 28.31 24.89 25.2 28.74 32.04 35.31 41.07 49.69 56.69 55.64 52.22 50.29 48.06 45.44 43.22 39.48 31.87 23.94 22.2 19.26 17.37 18.3 19.63 19.54 18.77 16.93 12.87 4.78 4.84 13.89 28.57 35.72 44.04 57.88 68.2 46.09 25.18 17.76 15.52 18.83 21.77 23.41 23.41 22.33 21.51 20.63 18.26
11.46 7.22 11.82 20.27 22.08 25.84 31.09 38.07 42.09 43.32 43.97 45.43 46.19 45.57 43.42 43.23 43.22 43.63 41.73 36.74 30.36 24.58 20.72 21.23 25.23 30.49 33.59 33.5 32.28 30.2 26.45 21.3 16.12 12.14 21.74 34.08 40.34 43.24 46.72 50.99 54.2 52.66 50.21 48.8 47.43 45.65 43.05 40.22 38.94 34.76 24.96 16.63 17.03 16.92 13.65 9.99 9.41 9.14 5.02 3.6 6.38 15.71 36.78 41.7 45.41 54.04 61.04 45.2 29.81 20.88 13.16 12.18 14.48 18.4 22.35 24.26 24.24 24.46 24.95
12.76 10.27 13.41 18.23 16.63 18.93 26.36 36.2 43.44 44.9 45.24 47.59 49.27 48.23 46.09 45.75 45.1 45.01 43.33 38.26 30.73 23.8 20.16 21.1 25.58 30.36 32.42 31.98 30.62 28.69 26.61 23.45 19.24 13.91 31.57 42.77 43.87 45.08 47.67 50.1 51.38 49.69 47.79 46.1 44.48 42.62 39.98 37.87 38.16 36.4 27.36 15.29 19.6 17.31 11.77 8.61 9.33 8.2 8.05 5.06 6.66 23.35 44.02 44.03 42.47 46.96 51.07 41.5 32.15 25.44 18.74 14.61 13.71 16.61 21.02 24.57 26.16 26.97 27.68
17.8 17.29 16.8 17.76 14.68 16.18 21.68 27.75 31.8 33.11 34.98 40.42 46.07 49.13 50.43 51.38 49.64 47.16 45.18 42.99 38.83 33.77 30.6 30.41 30.12 27.85 25.12 24.64 24.92 25.96 30.36 35.76 40.43 43.62 54.74 55.74 46.97 43.65 43.24 42.35 40.74 37.87 35.38 31.8 28.35 25.53 23.44 22.68 23.49 25.91 28.77 22.18 26.12 22.48 20.12 19.24 16.58 14.07 17.52 21.22 26.23 36.3 48.57 43.79 39.63 41.28 42.4 36.75 31.75 27.63 23.05 17.48 13.33 13.83 17.77 24.59 32.39 37.09 36.3
22.85 23.33 20.12 18.34 15.31 16.49 19.54 21.85 22.29 23.27 27.02 36.11 44.46 50.43 53.86 56.07 54.01 49.79 46.58 46.12 45.28 42.15 39.32 37.83 32.57 24.21 18.87 18.64 20.27 23.5 31.85 44.82 58.67 68.5 71.08 61.41 48.09 41.65 37.91 33.96 30.22 27.47 26.23 22.17 17.23 12.49 9.82 10.07 11.28 15.98 24.96 27.77 30.61 27.01 27.38 28.54 23.17 18.9 25.82 36.52 42.72 46.38 47.26 40.96 38.22 37.83 36.57 32.81 29.85 27.4 24.49 19.11 14.72 15.45 19.13 27.52 38.65 45.65 44.9
25.16 26.81 21.55 17.51 14.36 16.26 19.43 22 22.77 24.62 29.85 38.9 43.33 45.4 45.9 48.66 49.14 47.88 45.16 44.62 45.19 43.99 41.2 37.97 32.48 25.66 21.27 21.71 23.33 25.98 31.37 39.01 47.07 53.58 55.5 49.97 42.87 39.12 36.3 33.6 31.72 30.32 28.74 24.15 18.76 14.08 12.17 13.27 14.85 17.76 23.26 27.23 28.86 27.26 28.5 30.05 29.97 27.34 33.82 38.53 39.83 39.91 37.87 34.59 33.86 31.37 29.13 27.51 26.69 26.19 25.04 21.07 17.93 20.59 25.01 31.04 34.87 36.55 42.97
27.27 29.41 22.98 17.44 13.83 16.07 19.24 22.39 23.8 27.15 33.53 40.28 39.23 35.92 32.61 35.94 39.58 42.5 42.23 42.23 44.15 46.24 44.53 38.87 33.71 29.01 25.54 26.78 28.39 29.81 30.27 29.37 28.06 29.27 34.29 36.05 35.69 36.08 36.07 36.93 40.15 41.5 37.75 30.07 22.01 16.81 16.35 18.89 21.22 23.02 24.91 26.45 27.48 28.02 30.31 32.57 38.64 41.62 43.82 39.61 33.73 30.18 29.06 27.39 25.7 23.18 22.75 23.94 25.54 27.04 27.94 26.77 24.89 26.98 30.45 32.43 28.66 21.26 34.54
29.71 31.11 23.93 17.53 13.66 16.54 20.09 23.77 25.02 28.61 35.34 40.19 36.52 31.19 27.15 30.29 34.52 38.94 40.68 41.14 43.07 46.7 46.5 40.89 35.82 30.96 27.38 29.08 30.58 31.06 28.61 23.72 18.97 20.91 31.87 34.5 33.27 34.87 36.1 38.98 45.43 46.81 41.3 32.51 23.62 18.03 19.08 21.97 24.15 25.43 25.89 26.14 26.96 28.55 31.66 34.08 41.36 47.43 46.37 38.81 30.74 25.26 25.3 22.09 16.85 15.93 18.44 21.25 24.19 26.83 29.3 32.28 33.84 34.52 35.71 32.99 26.74 17.99 27.91
33.37 34.09 26.46 20 16.78 20.17 23.83 27.08 25.53 24.37 28.15 32.08 27.99 24.29 23.54 29.21 36.09 42.85 46.72 46.62 45.6 46.57 47.46 46.2 43.51 39.21 34.01 30.96 25.89 20.84 18.93 19.63 19.25 22.8 37.21 36.51 27.32 27.15 30.89 37.51 45.23 45.63 46.22 49.01 48.78 45.07 41.37 38 36.18 34.89 32.14 27.6 22.18 19.93 23.13 25.46 33.25 40.48 38.92 33.2 29.67 25.55 23.52 17.85 12.19 12.38 15.42 16.14 17.23 19.93 23.62 32.02 38.96 38.55 36.82 31.05 24.83 18.18 14.56
36.08 37.15 29.13 22.63 19.93 23.74 27.29 29.68 24.72 18.88 20.17 25.49 22.17 20.03 21.08 28.56 38.42 47.45 52.94 52.55 48.61 46.75 47.97 49.97 49.97 47.3 40.88 32.65 21.73 10.78 11.58 18.09 20.76 24.64 39.06 35.89 21.04 20.09 28.16 37.82 44.47 46.22 53.85 65.79 73.21 72.08 63.61 53.52 47.85 44.25 38.92 30.04 18.42 9.73 18 23.69 33.1 34.67 32.32 28.38 28.29 26.59 21.3 14.83 11.72 14.8 20.58 20.53 19.08 21.82 26.74 34.22 39.31 35.13 32.06 30.87 28.15 23.61 17.91
37.78 40.25 32.47 26.86 25.21 28.65 31.01 31.68 24.91 19.72 19.11 25.86 24.72 24.37 25.14 29.56 36.26 42.29 47.31 49.19 45.57 42.63 42.78 43.94 43.6 42.06 37.5 31.99 27.6 18.09 18.67 24.46 22.15 24.32 38.13 35.09 21.5 23.91 35.54 43.99 47.79 51.15 58.07 60.72 63.52 63.93 59.22 51.91 46.95 43.93 41.18 35.71 28.48 15.89 22.06 32.52 44.62 35.11 32.13 30.39 30.11 28.7 23.25 17.33 15 18.58 25.2 22.94 19.68 22.47 27.43 32.26 34.93 28.22 24.39 28.02 29.22 25.41 21.43
40.29 45.72 39.87 37.09 37.26 38.95 38.2 35.05 27.11 23.38 21.04 28.96 29.5 30.05 29.87 30.38 31.32 31.52 34.6 40.05 38.67 34.07 32.5 32.06 29.87 29.33 28.52 28.77 32.45 29.93 30.69 31.23 24.66 24.36 35.44 33.89 24.84 32.63 46.08 52.41 54.32 56.2 56.52 46.52 41.64 44.59 47.79 47.83 45.17 42.96 43.54 43.45 42.55 34.13 35.89 42.19 50.01 33.21 30.31 34.09 34.85 33.34 29.61 24.21 23.09 27.03 33.16 29.54 25.36 24.88 26.1 28.03 29.49 22.65 19.15 24.66 28.65 27.55 25.81
40.05 48.32 43.72 42.77 44.04 44.54 41.62 35.96 28.94 26.46 22.43 31.78 32.9 33.42 32.08 30.31 28.13 25.57 27.06 33.71 35.91 32.95 31.14 28.75 22.5 21 22.73 25.52 31.72 35.59 36.92 32.95 25.84 23.91 31.27 33.23 31.39 41.38 53.3 57.73 59 57.6 50.31 36.26 29.38 33.01 39.83 44.99 44.52 42.72 44.17 46.6 49.02 44.34 44.54 45.51 46.46 31.66 29.1 35.87 37.7 36.44 34.2 28.2 27.76 32.29 38.08 33.35 28.87 25.45 22.04 21.83 23.54 18.68 16.41 21.16 26.16 29.23 30.54
28.15 37.46 31.19 29.28 30.83 32.33 30.66 27.34 26.29 29.52 29.08 36.62 36.35 35.66 32.47 28.55 24.15 20.04 19.69 24.47 31.5 35.97 36.68 33.23 23.82 19.56 20.1 22.08 26.26 29.65 28.57 22.89 18.47 19.55 28.35 34.83 39 45.39 50.47 50.41 47.84 41.3 32.35 24.09 21.83 25.78 30.98 35 35.67 35.09 36.9 40.66 45.76 45.75 46.99 46.56 44.96 36.16 33.13 35.21 37.76 39.71 40.73 35.1 32.34 32.44 33.74 25.22 20.49 18.24 15.8 16.34 18.65 16.53 15.42 16.26 18.89 26.34 32.48
19.31 27.38 18.14 13.77 15.81 19.26 18.8 18.26 21.85 30.74 37.34 41.2 39.2 37.23 31.86 25.54 18.8 13.06 11.75 14.31 24.42 35 39.87 38.03 27.7 20.1 17.58 18.62 21.65 23.3 19.48 12.35 10.08 16.48 28.89 37.88 43.68 45.89 44.64 40.26 34.38 26.65 19.2 14.7 14.6 18.42 21.71 23.71 25.91 26.14 27.96 32.84 40.98 47.28 50.38 49.78 47.74 41.48 36.55 34.62 37.4 42.47 46.8 43.17 37.59 31.12 25.39 15.17 11.02 10.99 11.38 13.27 16.04 18.91 21.84 18.75 14.26 20.23 29.41
20.53 24.24 16.67 14.44 16.99 20.22 19.22 18.91 22.5 30.91 38.79 41.02 39.47 36.96 30.6 24.28 18.61 14.1 12.85 14.2 20.83 31.83 39.31 39.79 30.73 22.56 18.22 18.88 21.52 22.61 20.7 14.13 11.14 20.45 32.27 40.55 45.77 45.74 41.61 35.31 27.92 22.65 19.75 17.59 17.44 18.83 20.56 22.16 25.8 25.82 26.69 30.47 37.41 44 46.51 45.83 44.09 39.35 35.27 33.86 36.28 40.97 45.87 43.71 38.36 30.55 21.91 14.19 11.23 10.81 10.99 11.93 14.48 22.38 27.61 18.94 11.44 13.27 23.29
22.7 24.84 23.16 24.98 27.16 27.87 25.8 25.16 27.85 33.18 38.97 43.05 42.7 37.74 30.5 25.82 23.6 22.11 19.74 17.31 18.41 27.3 36.35 39.24 32.89 26.67 22.78 22.81 23.55 23.24 24.99 20.49 17.97 27.47 36.78 43.28 47.42 45.96 40.82 34.63 27.82 24.05 22.54 21.42 21.5 20.49 20.49 22.35 28.07 30.38 30.93 30.96 31.18 31.42 31.6 32.27 33.61 32.16 30.93 31.36 33.27 36.09 40.84 40.3 37.4 32.14 25.97 20.63 16.73 13.8 11.94 11.63 14.42 25.85 32.48 19.51 14.79 13.76 19.86
22.66 25.94 28.79 32.74 34.39 33.1 30.43 29.61 31.47 35 40.44 46.44 45.09 37.75 30.54 27.29 27.13 27.65 24.81 19.15 17.75 23.98 33.11 37.03 32.86 28.87 26.18 25.68 24.92 23.84 27.66 24.25 23.05 32.38 39.56 44.67 48.18 46.22 41.11 35.57 30.1 27 24.07 22.52 23.53 22 21.13 22.66 28.8 33.59 34.48 31.73 26.54 21.93 21.15 23.63 27.93 27.97 28.19 29.75 31.33 32.65 37.05 37.74 36.83 33.69 29.94 26.01 21.3 16.3 12.59 11.5 15.11 28.46 36.05 20.99 17.88 18.21 21.68
21.37 22.88 24.98 29.69 33.28 36.54 39.86 43.81 47.09 48.08 49.74 50.65 44.24 38.97 35.32 33.54 33.03 32.63 30.35 26.68 25.2 27.7 34.02 36.89 33.34 30.17 27.46 25.52 23.25 21.85 26.73 23.25 24.63 35.45 41.6 45.9 49.02 47.01 42.29 37.48 33.75 32.73 31.8 31.81 32.98 32.74 34.5 37.42 41.42 44.2 44 41.16 37.54 34.21 33.51 34.24 35.33 31.93 28.92 27.63 26.38 25.31 29.16 30.73 31.26 29.13 25.89 22.86 20.2 17 14.59 14.53 18.83 31.29 38.12 21.4 16.2 16.91 21.23
