InputMaps/malcataAspect_250.grass
north: 40:14:17.01N
south: 40:12:39.7468N
east: 7:02:14.5154W
west: 7:04:21.43W
rows: 250
cols: 250
[rows 66 to 98 of 250, columns 0 to 73 of 250]
0 0 240.22 238.25 241.24 246.73 250.28 252.69 256.55 261.05 257.76 251.63 254.11 259.6 270.68 288.04 290.47 279.71 280.74 288.78 288.65 281.75 297.23 311.21 300.77 282.41 283.51 284.28 280.84 278.62 281.53 285.02 290.41 294.54 297.07 299.45 303.43 308.25 310.31 312.26 311.98 311.7 305.64 295.26 294.33 298.72 308.16 351.22 22.29 11.36 0 354.85 301.28 237.34 255.31 271.92 294.99 305 282.73 261.1 277.71 256.81 228.54 236.49 269.56 269.3 222.61 192.42 71.07 54.94 63.74 75.26 87.32 106
0 0 241.86 241.89 244.97 248.89 251.88 254.39 258.26 262.76 260.4 255.46 255.23 255.97 260.96 269.91 273.66 273.73 273.88 274.65 284.06 292.62 304.37 314.09 301.1 277.54 291.26 300.69 293.34 287.41 285.24 284.53 290.59 295.46 297.62 299.79 301.65 304.66 306.69 308.45 306.55 305.45 305.87 299.68 284.87 268.32 255.06 216.94 20.29 7.69 1.02 358.39 335.1 273.19 276.18 279.71 286.64 287.85 262.46 250.7 286.85 273.94 239.43 244.26 266.82 255.11 214.38 200.01 199.05 39.08 63.16 79.69 91.19 102.4
0 0 234.76 236.64 241.22 245.38 248.77 251.19 255.71 261.6 259.59 254.16 249.88 245.14 245.11 246.26 251.91 268.36 267.96 260.15 279.89 299.36 304.76 309.56 294.16 267.74 291.24 315.86 315.56 308.31 298.26 291.53 293.56 297.56 302.42 305.62 305.21 305.8 306.59 307.4 302.97 298.97 305.15 304.23 276.99 247.15 242.23 246.4 292.5 333.37 351.14 1.71 6.01 349.29 326.37 312.38 300.48 280.24 237.56 239.55 296.56 294.59 240.06 241.64 263.26 238.34 207.53 210.29 249.68 275.48 269.14 248.52 174.84 122
0 0 220.91 224.64 234.24 242.34 246.43 246.62 251.07 258.82 256.32 248.75 239.1 228.75 224.32 219.69 227.02 266.76 267.63 254.31 284.08 306.62 306.54 306.72 287.34 255.43 278.19 321.11 338.27 333.28 317.41 304.88 296.8 294.68 305.12 311.55 309.46 307.98 306.61 305.6 299.18 292.76 302.54 305.49 272.79 243.16 246.77 253.4 267.91 291.81 335.17 5.52 25.1 37.37 37.37 39.06 41.32 41.38 213.82 238.24 297.11 312.83 227.77 233.27 259.95 225.67 208.24 223.29 263.91 273.65 264 243.78 204.08 159.36
0 0 219.13 229.22 241.5 251.62 253.94 250.59 253.52 259.88 257.2 249.99 239.73 229.48 225.97 223.99 235.44 265.97 270.05 263.5 284.44 303.31 304.27 303.85 281.22 246.06 262.58 295.93 325.46 334.38 328.88 321.74 307.67 295.47 306.89 313.58 309.82 307.11 304.14 301.03 293.35 285.64 296.36 301.35 270.92 245.11 250.49 254.79 255.69 259.42 284.49 314.92 325.22 331.79 337.83 340.85 332.19 307.86 278.07 268.53 271.24 269.39 260.07 258.84 266.39 246.44 228.66 244.82 273.84 273.37 255.5 226.32 196.5 179.52
0 0 224.38 233.88 243.32 257.79 261.72 257.1 257.96 260.97 257.55 250.9 241.7 233.36 232.3 233.93 244.29 259.87 268.65 274.21 283.25 293.02 295.48 296.63 274.68 243.58 259.68 283.77 308.42 328.09 336.34 340.49 332.52 313.63 314.75 316.59 310.1 305.29 301.1 296.06 287.76 279.39 288.29 293.99 269.98 250.46 254.69 256.27 253.4 254.63 267.22 278.91 282.57 285.88 287.99 293.68 300.77 295.82 283.33 274.07 266.55 261.19 258.58 259.41 266.09 263.1 255.77 265.57 279.14 269.51 241.31 212.73 195.93 195.29
0 0 230 232.11 238.42 260.06 268.52 263.94 261.88 260.71 255.96 249.5 241.83 235.41 235.86 238.99 245.13 250.74 266.03 284.78 285.41 285.09 286.11 287.46 268.28 243.62 261.28 284.05 299.21 317.24 333.72 345.1 344.2 330.77 323.02 320.45 311.58 303.81 298.23 291.25 282.92 274.42 279.31 282.88 269.89 258.82 258.45 257.15 255.46 256.52 262.67 268.2 272.54 276.3 277.06 285.22 300.54 300.74 290.23 278.07 263.03 253.34 249.95 251.56 262.85 273.08 276.67 280.47 284.51 264.31 225.49 204.13 196.58 200.84
0 0 235.94 234.1 242.5 262.6 269.24 263.82 259.24 255.84 249.66 242.83 236 230.37 232.2 237.72 243.93 249.43 268.13 287.54 284.74 277.95 276.02 275.17 264.17 251.13 266.04 282.94 287.38 291.66 298.44 308.08 319.47 325.9 328.64 331.77 327.54 320.4 313.39 300.12 283.08 268.73 270.65 272.44 270.4 267.03 261.24 257.68 258.75 260.38 262.52 264.91 268.54 270.8 270.2 276.03 292.31 299.84 295.45 282.13 255.56 241.23 239.88 245.05 259.25 277.84 293.41 297.48 297.74 254.12 211.17 207.25 210.59 215.62
0 0 241.66 242 250.34 262.26 262.5 251.47 243.97 244.87 241.38 235.64 229.3 223.3 227.01 237.03 249.98 261.14 274.51 285.93 282.58 275.41 271.28 267.63 261.45 255.01 269.35 284.21 285.25 285.47 284.35 285.13 297.97 314.16 327.93 341.79 349.96 354.75 349.1 328.53 290.58 258.19 259.42 263.06 271.92 275.91 266.11 261.4 265.32 267.76 268.07 268.58 269.47 269.38 267.62 270.27 281.48 289.27 287.82 275.74 243.55 232.73 237.3 245.14 255.98 273.46 298.96 312.12 320.93 227.23 207.02 216.03 219.23 222.82
0 0 244.37 248.69 254.14 258.59 251.87 235.23 229.64 239.63 242.57 238.3 231.91 226.45 233.25 246.03 262.96 276.57 282.51 287.16 282.68 275.49 268.55 261.35 257.92 255.9 271.91 287.87 289.21 289.55 282.73 275.72 286.42 301.48 316.59 332.63 339.54 338.92 336.57 328.75 293.92 254.29 256.97 261.4 271.51 277.99 270.94 267.27 271.91 274.76 274.39 273.48 271.59 269.22 265.91 266.36 273.45 276.47 270.11 259.82 247.69 243 244.76 247.97 251.81 264.14 289.8 302.18 303.08 232.06 215.82 216.76 210.68 213.02
0 0 242.73 251.03 254.34 252.69 239.89 222.22 220.7 235.79 243.1 240.94 236.92 234.8 243.74 254.89 270.53 285.36 288.9 290.22 283.99 274.96 265.52 256.48 257.9 261.2 273.64 286.46 290.66 294.35 286.07 275.19 279.3 286.06 300.48 316.72 322.82 319.7 317.61 317.67 292.66 261.14 261.95 263.34 269.27 273.58 270.06 268.09 271.81 274.88 275.25 275.2 274 271.32 266.98 266.09 269.6 268.76 261.11 254.78 251.82 249.87 248.87 248.01 246.89 254.08 275.8 286.42 271.42 216.28 206.51 198.83 193.23 195.75
0 0 239.87 251.53 254.19 248.66 232.53 215.87 216.41 232.59 242.47 243.44 244.01 245.98 253.26 259.95 272.57 286.64 290.36 291.17 283.07 271.2 263.13 257.09 264.46 271.63 274.66 278.14 283.74 291.26 292.13 287.44 278.12 271.66 286.1 304.91 318.94 319.61 311.31 308.11 292.66 271.35 266.65 263.79 266.6 268.53 266.61 265.41 267.09 268.43 268.16 269.67 275.64 277.75 273.8 271.34 270.46 266.37 257.65 251.86 250.38 248.65 246.6 244.15 241.17 244.05 255.85 256.88 230.15 196.5 182.31 181.31 182.99 186.07
0 0 241.28 251.85 253.75 247.69 233.06 221.81 227.78 242.32 248.45 248.77 251.39 256.41 261.07 264.47 273.27 283.81 288.44 290.91 281.6 267.93 263.59 261.72 271.85 281.51 276.31 270.14 274.44 280.66 291.65 298.65 279.28 259.08 275.91 297.28 319.39 329.67 322.98 313.59 299.94 281.54 269.09 259.51 260.01 259.93 259.31 259.17 258.94 258.33 257.79 261.88 276.27 285.48 284.08 280.33 274.42 265.92 254.75 249.02 247.8 247.01 247.79 249.05 250.45 254 258.72 258.35 252.67 246.86 242.02 215.21 201.26 205.86
0 0 242.07 247.63 248.39 245.98 238.7 235.28 241.5 247.16 247.97 246.62 250.74 261.02 267.89 271.73 274.3 277.15 283.2 290.37 282.45 269.84 266.63 265.41 274.4 284.81 278.25 269.03 271.49 274.78 288.02 300.91 278.04 249.52 271.66 294.68 314.83 334.79 341.01 332.86 311.27 284.53 263.96 241.15 235.25 229.23 235.74 245.58 243.27 242.14 248.08 258.68 275.84 290.06 296.7 296.16 285.75 272.04 259.58 253.24 248.97 248.66 253.7 258.18 261.28 262.82 263.05 259.81 253.08 249.05 248.45 233.55 218.6 223.51
0 0 239.92 240.83 242.08 246.23 248.48 250.4 249.48 245.4 243.18 241.77 247.99 262.08 272.1 278.36 274.73 268.1 274.34 286.37 283.24 275.49 271.56 268.95 274.02 280.25 277.14 272.52 272.15 272.2 283.25 294.8 273.69 250.56 272.13 291.61 300.09 315.96 331.65 332.23 307.59 265.11 251.77 237.21 227.52 222.09 238.08 255.42 246.47 243.33 253.49 263.38 270.81 281.94 298.66 305.53 298.49 287.83 277.2 265.01 252.14 251.02 260.08 266.22 269.22 267.97 263.91 256.14 244.98 240.45 241.95 233.48 223.62 229.62
0 0 236.64 235.71 239 247.76 255.68 261.28 255.34 247.66 246.26 245.37 251.23 261.76 269.76 276.88 271.67 260.28 267.28 281.96 284.15 281.96 277.3 273.33 274.67 276.7 274.51 271.87 271.59 271.46 278.54 286.02 272.69 260.54 274.51 285.21 282.57 283.25 302.87 316.21 293.35 254.23 247.71 239.43 233.12 234.68 253 265.44 255.25 250.63 258.25 262.7 257.35 259.18 308.24 331.24 325.84 315.3 303.55 282.63 257.92 256.32 267.9 272.96 273.66 269.26 260.05 247.14 234.86 233.99 238.75 236.36 232.58 239.94
0 0 232.08 232.23 237.65 248.39 257.22 263.09 263.7 262.95 257.19 250.45 252.6 258.41 263.06 268.02 263.87 254.85 263.26 278.45 286.2 289.43 283.93 278.51 277.27 276.87 272.57 267.81 269.83 272.52 276.32 280.34 275.33 270.75 278.58 284.03 274.83 266.82 284.39 302.13 280.62 248.36 241.63 233.68 234.64 244.41 259.25 267.45 258.24 252.99 256.66 254.68 236.12 218.36 317.05 357.99 351.09 340.17 328.42 307.03 274 268.5 277.44 277.69 272.36 263.34 249.23 236.26 231.17 234.85 239.46 240.34 241.37 248.6
0 0 233.83 235.45 240.28 249.91 256.72 259.62 270.27 282.66 268.29 249.65 247.67 250.16 253.04 256.84 255.43 252.57 262.03 275.3 287.35 295.9 291.18 284.96 280.91 277.98 271.98 265.68 269.07 272.99 275.15 277.36 278.37 279.15 285.33 289.41 271.32 254.47 272.82 292.84 269.04 238.58 232.21 228.59 238.6 252.84 261.19 264.93 254.2 244.8 242.57 230.86 204.13 186.44 122.58 37.11 25.53 9.46 353.6 334.92 301.76 287.77 290.22 283.2 269.82 257.92 246.82 242.24 244.99 247.32 247.94 249.27 251.21 255.03
0 0 239.04 238.5 241.11 249.75 254.5 253.85 266.51 292.81 279.08 245.43 239.79 238.56 241.27 247.11 251.05 254.86 263.7 272.92 286.29 298.42 296.36 291.29 282.62 273.83 273.44 273.41 271.63 270.27 272.98 275.98 277.83 280.66 290.86 298.69 270.5 246.9 263.49 278.62 253.36 228.27 227.2 231.46 245.37 257.2 259.24 257.19 241.82 223.57 207.56 185.28 172.69 164.81 127.01 73.1 48.91 30.22 15.06 0.6 336.83 314.65 307.2 292.41 270.99 257.2 248.98 249.03 255.78 257.98 257.3 257.06 256.57 256.79
0 0 241.46 236.81 237.85 246.44 249.79 246.58 255.9 282.84 280.56 255.13 243.03 234.91 237.39 245.23 253.44 261.49 267.06 271.3 284.17 297.67 298.32 295.7 281.28 263.31 276.28 288.78 276.48 265.41 269.92 275.51 274.21 273.51 286.47 298.46 273.6 251.58 257.78 259.37 240.73 226.45 230.36 238.51 249.24 256.3 253.03 244.68 224.58 203.75 186.35 169.84 163.48 159.03 138.25 92.82 49.59 29.26 18.12 7.37 351.18 332.56 321.96 304.57 274.95 256.99 249.52 251.88 261.18 264.41 263.9 261 256.79 254.29
0 0 241.12 236.83 239.24 244.5 244.99 242.99 250.43 267.27 272.33 266.9 251.6 238.77 242.69 251.22 260.14 268.45 270.3 270.4 279.26 291 295.99 298.47 280.75 257.33 278.26 298.86 281.41 261.03 266.58 273.75 271.64 269.78 279.57 289.24 274.28 257.97 254.87 250.14 242.31 237.07 241.81 246.89 249.47 249 237.93 218.63 191.75 171.15 153.38 143.7 144.98 145.08 138.21 105.38 41.27 26.78 25.39 20.92 7.67 350.02 340.21 331.35 292.32 256.04 250.78 256.43 265.53 268.55 268.33 262.62 254.63 251
0 0 240.95 243.17 244.46 240.89 238.3 241.14 248.46 257.28 263.31 268.13 258.43 247.25 251.15 257.47 265.19 272.62 272.44 270.4 274.37 280.88 288.76 297.05 281.7 260.42 279.68 299.95 283.57 260.06 263.19 267.27 271.99 276.04 276.9 278.34 270.08 260.17 255.8 252.14 246.89 242.83 245.46 246.62 243.25 235.41 218.11 194.96 173.63 158.07 139.35 127.58 131.07 132.4 128.71 100.82 35.44 29.15 34.53 29.9 14.18 359.29 353.07 2.25 9.75 301.81 275.32 271.13 270.27 270 270 263.19 253.63 251.33
0 0 242.25 250.93 246.94 234.41 233.13 242.55 249.65 252.66 258.05 266.49 265 259.47 260.36 262.82 268.22 274.24 273.3 270.34 270.69 272.02 279.86 289.87 280.81 267.41 279.88 294.94 281.71 262.13 261.41 261.32 273.92 284.33 276.09 268.38 264.11 259.47 257.28 254.4 246.07 240.2 240.79 238.97 231.82 220 202.39 182.78 168.13 157.17 137.73 119.41 121.27 121.72 113.98 85.61 42.17 28.88 27.41 17.74 6.14 359.1 355.58 2.2 358.53 330.53 308.06 290.97 277.98 272 269.02 263.17 256.15 255.38
0 0 242.06 252.66 245.73 231.43 235.28 248.14 253.45 253.36 257.9 265.97 267.37 265.35 265.5 266.44 268.44 270.83 270.42 268.92 268.67 268.78 275.23 283.11 278.67 271.59 277.17 285.78 277.43 264.12 262.74 262.48 276.2 287.19 274.91 262.4 259.23 255.41 253.07 249.42 240.84 236.19 234.83 230.08 219.88 205.89 188.73 171.94 160.85 152.76 133.59 111.12 107.46 104.8 101.98 81.66 43.26 18.72 3.06 355.43 356.59 358.61 1.35 1.13 349.03 333.5 321.23 307.64 292.11 278.07 266.12 259.95 257.88 257.76
0 0 240.97 249.16 244.95 236.25 242.43 253.13 255.38 252.9 256.72 264.8 267.07 266.28 266.96 268.21 266.56 263.45 263.8 266.06 268.51 270.83 274.63 278.83 276.97 273.75 272.73 272.24 269.85 266.73 267.77 269.07 279.27 287.46 273.63 259.2 254.32 248.27 244.53 239.78 237.09 237.66 232.45 224.39 212.33 198.56 183.97 170.53 160.27 152.18 133.11 106.99 94.55 85.71 95.74 81.45 36.2 11.59 354.73 347.71 352.41 358.3 4.1 0.62 348.81 337.38 327.31 318.82 308.37 287.2 261.66 253.82 258.26 258.28
0 0 248.92 249.77 246.33 242.06 245.61 252.98 251.71 244.88 248.09 259.39 264.02 264.53 268.22 272.44 266.28 257.63 258.62 262.88 267.12 271.58 274.23 276.62 277.17 277.01 270.44 263.39 265.12 267.83 270.74 273.68 280.7 287.89 271.19 251.05 241.13 229.91 221.6 210.48 204.47 202.73 192.75 184.36 177.63 172.55 168.74 165.81 163.23 162.19 153.61 122.36 80.12 55.01 93.24 72.13 20.5 14.01 10.73 5.44 4.74 8.83 15.45 11.7 3.66 359.18 351.09 340.88 333.39 310.47 254.88 245.02 256.57 253.18
0 0 256.13 247.22 240.67 238.77 241.33 248.38 243.41 229.98 230.24 244.27 254.75 261 277.57 288.59 273.82 258.23 257.32 259.23 262.09 265.76 269.61 274.12 278.97 282.74 273.88 265.59 265.47 265.5 268.22 271.52 275.02 279.61 259.69 233.82 218.23 204.45 192.74 178.15 159.61 141.57 144.91 147.32 150.05 152.88 156.1 159.97 163.74 172.29 184.74 207.65 305.69 345.24 289.45 316.66 7.71 20.46 24.08 20.57 17.82 19.54 23.34 19.42 16.9 17.46 10.02 359.24 354.79 350.47 262.44 244.84 256.54 240.34
0 0 257.49 236.91 229.41 232.76 239.17 247.66 241.9 227.92 229.5 243.92 255.84 264.64 285.08 300.13 284.22 262.58 257.28 255.5 256.48 258.13 263.06 269.95 278.05 285.77 279.1 271.15 265.16 259.04 261.31 264.55 262.11 256.12 228.94 204.87 190.89 181.8 174.69 167.77 155.29 141.23 144.34 147.1 150 153.03 155.97 159.36 161.5 168.37 179.05 189.38 332.17 10.25 43.7 26 19.99 25.42 22.25 18.3 17.4 19.74 23.22 23.31 25.54 23.45 14.35 7.57 5.23 6.04 343.37 268.53 262.98 231.92
0 0 249.37 220.3 220.61 232.38 241.44 246.97 241.13 230.86 235.99 250.46 260.16 266.55 282.5 299.69 289.02 266.18 258 254.37 254.39 254.78 259.3 265.37 272.43 281.33 278.68 272.42 256.11 235.88 231.99 225.16 189.95 156.66 140.11 135.66 140.29 143.58 144.42 147.15 142.72 134.9 138.51 142.66 147.23 152.05 156.28 160.18 160.54 160.96 161.42 149.34 95.82 61.65 74.6 69.81 44.62 25.48 15.74 13.9 16.04 20.65 27.56 34.44 41.96 35.91 25.34 23.85 27.1 33.52 46.63 48.32 351.08 232.69
0 0 227.34 210.89 222.32 238.39 244.47 243.55 238.39 234.03 241.52 254.65 262.05 266.23 278.36 294.21 287.9 269.32 260.88 256.62 255.04 253.56 256.43 260.25 263.28 266.79 264.54 259.57 228.16 198.13 180.25 156.76 145.02 137.47 128.64 124.37 128.54 131.96 131.06 133.73 136.1 134.13 136.27 139.85 144.56 150.07 155.23 159.79 159.51 155.85 150.78 135.55 102.05 76.73 75.62 66.86 47.63 22.32 11.65 11.76 15.97 22.58 32.48 42.69 51.35 43.48 32.22 32.13 35.79 41.74 54.91 52.39 22.73 301.96
0 0 233.04 225.21 230.72 238.75 237.11 229.51 226.99 231.15 244.63 260.5 265.9 266.84 273.66 283.8 280.64 269.93 263.51 259.24 255.09 250.7 251.17 252.22 250.91 247.52 241.74 231.88 200.39 182.51 170.36 154.91 147.65 142.5 133.43 128.38 133.2 137.68 135.1 134.4 140.26 140.62 139.4 139.9 141.96 146.07 151.5 158.31 161.54 160.18 155.67 143.43 112.75 73.2 52.87 27.48 10.23 4.14 4.07 6.31 9.95 14.8 22.42 32.47 44.89 40.81 33.18 34.21 35.69 37.62 42.37 27.02 4.06 337.03
0 0 240.01 234.67 231.06 226.44 216.06 207.64 212.18 229.1 255.05 274.66 274.11 269.25 270.24 273.7 271.64 266.25 262.57 259.85 253.61 246.33 243.98 241.42 236.35 228.77 218.84 201.03 178.58 169.81 162.88 152.88 148.1 144.66 135.28 129.29 135.76 143.32 143.74 142.2 147.91 147.78 143.68 141.11 139.62 141.09 145.44 155.01 164.93 167.19 163 153.7 123 29.71 352.38 336.01 328.65 341.63 354 358.67 0.93 2.06 3.24 8.35 30.07 39.61 37.23 38.22 35.55 32.01 24.63 4.53 353.19 342.92
0 0 240.73 233.86 227.52 220.72 214.66 212.84 223.94 246.95 273.38 289.91 283.41 271.79 267.28 265.02 262.72 260.41 258.95 257.93 250.23 241.14 236.67 231.46 225.26 217.53 207.65 193.21 178.27 170.03 164.36 157.18 153.07 150.13 139.56 129.48 132.52 137.75 139.22 138.57 145.22 146.33 142.25 140.11 137.88 137.36 138.19 145.82 161.57 166.87 162.93 151.79 101.5 9.04 347.54 337.22 326.56 337.28 352.02 357.39 359.79 0.4 359.17 358.02 15.26 42.3 40.18 37.21 30.4 25.3 17.14 3.48 354.44 346.58
