InputMaps/malcataHeight_200.grass
north: 40:14:17.01N
south: 40:12:39.7468N
east: 7:02:14.5154W
west: 7:04:21.43W
rows: 200
cols: 200
[rows 128 to 159 of 200, columns 72 to 143 of 200]
773.67 778.11 786.96 793.11 798.03 802.63 808.59 815.69 821.84 826.04 827.31 831.34 835.19 836.69 837.6 838.19 838.3 836.6 833.24 833.88 834.71 835.49 835.11 834.77 835.51 836.04 835.99 830.2 823.72 816.55 810.63 805.32 800.99 797.96 795.54 794.04 793.67 793.94 793.6 792.35 790.11 786.82 783.04 778.49 773.45 768.2 762.72 758.96 756.48 758.61 760.57 762.32 761.52 760.64 760.42 759.59 758.76 759.1 756.91 752.87 748.84 744.56 739.98 734.23 727.34 718 712.16 708.02 705.44 704.96 706.15 708.45
772.22 775.94 785.08 791.93 797.57 801.57 806.35 811.78 817.34 821.51 823.56 827.94 832.03 833.69 834.92 835.87 836.06 834.57 831.54 830.88 831.18 832.89 832.49 831.82 832.07 831.68 830.56 824.6 817.71 809.89 803.66 798.34 794.48 791.8 789.71 788.63 788.39 788.63 788.82 788.11 786.4 784.07 781.33 777.86 773.47 768.67 763.35 758.49 754.12 755.63 757.7 760.44 759.65 759.13 760.3 760.4 760.06 759.48 756.57 751.98 746.61 741.09 735.37 729.99 724 716.28 712.14 709.62 707.91 707.18 707.23 708.76
770.02 773.35 781.87 789.4 796.15 800.46 804.03 806.99 811.29 815.21 818.49 822.84 826.85 829.12 830.97 832.5 833.01 832.3 830.51 828.15 827.18 828.59 829.36 829.75 829.38 827.37 824.3 818.95 812.22 804.1 797.27 791.88 788.94 786.7 784.92 784.15 783.63 783.31 783.81 783.41 782.01 780.82 779.41 777.48 773.94 769.75 765.04 759.14 752.65 753.55 755.42 758.46 757.71 757.75 760.76 762.49 763.32 761.81 757.8 751.97 744.13 737.21 731.49 726.64 721.6 715.73 713.44 712.57 711.17 710.06 709.19 709.19
768.09 772.13 777.92 784.49 791.1 795.55 798.99 801.6 805.89 809.88 813.33 817.46 821.52 824.94 827.58 829.73 830.89 830.78 829.51 826.77 825.41 826.5 827.17 827.43 826.62 824.32 821.08 816.17 809.59 801.34 793.93 788.03 784.79 782.31 780.34 779.53 778.72 777.99 778.8 778.87 778.13 777.64 776.75 774.95 772.43 769.41 765.14 759.49 753.1 752.86 753.6 755.54 755.9 757.37 761.88 763.73 763.88 760.21 754.79 748.08 740.07 733.35 728.34 724.42 720.65 716.8 715.17 714.25 711.93 709.89 708.09 707.61
766.37 771.93 773.4 777.81 783.34 787.79 791.9 795.74 800.97 805.27 808.11 811.87 816.08 821.04 824.6 827.39 829.48 829.81 828.54 826.38 825.29 826.08 825.7 824.94 823.82 822.21 820.13 815.54 809.11 800.86 792.88 786.14 781.67 778.43 775.91 774.79 773.67 772.67 773.79 774.46 774.64 774.53 773.54 770.81 769.46 768.01 764.05 759.63 755 753.21 752.14 751.93 754.19 757.74 763.49 764.32 762.44 755.69 748.61 741.3 734.83 729.52 725.74 723.04 720.76 719.07 717.21 714.98 710.81 707.44 704.72 704.51
762.21 767.76 768.54 771.66 775.77 779.75 784.15 788.91 794.75 799.61 802.94 807.05 811.8 817.99 821.83 824.53 827.23 828.26 827.78 826.39 825.5 825.5 824.49 823.18 821.76 820.33 818.7 814.57 808.61 800.83 792.9 785.96 780.88 776.91 773.59 771.53 769.57 767.83 768.94 769.98 770.93 770.74 769.69 767.15 766.87 766.64 763.14 759.46 755.67 752.5 750.61 750.29 753.45 757.64 763.05 762.78 759.53 751.43 743.43 735.5 730.26 725.77 722.28 720.14 718.46 717.36 715.24 712.43 707.82 704.27 701.57 701.67
755.73 759.78 763.33 766 768.38 771.43 775.76 781.13 787.29 792.95 797.81 802.96 808.64 815.75 819.27 821.17 824.17 826.16 827.21 826.78 826.01 824.78 823.52 822.15 820.41 818.68 816.81 813.29 808.11 801.25 793.96 787.42 782.34 777.65 773.28 769.68 766.38 763.45 764.25 765.42 766.99 766.3 765.25 763.93 764.65 765.29 762.41 758.97 755.15 750.75 749.03 750.55 753.67 757.08 760.64 759.2 755.21 747.42 739.19 730.66 726.34 722.11 718.01 715.78 713.84 711.81 709.42 706.73 703.05 700.42 698.64 699.06
749.36 753.06 758.42 761.02 762.62 765.57 769.89 775.33 781.79 787.86 793.3 798.51 804.21 811.56 815.46 817.79 820.96 823.62 825.8 825.78 825.14 823.65 822.44 821.17 819.4 817.46 815.3 811.71 806.81 800.59 794.18 788.32 783.51 778.71 773.92 769.2 764.7 760.57 760.65 761.6 763.51 763.05 762.4 761.91 762.7 763.29 761.03 758.17 754.86 749.92 748.37 750.91 753.52 755.95 757.94 755.9 751.85 744.92 737.25 729.07 724.71 720.19 715.47 712.8 710.34 707.53 704.42 701.21 698.18 696.35 695.49 696.51
743.12 747.89 753.87 756.87 758.85 762.73 767.13 771.95 778.69 784.7 789.53 793.61 798.24 804.97 810.12 814.4 817.57 820.55 823.34 823.06 822.57 822.01 821.23 820.27 818.81 816.77 814.26 809.74 804.54 798.63 793.38 788.53 784.34 780.16 775.74 770.4 764.9 759.54 758.39 758.69 760.6 761.25 761.53 761.34 761.05 760.49 758.85 756.97 754.87 750.24 748.85 751.39 752.92 754.12 754.88 752.96 749.66 744.27 738.15 731.49 725.9 720.41 715.07 711.53 708.23 704.8 700.42 695.92 693.19 692.01 692.08 694.02
738.85 744.6 751.19 755.1 758.07 762.75 767.24 771.57 778.13 784.03 788.84 792.1 795.86 802.09 807.57 812.52 815.94 818.79 821.13 820.76 820.39 820.27 819.74 818.97 817.7 815.52 812.68 807.6 802.26 796.67 792.47 788.64 785.31 781.7 777.77 772.89 766.94 760.55 757.81 756.89 757.96 759.21 759.98 759.75 759.18 758.38 756.99 755.46 753.78 750.16 748.96 750.67 751.54 751.99 751.75 750.18 747.76 743.31 738.06 732.22 725.76 719.61 713.9 710.01 706.47 703.02 697.97 692.67 690.13 689.15 689.43 691.69
737.69 744.28 751.49 757.08 762.03 767.33 771.92 775.94 781.6 787.31 793.04 795.96 799.18 805.1 809.45 813.07 817.1 819.11 819.3 819.11 818.82 818.4 817.8 817.03 815.76 813.38 810.26 805.18 799.99 794.71 791.38 788.59 786.49 783.39 780.14 777.42 771.89 764.8 759.91 756.83 755.74 756.78 757.36 756.5 756.94 757.35 755.66 753.45 750.92 749.47 748.47 748.02 748.9 749.38 748.52 747.69 746.3 741.86 736.43 730.28 723.51 717.19 711.47 708.11 705.28 702.75 697.97 692.67 690.13 688.64 688 689.64
739.18 746.04 753.36 760 766.31 772.32 777.13 780.94 785.99 791.45 797.5 800.31 803.26 808.77 812.15 814.63 818.37 819.54 818.37 818.13 817.73 816.99 816.18 815.13 813.36 810.68 807.37 802.39 797.41 792.43 789.71 787.65 786.48 784.06 781.61 780.44 774.85 766.75 760.7 756.22 753.48 754.45 754.92 753.55 754.19 754.97 753.26 750.73 747.73 747.53 746.74 745.24 746.17 746.73 745.66 745.15 744.25 740 734.65 728.5 721.41 714.87 709.06 706.3 704.01 701.61 696.87 691.52 688.58 686.84 686.07 687.89
746.16 752.09 758.49 764.85 771.27 778.21 783.44 787.25 792.29 797.39 802.52 805.66 808.93 813.82 816.59 818.3 819.89 820.19 819.33 818.51 817.61 816.57 815.2 813.33 810.02 806.8 803.51 798.84 794.17 789.49 786.8 784.84 783.98 782.59 781.18 780.32 773.7 763.88 758.76 754.47 751.12 752.3 752.88 751.2 750.38 749.74 748.65 746.55 743.84 743.02 742.45 742.18 743.26 744.01 743.55 742.54 740.95 737.32 732.58 727.04 719.65 712.8 706.68 704.66 702.61 698.67 693.48 687.96 683.79 682.36 683.13 686.79
753.45 758.38 763.77 769.66 775.95 783.57 789.24 793.29 798.5 803.42 807.87 811.07 814.26 818.22 820.2 821.11 820.95 820.54 819.91 818.74 817.49 816.14 814.41 811.91 807.06 803.14 799.65 795.2 790.8 786.43 783.83 782.01 781.38 780.55 779.77 779.38 772.38 761.75 756.9 752.62 748.98 749.9 750.31 748.65 746.5 744.51 744.04 742.57 740.46 739.27 738.91 739.54 740.66 741.47 741.38 739.74 737.33 733.91 729.58 724.57 717.19 710.36 704.25 702.4 700.29 695.62 690.21 684.56 679.4 678.3 680.45 685.07
761.62 765.32 769.48 774.35 779.83 787.45 793.62 798.6 804.43 809.73 814.17 816.61 818.65 820.76 821.52 821.54 820.76 820.06 819.42 818.55 817.38 815.72 814.18 811.57 805.18 800.12 795.77 791.32 787.07 783.02 780.72 779.1 778.47 776.93 775.59 776.13 770.63 761.67 755.28 750.49 747.46 746.78 746.25 745.51 742.43 739.29 739.43 739.13 738.53 737.64 737.45 738.09 738.94 739.43 739.04 736.42 732.82 728.48 723.94 719.24 712.78 706.88 701.69 698.4 695.39 692.25 687.3 681.61 676.15 675.42 678.49 681.62
769.42 772.11 775.23 779.27 784.11 791.79 798.36 804.01 810.16 815.55 819.74 821.43 822.47 823.16 822.92 822.16 820.83 819.86 819.23 818.48 817.24 815.21 813.49 810.54 803.04 797.12 792.08 787.57 783.38 779.51 777.63 776.31 775.74 773.78 772.02 772.61 768.18 760.75 753.5 748.32 745.41 743.46 742.18 742.06 738.48 734.7 735.21 735.72 736.2 735.63 735.58 736.15 736.67 736.79 736.04 732.59 728.05 722.97 718.4 714.2 708.79 703.83 699.44 695.06 691.32 689.23 684.63 679 673.53 673.08 676.64 678.7
775.72 778.33 781.14 785.09 789.97 797.96 804.5 809.84 815.09 819.42 822.39 823.35 824 825 824.65 823.59 821.95 820.83 820.2 818.86 817.01 814.37 811.05 806.8 799.92 794.21 789.14 784.33 779.83 775.65 774.6 773.99 773.73 772.56 770.86 768.06 762.93 756.48 751.08 745.99 741.23 739.37 738.1 737.36 735.02 732.65 732.55 732.44 732.33 732.07 732.04 732.31 732.25 731.76 730.38 726.77 722.23 717.15 713.29 710.32 706.46 702.5 698.43 694.35 690.57 687.56 682.9 677.7 673.47 672.88 675.21 677.85
781.72 784.21 786.66 790.44 795.25 803.29 809.76 814.93 819.35 822.74 824.6 824.97 825.29 826.48 826.04 824.77 823.08 821.92 821.24 819.31 816.8 813.41 808.7 803.42 797.28 791.89 786.89 781.76 776.92 772.34 771.76 771.55 771.42 770.9 769.3 763.84 758.27 752.73 748.7 743.57 737.22 735.3 733.88 732.53 731.3 730.22 729.63 728.98 728.32 728.28 728.24 728.2 727.59 726.52 724.53 720.78 716.28 711.2 708 706.18 703.6 700.51 696.74 693.15 689.52 685.67 681.07 676.41 673.4 672.77 674.04 677.01
785.83 787.92 789.76 792.92 797 803.5 809.61 815.39 819.53 822.62 824.17 824.74 825.14 825.71 825.28 824.43 824.28 823.69 822.71 820.18 816.71 811.78 807.01 802.31 797.72 793.26 788.8 783.37 777.91 772.41 770.05 768.32 767.26 766.53 765.3 761.69 757.2 752.16 746.6 740.66 734.31 731.27 728.83 726.86 725.94 725.42 725.14 724.43 723.47 723.11 722.76 722.41 721.5 720.03 717.42 713.73 709.48 704.4 701.57 700.36 697.47 694.33 690.87 688.91 686.52 682.36 678.54 675.11 673.34 673.26 674.53 676.29
789.75 791.5 792.77 795.38 798.8 803.81 809.48 815.72 819.55 822.34 823.65 824.45 824.96 824.93 824.5 824.05 825.27 825.2 823.95 820.9 816.58 810.3 805.54 801.43 798.2 794.62 790.69 785 778.92 772.45 768.33 765.08 763.11 762.13 761.21 759.33 755.87 751.34 744.41 737.76 731.44 727.4 724.03 721.51 720.89 720.89 720.92 720.15 718.87 718.21 717.54 716.86 715.66 713.8 710.58 706.94 702.97 697.99 695.49 694.8 691.65 688.52 685.41 684.9 683.62 679.22 676.15 673.88 673.24 673.64 674.86 675.49
791.46 793.44 794.71 797.53 801.11 805.2 809.61 814.3 817.49 820.16 822.09 823.5 824.4 824.06 823.53 823.01 823.62 823.42 822.48 819.73 815.95 810.6 806.77 803.23 799.39 795.79 792.16 786.78 780.09 772.08 766.42 761.85 758.95 757.29 755.94 754.36 751.41 747.5 741.18 735 728.98 725.25 722.19 719.98 719.43 719.49 719.82 718.99 717.41 716.44 715.32 714.02 712.75 710.7 706.86 703.29 699.77 696.01 693.68 692.38 689.53 686.97 684.8 683.63 681.85 678.07 675.4 673.39 672.76 672.81 673.42 673.73
793.18 795.37 796.65 799.69 803.43 806.61 809.77 812.94 815.48 818.01 820.54 822.56 823.83 823.19 822.54 821.96 821.96 821.63 821 818.56 815.31 810.87 807.96 805.01 800.58 796.96 793.63 788.52 781.21 771.7 764.54 758.67 754.86 752.52 750.72 749.45 746.99 743.68 737.95 732.24 726.53 723.1 720.34 718.42 717.94 718.04 718.66 717.77 715.88 714.61 713.05 711.15 709.8 707.58 703.16 699.65 696.57 694.03 691.86 689.95 687.42 685.43 684.15 682.33 680.07 676.9 674.63 672.89 672.26 671.97 671.97 671.96
795.08 796.99 798.89 802.12 805.89 809.38 812.18 814.42 816.04 817.89 820.11 822.07 823.19 821.93 820.67 819.54 819.54 819.37 819.05 816.62 813.48 809.35 807.49 805.71 802.2 798.5 794.44 787.17 779.4 771.13 764.62 759.16 755.35 752.04 749.27 748 745.34 741.71 735.37 729.62 724.53 720.89 717.61 714.77 713.82 713.51 713.21 712.13 710.55 709.28 707.72 705.81 704.47 702.8 700.24 697.22 694.15 691.61 689.43 687.53 685.62 683.71 681.81 679.64 677.33 674.78 672.91 671.44 670.8 670.35 670.04 669.42
796.99 798.61 801.13 804.54 808.35 812.15 814.58 815.9 816.59 817.76 819.68 821.59 822.56 820.68 818.8 817.11 817.11 817.11 817.09 814.68 811.66 807.84 807.02 806.4 803.82 800.04 795.25 785.82 777.59 770.55 764.71 759.64 755.83 751.57 747.81 746.54 743.69 739.73 732.78 727 722.53 718.67 714.88 711.11 709.71 708.99 707.76 706.5 705.21 703.94 702.38 700.48 699.13 698.03 697.31 694.8 691.72 689.18 687.01 685.11 683.81 681.99 679.48 676.95 674.59 672.66 671.18 669.98 669.35 668.72 668.1 666.87
793.62 795.29 797.25 800.49 804.34 808.44 811.32 813.17 813.84 814.87 816.48 818.57 819.9 818.58 816.87 815.12 814.83 814.23 813.35 810.89 808.2 805.28 805.16 804.98 802.14 798.45 794.03 786.27 778.6 771.03 765.72 760.95 756.85 752.25 747.97 745.53 741.86 737.35 730.65 725.31 721.45 718.43 715.41 712.19 710.25 708.72 707.16 705.6 704.05 703.07 701.94 700.62 699.35 698.09 696.87 694.65 692.03 689.19 686.56 684.07 682.51 680.77 678.82 676.87 675.01 673.4 672.03 670.84 670.21 669.41 668.48 666.64
790 791.73 793.07 796.13 800.01 804.42 807.77 810.25 810.93 811.83 813.14 815.43 817.14 816.44 814.93 813.15 812.55 811.32 809.51 807.01 804.67 802.67 803.22 803.45 800.31 796.71 792.72 786.8 779.75 771.56 766.77 762.3 757.89 752.98 748.21 744.53 740.02 734.94 728.55 723.67 720.42 718.3 716.1 713.49 711.01 708.67 706.8 704.93 703.09 702.42 701.73 701.03 699.83 698.39 696.55 694.62 692.47 689.32 686.2 683.1 681.23 679.58 678.25 676.91 675.58 674.28 673 671.81 671.18 670.21 668.97 666.52
787.28 789.69 791.23 793.78 797.01 802.01 805.66 808.2 809.42 810.53 811.53 813.57 815.25 815.16 813.67 811.56 810.1 808.12 805.67 803.91 802.12 800.22 799.97 799.58 797.23 793.75 789.57 784.13 777.83 770.67 765.77 761.24 757.07 752.62 748.23 744.42 739.99 735.16 729.91 725.78 722.88 721.62 720.51 719.34 716.73 713.8 711.62 709.44 707.28 705.54 704.18 703.27 701.81 700.4 699.32 698.84 698.3 696.23 693.52 690.35 688.72 686.89 684.79 682.7 680.53 678.16 676.57 675.41 675.05 674.04 672.49 669.97
784.67 787.83 789.69 791.68 794.18 799.79 803.72 806.26 808.08 809.44 810.13 811.86 813.46 813.99 812.49 810.01 807.63 804.89 801.82 800.91 799.7 797.8 796.56 795.42 794 790.64 786.19 781.06 775.53 769.61 764.51 759.89 756.03 752.13 748.23 744.42 740.18 735.71 731.69 728.35 725.76 725.36 725.38 725.75 723.06 719.57 717.08 714.59 712.09 709.13 706.95 705.74 703.96 702.62 702.47 703.58 704.8 703.95 701.76 698.59 697.27 695.22 692.2 689.18 686 682.4 680.44 679.33 679.28 678.23 676.38 673.85
782 785.38 788.31 791.06 794.01 798.95 802.86 805.92 808.1 809.55 809.93 810.94 811.89 812.27 810.68 808.04 804.48 800.98 797.55 796.53 794.98 792.3 790.14 788.33 787.32 785.4 782.9 779.1 774.47 769.01 763.66 758.5 753.67 749.63 745.97 742.93 739.65 736.26 733.47 731.53 730.53 730.89 730.94 730.04 726.38 721.98 718.42 715.16 712.12 709.46 707.42 706.16 705.23 705.15 706.94 709.19 711.21 711.09 709.5 706.84 705.05 702.24 698.04 694.06 690.23 686.67 684.37 682.88 683.4 682.85 681.45 678.69
779.31 782.8 786.96 790.73 794.38 798.4 802.23 805.9 808.4 809.92 809.99 810.18 810.36 810.43 808.74 805.98 801.18 796.94 793.2 791.88 789.78 786.18 783.1 780.64 779.94 779.73 779.62 777.36 773.65 768.5 762.89 757.1 751.04 746.72 743.25 741.13 738.97 736.81 735.25 734.84 735.68 736.78 736.64 733.89 729.08 723.7 718.91 714.79 711.17 709.12 707.42 706.16 706.31 707.75 711.69 714.97 717.61 718.11 717.13 715.08 712.68 708.98 703.55 698.61 694.19 690.95 688.3 686.36 687.49 687.56 686.78 683.72
779.92 784.75 788.96 792.89 796.64 799.98 803.45 807.02 809.36 810.65 810.41 810.18 810 810 808.45 805.9 801.05 796.5 792.22 789.22 785.61 780.86 777.74 775.72 776.03 776.55 777 775.09 771.72 766.87 761.22 755.62 750.21 746.23 743.23 742.51 741.63 740.72 740.63 741.08 742.11 742.72 741.91 738.26 732.88 726.95 721.16 716.43 712.45 711.02 710.2 710.11 711.28 713.56 718.01 720.49 722.04 722.44 721.78 720.34 717.33 712.95 706.76 701.93 697.79 694.85 692.36 690.33 690.18 689.76 689.13 686.93
781.52 788.06 791.96 795.8 799.48 802.2 805.22 808.48 810.51 811.5 810.95 810.41 810 810 808.66 806.41 801.88 797.15 792.25 787.18 781.76 775.77 772.9 771.63 773.17 774.13 774.57 772.67 769.44 764.91 759.28 754.11 749.94 746.47 744.02 744.84 745.32 745.65 747.1 748.21 748.93 748.68 747.04 742.78 737.01 730.67 723.96 718.66 714.41 713.59 713.8 715.26 717.42 720.35 724.8 725.94 725.87 725.96 725.53 724.7 721.07 716.08 709.28 704.88 701.27 698.64 696.45 694.46 692.46 691.22 690.58 689.6
