InputMaps/malcataSlope_250.grass
north: 40:14:17.01N
south: 40:12:39.7468N
east: 7:02:14.5154W
west: 7:04:21.43W
rows: 250
cols: 250
[rows 105 to 139 of 250, columns 79 to 157 of 250]
19.04 19.88 21.25 24.33 27.6 31.38 35.29 39.81 44.35 48.2 49.21 48.06 46.3 43.79 40.09 36.32 30.91 25.17 18.73 17.91 17.55 14.32 12.12 12.89 11.35 8.16 9.19 15.9 21.85 24.32 27.95 32.72 32.23 30.72 27.12 29.08 36.82 39.62 36.5 31.81 25.99 23.99 26.73 26.92 32.07 38.4 38.63 39.22 39.31 33.75 30.87 31.25 28.97 25.97 22.22 18.95 16.65 15.98 15.98 12.87 9.05 8.33 9.95 10.59 13.74 18.88 25.28 28.56 26.66 23.13 30.62 36.21 41.44 39.74 35.85 36.15 37.45 32.27 28.89
21.49 20.27 18.65 21.12 25.08 28.43 31.06 34.59 38.85 42.32 43.39 42.51 41.46 40.71 38.87 36.57 32.11 25.8 20.62 19.09 18.44 16.19 13.77 13.28 12.53 9.64 7.25 11.45 14.09 14.52 21.2 28.21 29.68 28.73 22.97 24.24 34.01 39.18 37.27 33.52 27.77 24.53 26.01 28.78 35.07 38.95 36.92 34.57 31.03 22.68 23.02 27.71 27.52 25.82 23.32 20.74 18.62 18.45 18.99 17.15 14.42 13.31 13.73 13.92 15.53 17.23 20.08 21.93 19.68 19.68 27.91 33.34 38.37 39.53 39.23 41.56 44 32.43 23.91
22.13 19.62 15.12 16 21.09 24.39 24.87 26.64 30.15 32.77 33.23 32.46 31.98 33.56 35.38 36.06 34.32 29.74 24.72 21.52 20.04 18.98 16.48 14.79 14.31 12.25 4.7 5.06 6.62 9.79 18.48 26.23 29.37 29.8 24.6 23.59 31.5 37.35 36.99 35.34 31.15 26.36 26.87 33.84 39.24 37.8 31.61 24.2 14.57 2.49 13.58 20.62 22.94 22.5 21.15 21.18 21.97 23.8 25.63 25.52 24.03 22.73 22.29 21.05 17.87 13.89 11.37 9.77 8.54 14.08 23.13 28.35 33.24 36.66 39.68 45.16 49.96 37.69 27.53
21.96 20.39 16.77 16.43 19.24 22.89 22.07 22.75 25.94 28.54 29.02 28.64 27.25 29.02 32.97 35.42 35.58 32.67 27.33 23.05 21.31 20.62 18.15 16.01 16.12 15.31 7.73 4.82 10.79 14.06 19.05 25.07 28.68 30.27 26.83 24.85 30.05 34.75 35.21 35.41 33.69 27.56 27.82 37.74 40.55 35.2 26.76 16.59 4.97 10.13 14.41 15.54 18.85 18.35 16.79 19.35 22.81 25.99 28.59 29.44 28.62 27.21 26.36 24.62 19.45 12.54 7.34 5.28 6.59 12.78 19.74 23.94 28.22 32.41 36.82 44.68 51.67 41.56 31.48
19.76 19.53 19.08 16.95 6.52 11.69 17.02 22.01 26.12 28.83 28.8 29.07 27.07 26.63 28.28 29.25 29.83 29.46 25.28 21.1 19.57 18.68 15.56 13.6 15.72 17.51 14.31 8.9 1.31 9.14 13.66 17.83 20.57 22.38 21.31 22.42 28.12 32.57 33.71 35.08 36.96 34.63 35.7 40.17 36.93 32.37 28.32 24.73 23.38 20.91 16.8 18.24 22.72 22.58 20.29 20.17 20.82 21.86 22.9 22.83 21.75 19.74 17.24 15.37 13.83 9.33 4.64 5.39 7.45 12.16 17.22 19.89 22.47 25.36 28.62 37 45.78 39.69 33.65
17.24 21.05 28.44 31.44 20.81 5.15 12.91 22.44 26.46 29.82 28.66 28.69 27.22 25.05 24.15 23.55 24.22 25.73 23.32 19.93 18.9 18.17 13.82 11.12 13.85 16.93 17.8 16.31 12.52 15.3 16.17 16.4 16.06 15.49 13.83 17.03 24.68 30.35 32.7 34.49 38.12 41.56 42.85 39.93 33.21 30.72 31.4 33.78 38.91 41.56 39.09 36.14 35.31 32.73 27.66 22.98 19.72 18.34 17.92 16.97 15.68 13.76 11.03 11.26 13.68 11.11 7.89 8.22 8.32 11.88 16.65 18.36 19.55 20.86 22.43 28.58 36.43 35.1 34.16
11.39 15.16 24.29 33.37 28.74 19.77 18.14 22.54 23.62 29.82 28.68 27.91 27.29 25.91 25.66 25.8 26.68 27.78 25.96 23.19 22.23 21.36 15.6 11.92 13.7 15.48 16.36 15.19 11.19 14.29 14.13 13.01 11.82 10.7 9.01 11.42 18.11 24.41 28.28 29.52 30.77 34.46 35.82 32.43 27.44 25.6 26.63 28.69 33.53 37.59 37.15 35.3 34.4 31.7 26.83 21.76 17.79 16.65 17.18 17.33 16.42 14.83 13.63 14.2 15.61 13.06 10.42 10.2 9.19 11.56 15.85 17.01 17.86 18.48 19.41 23.05 28.46 29.77 30.43
5.16 7.87 14.95 30.22 33.42 31.66 26.93 24.78 17.32 26.94 27.55 27.12 27.37 27.49 28.84 30.8 33.06 33.88 31.63 28.83 27.19 25.64 18.44 15.07 16.94 16.82 14.83 12.07 6.72 11.67 10.51 8.42 7.4 7.49 6.85 6.14 7.87 13.18 19.83 20.42 16.48 17.05 17.83 16.35 13.78 12.58 14.27 15.35 19.49 25.63 28.78 29.93 30.32 27.74 23.19 17.84 12.8 11.73 13.58 17.12 19.13 16.91 14.16 15.14 17.14 16.03 15.68 15.52 14.38 13.32 12.66 13.75 16.3 16.69 17.42 19.94 23.06 24.01 23.77
1.89 7.38 8.05 24.6 33.67 38.48 36.89 35.29 17.31 23.55 25.95 26.37 27.13 28.16 30.36 33.38 37.05 38.72 36.37 33.78 31.56 29.18 20 16.97 20.45 21.78 16.37 10.69 4.21 11.05 8.02 4.57 4.02 6.06 9.02 9.67 4.56 3.73 14.81 17.1 8.81 6.53 7.15 6.83 5.51 4.57 8.72 9.4 10.54 17.25 23.35 27.52 30.3 28.51 24 17.89 11.26 8.07 9.34 16.79 25.99 21.67 12.52 13.7 18.29 20.44 23.42 20.58 17.91 14.78 7.93 8.46 14.85 15.17 15.71 18.35 20.6 21.33 20.98
6.5 10.49 4.02 14.86 27.82 39.05 43.53 47.37 24.13 21.56 23.14 22.89 23.23 24.56 26.97 29.57 33.84 37.94 37.01 35.6 33.05 29.86 16.44 10.29 18.17 25.71 21.15 15.95 11.5 13.08 7.32 2.06 2.3 6.53 13.2 14.15 6.38 8.18 14.83 18.82 11.71 9.4 8.76 7.65 6.96 7.2 11.81 13.64 12.91 15.19 20.39 25.93 31.19 30.46 25.72 18.91 11.88 9.08 9.32 16.11 32.23 25.89 11.42 13.1 19.62 24.98 30.53 20.88 12.06 9.82 7.44 5.3 11.66 11.09 10.78 14.05 16.35 16.48 17.46
15.21 18.51 17.03 13.53 22.6 38.11 48.51 58.04 30.08 20.72 20.72 19.07 18.53 20.2 23.02 25.23 29.97 36.63 37.96 38.66 35.89 32.13 15.07 2.51 11.96 22.49 26.09 25.66 20.77 15.51 8.14 5.54 6.07 9.12 16.38 21.52 18.4 14.65 16.38 19.82 15.4 13.01 10.83 8.76 8.58 10.75 16.27 17.89 15.4 14.05 19.2 26.22 32.45 31.18 24.97 17.36 11.81 12.33 10.72 16.12 32.51 28.13 15.99 15.96 21.58 28.76 36.25 21.15 4.74 4.51 6.63 9.13 10.66 7.82 5.94 11.47 16.83 13.47 10.42
16.47 18.93 19.12 14.11 17.87 36.03 51.76 66.68 34.1 20.53 21.43 19.42 17.53 18.86 21.14 22.82 27.81 36.34 40.16 43.55 40.49 36 16.87 1.84 6.64 15.72 23.88 26.09 21.41 14.77 10.88 11.14 10.24 10.05 13.69 19.8 19.26 15.71 16.86 18.99 16.52 14.36 12.12 10.11 10.22 13.23 18.52 18.9 15.03 13.93 21.74 29.32 34.38 31.23 22.97 14.83 10.94 12.51 11.77 17.18 28.54 26.39 18.27 18.6 23.25 31.43 40.28 22.1 3.11 2.9 5.86 8.95 7.76 4.68 3.23 11.6 20.21 11.52 4.71
14.48 15.52 16.47 15.35 16.1 33.07 52.63 72 37.53 18.28 25 24.29 18.26 16.67 16.53 16.33 22.25 33.62 40.31 46.57 42.89 37.57 19.12 7.08 8.06 11.52 16.2 19.36 15.79 12.02 13.1 14.64 12.91 9.47 5.03 9.52 12.02 13.55 16.59 18.87 18.08 16.55 15.39 14.91 16.01 18.5 20.89 18.25 12.25 12.85 23.6 31.11 34.65 30.44 22.25 16.38 12.77 11.15 12.88 18.17 24.34 23.07 18.65 20.67 25.01 32.32 40 21.8 1.72 1.18 5.66 3.93 0.56 2.29 4.1 11.13 18.1 11.46 12.83
13.15 13.1 14.22 15.63 16.71 28.96 50.4 73.27 42.92 17.64 27.18 30.18 19.97 14.76 12.94 11.55 19.76 33.13 41.11 48.27 42.18 35.19 20.45 11.26 10.17 9.94 11.45 16.38 14.44 13.11 14.07 14.73 13.81 11.1 4.56 1.34 5.45 10.33 15.43 18.81 19.3 18.26 17.67 18.53 20.56 22.26 21.65 16.52 10.53 14.08 24.77 30.6 32.23 28.2 22.16 19.38 15.23 12.58 16.76 20.44 22.78 22.51 21.45 24.12 27.8 31.08 33.79 20.25 4.19 1.75 4.13 2.96 5 5.48 9.86 9.52 8.67 15.79 19.8
8.48 8.24 11.85 15.79 20.29 29.54 50.15 73.94 49.82 26.25 25.66 33.29 20.71 11.48 8.96 7.56 19.16 33.12 41.07 47.93 40.31 32.31 20.56 12.05 9.58 8.09 10.39 16.77 16.27 15.49 14.53 14.12 14.23 12.91 8.56 4.26 2.39 4.16 8.31 12.21 14.35 14.86 14.56 14.82 15.89 16.1 13.64 8.22 7.53 15.41 24.55 28.4 28.4 24.05 17.85 15.56 13.22 15.04 21.3 22.47 20.52 21.81 24.45 27.18 29.96 29.32 26.93 16.94 6.01 2.83 1.42 4.84 6.32 7.7 14.72 9.48 13.75 18.76 19.68
8.96 4.13 9.25 17.33 27.79 39.09 57.66 77.9 56.11 32.72 24.82 36.77 22.45 7.77 6.05 8.32 20.37 31.86 37.67 43.25 38.17 32.19 22.16 13.59 9.17 5.36 8.96 15.15 16.28 16.72 15.63 15.35 16.35 16.55 14.59 11.5 8.8 5.75 1.73 2.98 6.31 9.06 9.93 9.12 8.38 6.71 2.5 3.87 10.83 16.97 22.34 24.72 24.99 21.29 14.88 13.52 16.06 21.28 27 23.59 14.49 19.03 28.79 31.73 32.98 29.92 25.33 17.07 8.58 2.63 6.18 8.73 7.59 8.66 18.12 25.75 26.68 22.72 19.39
12.36 11.67 14.39 21.37 33.6 45.76 62.24 78.12 55.46 31.87 26.3 41.97 27.02 10.35 10.19 12.99 21.47 28.98 31.72 35.38 35.16 33.02 24.33 16.1 11.23 6.79 8.92 12.56 14.69 16.04 15.34 15.38 16.57 17.41 16.89 14.72 11.93 9.11 5.51 1.74 2.29 6.05 7.89 6.79 4.51 1.69 3.65 9.27 13.96 16.78 18.28 19.99 22.13 20.49 16.01 17 22.14 26.66 30.14 21.67 6.66 14.68 33.99 37.51 36.53 31.6 25.78 17.17 9.03 6.7 12.89 9.78 7.79 8.56 21.15 30.8 29.58 23.31 19.01
13.47 18.76 22.62 27.53 37.71 47.86 60.03 70.56 45.88 22.48 25.08 45.11 33.29 19.24 16.97 17.06 22.23 28.29 31.83 35.65 38.46 39.32 33.53 26.43 20.71 15.23 12.76 12.34 13.01 13.97 13.87 13.84 14.14 13.78 13.4 12.61 10.44 8.04 5.43 3.92 3.71 2.82 3.26 3.29 1.98 4.48 9.02 12.67 13.98 14.09 14.27 15.84 18.6 19.22 17.96 20.89 26.41 28.6 29.08 16.88 1.97 13.75 38.04 42.11 39.78 33.03 25.31 16.15 11.56 14.44 19.98 11.28 5.18 7.75 21.13 15.58 16.17 16.69 14.91
20.21 23.34 27.38 33.12 41.57 49.56 56.42 60.76 36.97 14.84 21.69 42.58 37.02 27.92 23.82 24.14 30.52 36.91 41.33 43.8 44.91 46.11 43.06 36.96 30.3 23.95 19.05 15.26 12.29 11.48 12.59 13.13 14 14.12 13.1 12.28 11.08 9.7 8.28 6.64 3.64 2.15 5.79 7.51 7.79 9.69 13.29 14.74 12.49 10.77 12.14 13.3 13.87 15.81 18.14 23.3 30.01 32.33 32.33 22.59 7.03 20.34 40.11 43.3 41.75 33.71 24.17 16.25 14.34 19.77 27.68 24.96 15.74 14.93 23.57 13.67 4 10.05 12.63
25.96 26.4 30.32 36.77 42.5 47.32 49.34 49.94 29.92 9.88 15.63 34.75 35.98 33.05 27.63 26.25 30.89 36.12 41.05 44.41 45 45.88 45.25 42.72 38.53 33.5 28.51 23.88 18.47 15.06 14.58 14.68 16.99 18.08 14.91 12.6 11.58 10.38 8.93 5.35 1.72 6.69 8.77 9.33 8.99 10.32 13.18 12.99 9.44 8.26 11.29 11.73 9.52 10.74 13.91 20.03 27.69 30.43 30.54 25.5 19.5 29.24 40.84 43.3 43.47 34.91 24.64 18.37 15.41 16.58 22.65 22.79 18.44 18.87 22.54 16.63 10.66 7.05 12.95
39.97 35.81 34.51 35.82 36.86 38.91 40.52 42.56 27.52 10.52 4.69 22.19 33.39 39.01 35.82 33.7 35.03 37.82 42.06 45.71 45.87 46.23 47.08 48.97 50.21 48.3 44.04 40.43 35.07 27.24 20.88 17.96 20.19 21.41 17.08 13.34 11.27 11.79 13.4 9.55 6.9 12.24 12.42 11.48 10.46 10.51 11.08 9.32 6.13 7.06 10.78 11.08 8.94 10.3 13.74 20.03 27.69 31.11 32.46 32.43 33.45 39.57 44.67 45.73 45.78 37.17 27.73 21.55 15.53 12.22 16.17 18.96 21.07 22.06 23.37 18.32 12.88 2.48 10.31
47.48 40.62 34.97 30.03 27 28.63 35.15 41.62 30.77 17.41 7.02 12.18 29.39 40.67 39.95 37.79 37.39 38.73 42.53 46.37 46.37 46.35 46.68 50.21 55.53 56.41 52.25 49.46 45.93 37.6 27.31 21.65 23.03 23.57 19.03 13.98 9.71 12.18 17.2 14.25 10.17 15.81 14.07 12.13 10.98 10.14 8.32 6.22 5.7 7.75 10.36 10.94 10.97 13.76 17.58 23.3 30.01 34.11 37.15 39.69 42.77 45.86 46.92 46.56 45.64 37.63 29.56 22.42 15.53 12.54 15.39 19.31 23.31 24.79 26.2 18.57 9.87 2.22 5.93
33.2 29.24 23.98 20.85 20.21 21.77 28.8 37.12 28.63 18.43 18.33 21.87 23.6 32.58 32.6 30.26 28.97 29.71 34.35 39.56 40.15 40.42 38.61 38.29 43.52 48.51 46.62 43 42.28 40.21 31.57 25.12 25.25 24.72 20.22 13.98 5.49 5.46 13.92 13.2 6.29 13.51 8.84 6.09 5.33 4.18 2.65 3.47 6.45 8.63 10 11.45 13.25 16.71 21.41 28.24 35.62 40.6 43.93 46.06 47.74 46.87 44.49 42.92 41.39 34.25 27.11 19.49 17.69 17.81 18.99 22 25.48 26.87 28.15 18.58 10.89 10.11 9.84
16.93 18.18 13.41 14.69 19.39 24.64 32.12 39.2 34.85 31.65 31.04 26.84 19.14 24.1 25.09 23.12 20.33 20.04 25.73 32.33 33.41 34.13 31.79 28.33 30.71 37.17 41.31 40.06 39.24 39.57 34.75 29.58 27.93 25.98 21.55 14.9 4.35 2.1 12.7 12.81 4.21 12.54 9.18 6.4 5.24 5.27 5.14 5.35 8.29 10.42 11.43 13.29 15.44 20.13 27.34 36.08 44.86 49.89 51.32 50.7 48.9 45.14 41.43 39.16 37.01 30.76 24.62 16.95 19.13 21.69 23.06 25.24 28.01 28.57 30.09 25.34 21.03 19.92 21.94
18.39 21.04 16.32 17.55 23.06 29.53 35.76 40.5 38.77 38.06 33.01 25.39 19.43 21.91 23.27 22.81 18.91 17.94 23.58 30.11 30.83 31.32 30.49 28.15 25.8 28.03 37.14 42.37 38.95 36.96 35.48 33.09 30.25 27.12 22.87 16.44 6.46 4.72 12.52 12.08 3.6 10.9 10.06 8.32 6.52 5.94 5.51 6.3 9.76 12.49 14.29 16.01 17.48 23.26 32.24 40.37 47.49 49.49 47.94 45.93 43.31 40.24 37.71 35.46 33.16 28.25 23.65 16.51 19.61 23.77 26.52 28.66 30.85 29.65 29.62 27.43 24.43 22.46 23.81
27.66 28.23 26.55 26.97 31.32 39.27 44.41 46.62 45.41 44.26 34.95 26.35 21.69 21.11 20.42 20.7 15.91 14.98 21.01 27.8 27.62 27.24 27.07 26.33 21.59 19.51 32.48 42.45 38.37 35.14 34.9 33.82 30.76 27.38 23.57 18.13 10.81 10.76 14.22 11.15 5.06 9.74 11.37 11.92 10.35 7.59 5.97 7.67 11.63 14.85 17.31 18.93 19.89 25.53 34 40.29 45.09 43.77 39.52 36.73 34.36 32.7 31.44 29.98 28.7 25.52 22.54 16.39 20.57 28.25 34.3 38.29 40.7 38.2 36.11 33.8 31.09 27.75 25.16
34 32.24 33.08 33.16 37.04 47.52 51.46 51.38 49.28 46.42 35.32 27.74 24.38 23.57 20.54 19.32 13.35 13.01 19.32 27.53 27.47 27.26 26.47 26.14 25.88 28.74 38.82 44.38 41 38.35 35.92 32.55 29.62 26.82 23.58 19.82 16.16 16.23 15.67 10.06 6.37 8.83 11.85 14.24 14 11.19 8.93 10.42 14 17.09 19.66 21.16 21.92 26.35 32.66 38 42.88 41.72 37.64 34.23 31.18 29.45 28.16 27.81 27.98 25.88 23.79 18.67 21.64 30.66 38.96 45.02 48.59 45.51 42 38.65 35.63 31.56 25.77
32.87 31.19 33.85 36.79 43.32 54.8 55.75 53.35 49.44 42.93 30.77 25.71 26.28 28.84 24.31 20.47 12.54 9.21 15 26.01 27.49 28.69 27.51 27.58 33.9 40.97 43.83 43.52 40.15 36.48 32.23 28.79 27.03 25.13 23.01 21.07 19.77 16.96 11.33 7.97 7.32 9.36 10.6 10.51 12.51 13.46 11.94 12.89 15.85 18.76 21.57 23.36 24.42 27.91 32.24 36.53 40.92 40.26 37.18 33.38 29.45 27.52 26.51 27.92 29.73 27.78 25.18 18.83 15.11 17.06 23.2 30.23 37.4 36.32 34.96 34.08 33.85 33.2 30.04
30.34 30.19 35.27 42.43 52.03 61.53 59.88 56.49 49.71 37.69 25.45 22.81 27.35 33.34 28.39 23.09 13.61 4.69 14.05 25.58 28.36 30.99 31.5 34.08 43.93 52 49.04 43.63 36.59 29.55 28.38 27.96 25.23 22.92 22.66 22.32 21.57 16.97 7.11 6.33 8.87 11.2 10.83 11.28 13.89 14.82 13.47 14.38 17.39 20.64 24.06 26.33 27.8 30.76 33.91 36.44 38.22 36.37 33.33 29.75 26.98 28.03 29.75 33.19 36.18 33.43 29.56 22.34 14.73 3.72 7.51 16.04 24.5 23.82 24.28 26.6 30.48 34.46 35.32
33.32 33.86 39.06 46.92 55.84 62.26 59.5 55.8 46.45 34.15 24.62 22 27.57 35.93 31.28 25.98 17.45 8.73 17.1 26.07 29.58 33.13 35.72 40.06 49.96 56.82 48.9 39.5 29.18 20.15 25.48 29.63 24.3 20.79 22.59 23.46 22.12 17.11 6.77 5.35 9.75 10.41 14.02 18.51 16.41 14.88 14.07 15.52 19.02 22.9 27 29.55 30.99 33.03 34.76 35.04 33.87 30.71 27.48 23.93 21.69 24.79 28.61 34.55 40.38 38.07 33.78 26.19 18.23 7.13 7.23 12.46 17.95 17.8 20.35 25.1 30.9 35.98 38.44
56 54.23 52.61 55.47 58.81 59.51 54.04 48.07 36.78 31.35 27.05 22.64 26.67 36.13 32.78 28.71 22.83 16.07 21 27.2 30.81 34.45 37.99 42.42 50.67 55.2 42.35 29.46 18.4 12.14 23.54 30.83 24.44 20.67 22.84 23.45 21.3 16.37 6.96 3.8 8.02 3.27 16.87 24.69 19.62 17.66 18.53 20.7 23.6 26.92 30.97 33.45 34.67 35.29 34.71 32.61 29.57 26.18 23.18 18.93 14.63 16.31 20.52 29.73 39.88 40.91 38.82 32.41 24.63 12.8 3.87 7.98 15.74 21.51 28.45 35.2 40.78 44.8 48.57
74.89 70.95 62.73 60.96 59.58 55.37 47.62 39.9 29.25 29.03 29.37 25.41 27.49 34.8 32.71 30.05 27.67 23.98 26.11 29.71 32.3 34.85 37.97 41.77 49.06 52.97 40.19 27.47 16.67 11.1 23.05 30.68 26.2 23.29 23.11 21.45 18.76 14.77 8.15 4.53 5.96 3.35 20.21 27.94 23.48 22.56 24.54 26.78 28.19 30.07 33.64 36.03 37.34 36.56 33.52 29.84 26.26 23.44 21.41 17.58 13.04 12.03 13.17 22.57 34.52 40.11 42.28 38.72 32.4 20.54 6.96 8.63 18.64 28.21 37.19 44.37 49.1 52.23 56.73
60.44 60.69 55.86 56.17 54.58 49.79 42.86 35.69 26.93 25.53 26.21 26.37 28.05 31.93 30.36 28.25 29.03 29.67 30.59 32.01 33.54 35.32 38.17 41.51 47.1 49.57 38.11 27.07 18.47 14.09 23.81 30.5 28.91 27.01 23.65 19.83 16.41 12.52 8.4 5.07 3.47 7.62 22 28.83 25.99 24.73 25.03 25.7 26.08 28.16 32.11 34.59 35.87 33.67 28.93 25.04 21.82 19.86 18.91 15.53 11.15 9.07 8.25 15.67 25.77 32.95 37.95 37.28 34.44 25.96 16.48 13.27 16.83 25.65 34.1 40.03 43.99 46.14 48.72
36.93 42.65 45.18 49.1 47.83 43.81 38.32 31.73 24.03 22.05 23.43 27.4 28.04 28.89 28.56 27.96 29.89 31.91 32.15 32.61 35.09 37.82 41.13 44.73 46.81 45.57 34.67 25.02 19.9 17.88 25.86 31.69 31.76 30.38 25.63 21.17 16.75 11.48 7.12 2.87 5.19 13.47 23.95 28.56 26.35 24.93 24.42 24.15 24.14 26.37 29.53 31.21 32.21 29.42 24.28 20.52 17.55 16.66 17.03 14.1 9.86 7.69 6.39 11.36 18.37 25.72 32.63 34.25 34.39 28.91 22.41 19.56 19.12 24.38 30.59 33.67 35.96 36.21 35.82
27.74 34.16 40.96 46.03 44.54 40.87 35.88 29.66 24.28 25.41 27.11 30.61 28.98 27.14 28.88 30.65 31.04 31.29 31.23 31.72 36.96 42.23 46.25 49.78 46.47 40.34 29.88 21.64 21.04 22.22 28.61 33.4 33.83 32.48 27.42 22.33 16.46 10.36 5.1 1.69 9.26 17.4 24.16 26.47 24.8 24.18 24.69 25 25.25 26.46 27.27 27.73 28.74 26.73 22.83 19.13 15.6 15.22 16.52 13.89 9.67 7.9 7.23 10.61 14.93 22.23 30.1 32.81 34.2 30.01 24.86 24.8 26.13 29.12 33.21 33.47 33.82 32.19 30.43
