InputMaps/malcataAspect_500.grass
north: 40:14:17.01N
south: 40:12:39.7468N
east: 7:02:14.5154W
west: 7:04:21.43W
rows: 500
cols: 500
[rows 165 to 197 of 500, columns 296 to 369 of 500]
89.32 78.98 71.88 71.88 72.74 75.55 77.66 78.01 80.89 87.71 91.65 91.57 89.33 84.79 82.73 83.16 89.46 99.7 102.7 101.16 95 86.17 82.68 82.76 84.05 86 86.62 86.42 88.54 91.94 93.08 93.16 92.01 90.39 90 90 84.48 77.68 76.16 75.75 71 65.29 63.23 61.46 52.16 44 42.39 41.11 46.12 53.01 52.28 51.9 56.55 61.58 60.87 60.28 60.65 60.45 58.68 57.53 59.88 61.73 59.3 59.71 71.69 83.21 83.58 82.02 77.35 75.6 77.16 81.27 89.16 93.85
92.66 80.3 71.88 71.88 73.01 76.66 79.34 79.64 82.8 90.37 94.64 94.41 92.34 88.26 86.3 86.52 94.47 107.04 110.2 107.85 99.71 87.95 83.27 83.34 83.53 83.66 83.47 83.09 85.74 90.13 91.56 91.6 91.02 90.2 90 90 83.81 76.25 74.56 74.11 68.68 62.28 60.03 58.14 49.95 42.78 41.22 39.95 45.02 52.07 51.33 50.93 55.44 60.31 59.58 58.87 58.49 57.57 55.71 54.41 56.33 57.71 55.1 55.94 71.37 86.55 86.74 85.94 83.52 82.59 83.42 85.55 89.58 91.95
92.82 82.79 75.39 75.22 76.05 79.13 81.29 81.18 83.87 91.32 96.03 96.11 94.81 91.82 90.23 90.22 100.36 115.88 119.91 117.37 106.61 89.25 82.09 82.14 81.26 79.68 78.77 78.29 82 88.09 90.05 90.05 89.39 88.44 88.1 87.97 78.4 66.91 64.53 63.98 57.09 50.73 50.31 50.57 44.12 37.78 36.13 34.73 40.63 50.38 51.86 53.5 58.37 62.24 61.33 60.4 59.68 58.84 57.66 57.13 59.73 62.07 61.18 63.54 77.17 88.84 88.84 88.56 87.7 87.17 87.23 87.81 89.2 90.06
90.51 83 77.2 76.95 77.43 79.54 80.9 80.49 82.48 88.97 93.57 93.89 94.89 96.42 96.64 95.94 107.19 124.03 128.99 127.26 114.8 90.27 79.5 79.5 77.56 74.44 73.08 72.77 77.59 85.27 87.68 87.58 84.95 80.65 77.71 74.41 56.76 40.81 38.54 38.5 34.62 34.28 39.38 44.35 38.91 32.41 30.64 29.12 36.67 51.49 55.33 58.6 61.95 63.34 62.29 61.25 60.77 60.48 59.81 59.88 63.22 66.33 66.32 68.92 79.71 88.33 88.29 87.94 86.92 86.06 85.78 85.92 86.88 87.5
87.6 81.14 76.18 75.91 76.17 77.63 78.47 77.94 79.5 84.98 88.75 88.63 92.21 100.27 103.32 101.94 111.89 126.93 131.29 129.57 116.88 90.96 79.41 79.41 77.12 73.48 71.94 71.62 76.06 83.13 85.28 85.07 79.81 71.47 65.97 60.06 47.96 38.74 37.38 37.38 36.13 38.13 43.85 49.03 39.89 31.43 29.61 28.13 37.63 57.16 60.77 63.5 63.23 61.42 60.32 59.29 59.28 59.42 58.75 58.92 62.8 66.43 66.43 68.85 78.78 86.69 86.59 85.91 83.89 82.21 81.63 81.87 83.71 84.93
84.68 79.25 75.1 74.81 74.87 75.69 76.02 75.4 76.53 80.99 83.9 83.33 89.46 103.98 109.64 107.67 116.23 129.5 133.25 131.52 118.68 91.63 79.41 79.41 76.81 72.69 70.98 70.65 74.65 81.04 82.91 82.6 74.85 63.21 56.11 49.05 41.63 37.89 37.38 37.38 38.91 43.82 49.89 54.9 41.1 30.6 28.75 27.31 38.78 63.79 66.89 68.84 64.49 59.5 58.35 57.35 57.77 58.33 57.64 57.88 62.3 66.43 66.43 68.66 77.79 85.03 84.88 83.85 80.84 78.35 77.51 77.85 80.58 82.38
81.79 77.38 74.04 73.73 73.59 73.79 73.63 72.91 73.64 77.09 79.13 78.14 86.71 107.58 115.49 113.06 120.26 131.89 135.1 133.36 120.42 92.3 79.41 79.41 76.49 71.91 70.03 69.68 73.26 78.97 80.56 80.15 70.11 55.99 48.09 40.77 36.56 37.07 37.38 37.38 42.09 50.99 57.23 61.76 42.37 29.81 27.93 26.53 39.99 71.28 73.62 74.59 65.77 57.65 56.46 55.48 56.31 57.25 56.56 56.88 61.8 66.43 66.43 68.48 76.8 83.37 83.17 81.8 77.84 74.59 73.51 73.95 77.5 79.87
79.3 76.39 74.45 74.63 74.57 73.81 72.76 71.79 72.23 75.46 77.61 77.19 86.32 106.75 114.74 112.71 117.78 128.34 134.34 136.78 126.97 93.67 76.67 77.05 73.07 66.75 64.16 63.61 67 72.54 73.56 72.21 57.52 42 36.85 33.93 34.8 37.44 35.15 31.36 32.67 38.02 38.99 39.2 17.93 11.99 12.92 14.15 26.76 69.81 72.31 72.53 55.43 44.69 45.54 46.66 49.63 52.28 52.83 54.47 60.9 66.61 67.09 69.46 77.36 83.34 83.38 82.25 78.73 76.31 76.18 77.37 80.73 82.83
77.84 76.98 76.76 77.35 76.91 74.18 71.58 70.34 70.97 75.53 78.89 79.04 87.98 106.45 113.8 112.07 114.05 120.81 128.4 136.64 133.98 96.03 71.89 73.66 67.03 56.94 52.97 51.98 54.15 57.41 55.13 49.13 32.62 24.6 26.86 30.95 35.43 36.35 30.38 21.99 13.81 359.06 339.63 323.94 336.67 346.69 351.94 357.21 2.42 28.68 32.24 32.41 18.18 18.67 26.69 33.87 41.1 46.6 49.52 53.24 61.38 68.03 69.04 71.82 79.67 85.31 85.5 84.61 81.69 79.97 80.3 81.49 83.97 85.46
77.2 78.42 79.68 80.21 78.73 73.09 68.5 67.06 68.26 75.08 80.1 80.29 90.01 109.5 116.96 115.11 113.57 113.7 117.65 126.09 125.49 95.29 76.67 78.32 68.02 54.11 49.13 48.01 48.44 48.36 43.75 36.12 25.36 22.54 27.38 33.29 35.83 32.82 26.03 17.74 8.64 354.34 338.1 324.79 330.91 340.52 346.82 353.3 356.94 360 360 0.93 6.19 13.83 25.42 35.17 43.17 48.67 52.11 56.18 64.36 70.77 71.77 74.57 82.42 87.93 88.02 87.06 84.12 82.39 82.68 83.62 85.5 86.62
76.69 80.01 82.74 83.11 80.46 71.7 65.14 63.54 65.32 74.48 81.24 81.42 92.13 113.08 120.72 118.7 113.69 106.03 103.64 108.65 108.51 93.37 84.83 85.49 71.4 53.74 47.89 46.77 45.76 43.3 37.95 30.74 24.42 25.02 31.02 37.33 36.1 29.46 22.68 15.32 7.1 355.62 342.86 331.57 331.46 338.26 345.13 352.42 356.58 360 360 0.96 7.63 17.71 31.65 42.23 48.99 53.15 56.44 60.31 67.99 73.84 74.7 77.41 85.26 90.66 90.63 89.55 86.49 84.65 84.86 85.52 86.85 87.63
76.18 81.61 85.83 86.05 82.2 70.33 61.96 60.22 62.52 73.89 82.4 82.55 94.24 116.49 124.21 122.06 113.82 97.71 87.78 86.91 87.52 91.45 93.22 92.8 74.92 53.36 46.7 45.57 43.3 39.04 33.35 26.64 23.54 28.06 35.64 42.28 36.39 26.68 20.07 13.46 6.02 356.43 345.96 336.29 331.99 335.45 342.96 351.27 356.12 360 360 0.99 9.93 24.43 41.25 51.9 56.05 58.22 61.26 64.81 71.81 77 77.71 80.32 88.12 93.39 93.24 92.05 88.88 86.94 87.06 87.44 88.2 88.65
75.1 81.96 87.34 87.36 81.94 66.19 57.04 56.87 61.18 74.7 84.12 84.27 95.53 117.85 127.45 127.44 117.43 89.87 70.83 65.13 66.51 85.93 98.96 99.37 63.85 30.88 23.22 20.66 16.81 11.83 6.67 1.41 357.38 356.84 1.1 6.41 5.31 1.4 357.26 352.94 348.58 344.35 340.57 337.01 333.57 335.04 343.25 352.55 0.51 26.47 35.46 42.42 43.87 49.04 57.79 62.89 62.14 61.8 64.51 67.82 74.75 79.87 80.56 83.22 91.12 96.3 96.01 94.64 91.18 89 89.04 89.25 89.72 90
73.27 79.63 84.73 84.25 77.37 59.63 52.88 56.14 63.21 77.46 86.2 86.32 95.47 115.39 127.47 132.02 123.26 78.08 50.6 45.73 48.33 65.99 79.86 355.72 329.31 337.55 337.09 333.9 332.21 331.86 331.16 330.2 324.52 314.63 309.92 307.65 319.74 328.95 329.51 328.74 327.76 328.33 331.12 334.33 334.64 336.6 345.82 356.18 9.91 63.39 70.69 74.39 71.25 68.31 69.43 69.72 66.02 64.35 66.7 70 77.96 83.81 84.37 86.94 94.65 99.53 99.07 97.39 93.32 90.73 90.71 91.06 91.93 92.37
71.47 75.61 78.51 76.97 71.16 59.25 56.42 60.85 68.21 80.92 88.19 88.25 94.91 110.24 121.49 127.65 118.58 65.53 40.71 37.85 39.01 42.38 21.29 329.45 321.27 326.91 326.84 324.16 322.68 322.55 322.62 322.62 318.08 309.78 305.29 302.67 312.23 321.32 322.62 322.62 321.2 321.31 325.66 331.11 332.49 334.43 345.12 357.43 17.18 88.69 89.08 88.46 79.3 71.88 71.88 71.54 69.38 68.83 70.79 74.09 83.26 89.66 89.7 91.69 98.43 102.6 101.99 99.98 95.21 92.14 92.09 92.83 94.67 95.55
69.85 71.52 71.98 69.67 66.35 63.28 64.66 68.3 74.38 84.54 90.17 90.17 94.28 104.12 112.13 117.12 105.39 58.07 38.46 35.65 34.23 29.99 11.13 343.4 330.41 329.86 328.56 325.95 323.86 322.83 322.62 322.62 319.26 313.04 309.06 306.32 313.81 321.48 322.62 322.62 319.71 317.62 321.81 327.57 328.12 328.56 341.16 356.69 25.6 112.16 105.9 101.13 84.48 71.88 71.88 71.99 72.93 74.56 76.04 79.24 89.33 95.96 95.37 96.62 102.1 105.44 104.7 102.4 96.95 93.42 93.34 94.52 97.45 98.84
68.27 67.62 65.9 63 61.87 67.61 74.18 76.61 80.94 88.21 92.15 92.08 93.65 97.65 101.35 104.18 90.33 51.64 36.41 33.66 30.38 22.88 7.5 348.72 336.27 332.37 330.12 327.59 324.97 323.09 322.62 322.62 320.38 315.98 312.47 309.67 315.31 321.65 322.62 322.62 318.11 313.33 317.18 323.19 322.33 319.75 334.52 355.38 46.75 129.95 120.35 112.79 89.74 71.88 71.88 72.44 76.61 80.61 81.54 84.58 95.42 102.11 100.93 101.45 105.67 108.2 107.35 104.77 98.68 94.69 94.59 96.21 100.19 102.07
65.56 63.53 61.17 59.3 61.21 74.02 84.22 84.93 87.1 91.33 93.71 93.65 92.85 91.09 90 90 74.15 42.61 29.91 25.83 20.63 13.05 3.26 352.76 344.34 339.77 336.86 334.16 331.08 328.87 329.06 330.13 329.98 327.93 325.26 322.7 326.83 331.71 332.66 332.91 328.03 321.36 325.39 331.95 331.52 329.88 353.24 20.6 91.81 132.93 127.3 121.31 95.07 72.96 73.71 75.29 82.13 87.6 87.84 90.19 99.92 106.09 105 105.28 108.73 110.87 110.13 107.45 100.66 96.12 96.02 98.25 103.65 106.13
61.62 60.21 59.59 60.24 65.05 80.1 90.5 90.47 91.12 92.8 93.88 93.96 90.94 83.24 76.96 73.5 55.65 30.03 18.38 11.65 5.29 0.87 358.32 356.33 354.27 351.92 349.13 346.18 343.16 342 344.8 349.04 352.66 354.39 354.7 354.74 355.95 357.32 358.31 359.25 0.43 3.39 6.86 10.09 20.86 51.42 60.08 65.14 99.97 125.95 125.99 124.55 100.74 77.92 79.45 81.6 88.8 93.81 93.43 94.7 101.6 106.56 106.23 106.96 110.49 112.88 112.61 110.11 102.75 97.6 97.56 100.84 108.48 111.8
59.85 60.25 61.55 63.28 68.94 83.73 93.46 93.33 93.05 92.57 92.33 92.43 87.39 74.53 64.22 58.1 41.57 22.21 12.04 4.77 358.57 355.6 356.08 357.74 358.66 357.69 355.22 352.33 349.55 349.2 353.98 0.47 5.88 8.95 10.96 12.83 12.14 11.3 12.19 13.41 18.58 28.17 29.81 29.81 43.8 72.29 75.17 76.4 99.86 120.84 122.64 123.39 106.07 87.62 88.02 89.27 95.49 99.51 98.58 98.83 102.93 106.22 106.22 107.23 110.95 113.57 113.57 111.25 103.68 98.28 98.28 102.69 112.65 116.79
60.31 62.51 65.05 66.63 72.15 86.52 95.75 95.53 94.37 91.75 90.15 90.15 83.41 67 54.74 47.65 33.9 19.2 10.69 4.22 358.68 355.64 355.97 357.67 358.66 357.78 355.45 352.7 349.62 348.29 353.21 0.53 6.4 9.35 11.34 13.26 12.48 11.56 12.46 13.7 18.87 28.23 29.81 29.81 44.9 76.34 79.12 80.07 99.82 117.89 119.58 120.66 110.65 98.98 97.5 97.4 102.45 105.56 104.07 103.36 104.79 106.22 106.22 107.23 110.95 113.57 113.57 111.25 103.68 98.28 98.28 103.58 115.34 120.14
60.78 64.87 68.76 70.14 75.47 89.33 98.01 97.71 95.68 90.94 87.96 87.88 79.49 60.22 47.04 39.8 28.41 16.89 9.61 3.79 358.78 355.67 355.84 357.6 358.66 357.85 355.66 353.03 349.7 347.22 352.23 0.61 7.01 9.77 11.74 13.73 12.84 11.83 12.74 14.01 19.17 28.3 29.81 29.81 46.05 80.53 83.19 83.83 99.78 114.76 116.33 117.77 114.96 109.67 106.6 105.24 109.07 111.28 109.32 107.72 106.62 106.22 106.22 107.23 110.95 113.57 113.57 111.25 103.68 98.28 98.28 104.46 117.91 123.28
63.78 69.03 73.49 74.29 78.92 91.67 99.76 99.53 96.77 89.87 85.42 85.2 75 53.53 41.04 35.46 27.48 19.26 13.83 9.57 6.72 6.4 7.83 9.29 8.94 6.94 4.98 3.11 2.53 5.53 11.99 17.76 19.19 18.16 18.56 19.46 16.89 14.95 15.73 16.99 22.86 33.26 35.51 36.16 54.25 85.6 87.52 87.76 98.33 108.46 109.11 109.98 112.9 113.5 110.87 109.49 112.47 114.41 112.81 111.05 108.13 106.22 106.22 107.19 110.84 113.61 113.94 111.86 104.21 98.61 98.7 106.44 122.8 129.42
69.32 74.02 77.69 77.75 81.22 92.25 99.83 99.97 96.76 87.62 81.31 80.63 68.4 46.48 37.19 35.61 32.36 28.06 25.5 24.14 25.92 32.44 36.8 37.18 33.77 29.24 27.86 27.89 33.8 47 51.93 50.57 43.78 36.58 33.92 32.38 26.76 22.96 23.42 24.59 32.17 45.32 48.81 50.47 67.34 88.52 89.64 89.72 96.2 102.28 102.13 102.3 106.29 109.26 108.32 107.93 110.44 112.67 112.5 111.76 108.69 106.22 106.22 106.99 110.03 112.94 114.29 113.11 105.31 99.13 99.63 111.3 134.49 144.5
71.73 75.65 78.59 78.4 81.23 91.09 98.24 98.56 94.88 83.77 75.77 74.34 61.98 42.62 36.19 37.01 35.96 33.27 32.01 32.01 35.69 44.19 48.89 48.89 45.16 40.43 39.46 40.21 46.71 57.68 60.33 58.02 51.15 43.6 40.17 37.73 31.91 27.97 28.34 29.44 38.21 53 56.83 58.65 73.07 89.17 90 90.07 95.92 101.32 100.99 100.99 104.65 107.72 107.27 107.11 108.59 110.25 110.75 110.72 108.36 106.22 106.22 106.52 107.88 109.81 111.7 111.11 103.27 96.65 97.34 113.11 143.38 156.68
71.62 75.08 77.64 77.43 80.07 89.34 96.09 96.33 92.07 79.59 70.74 68.87 58.35 42.31 36.8 37.63 36.39 33.39 32.01 32.01 35.69 44.19 48.89 48.89 45.42 40.98 40.09 40.85 46.4 55.11 56.69 54.24 48.1 41.48 38.26 35.87 31.33 28.43 28.95 30.07 39.58 55.89 59.86 61.58 74.87 89.26 90 90.08 96.82 103.01 102.63 102.58 106.14 109.13 108.65 108.27 108.41 108.92 109.39 109.47 107.78 106.22 106.22 105.93 104.95 104.86 106.34 105.42 97.68 91.21 91.34 106.53 139.2 154.11
71.51 74.51 76.7 76.47 78.92 87.6 93.92 94.08 89.25 75.53 66 63.78 54.98 42 37.44 38.27 36.82 33.51 32.01 32.01 35.69 44.19 48.89 48.89 45.68 41.54 40.74 41.5 46.1 52.69 53.33 50.78 45.31 39.52 36.51 34.16 30.77 28.9 29.59 30.72 41.04 59 63.09 64.68 76.7 89.35 90 90.09 97.72 104.67 104.25 104.15 107.62 110.52 110.01 109.42 108.23 107.57 108.01 108.19 107.19 106.22 106.22 105.33 101.93 99.68 100.67 99.4 91.94 85.75 85.31 99.46 134.18 150.96
70.63 73.29 75.26 75.03 77.33 85.55 91.6 91.68 86.01 70.37 59.97 57.5 50.16 40 36.54 37.5 36.04 32.7 31.38 31.68 35.57 44.1 48.72 48.63 45.61 41.72 40.94 41.64 45.21 49.8 49.57 46.9 41.99 36.98 34.23 32.01 29.71 28.9 29.79 30.95 42.06 61.79 65.97 67.39 78.39 89.71 90.28 90.38 98.77 106.22 105.64 105.37 108.42 111.04 110.6 109.89 107.5 105.73 106.12 106.38 105.99 105.62 105.79 104.49 98.81 94.39 94.85 93.29 86.46 80.97 80.24 92.6 126.17 143.79
65.49 68.42 71.02 70.86 73.09 81.01 86.94 86.53 77.56 55.28 43.58 41.59 36.32 29.86 28.42 30.14 29.72 27.91 28.25 30.15 35.12 43.67 47.75 47.25 44.09 40.17 39.14 39.47 41.78 44.36 43.15 40.1 35.65 31.61 29.45 27.73 26.65 26.95 28.09 29.31 40.85 62.4 66.67 67.83 79.75 91.83 92.27 92.26 100.81 107.7 106.51 105.66 107.07 108.61 108.46 107.93 105 102.57 102.84 102.97 102.51 102.38 103.16 102.13 95.02 88.82 88.69 87.2 82.67 79.72 79.9 89.87 114.22 127.18
58.02 62.09 66.43 66.43 67.97 72.87 75.33 71.49 56.26 32.45 24.62 24.62 22.77 20.24 20.74 23.27 24.22 24.29 26.36 29.8 35.51 43.35 46.51 45.65 42.45 38.6 37.38 37.38 38.53 39.38 37.41 34.13 30.3 27.27 25.68 24.42 24.24 25.4 26.74 28.04 39.83 62.79 67.11 68.03 82.71 97.05 96.97 96.45 104.78 110.94 109.16 107.69 106.93 106.81 106.81 106.37 103.12 100.31 100.52 100.35 98.61 97.39 98.15 97.11 89.54 82.59 81.7 81.1 81.84 82.98 83.55 91.75 109.97 119.29
54.45 60.28 66.43 66.43 66.63 66.73 64.37 58.47 45.88 30.2 24.62 24.62 23.09 21.03 21.76 24.39 25.56 25.93 28.24 31.82 37.08 43.41 45.63 44.77 41.9 38.48 37.38 37.38 37.79 37.46 35.13 31.95 28.8 26.51 25.09 23.85 24.13 25.93 27.42 28.73 41.07 65.03 69.4 70.24 87.31 103.22 102.63 101.62 109.9 115.83 113.73 111.81 108.84 106.81 106.81 106.3 102.51 99.2 99.39 98.83 95.16 92.03 92.24 90.72 83.32 76.6 75.04 75.68 82.68 88.07 88.23 95.26 111.1 119.29
51.17 58.53 66.43 66.43 65.33 61.12 55.09 48.26 38.19 28.22 24.62 24.62 23.42 21.88 22.88 25.62 27.04 27.8 30.37 34.1 38.76 43.46 44.78 43.92 41.36 38.35 37.38 37.38 37.08 35.68 33.09 30.01 27.43 25.78 24.53 23.31 24.03 26.48 28.12 29.46 42.36 67.36 71.76 72.52 91.95 109.1 108.05 106.6 114.7 120.34 117.99 115.71 110.71 106.81 106.81 106.23 101.9 98.08 98.25 97.31 91.68 86.64 86.29 84.32 77.26 70.89 68.76 70.5 83.52 93.2 92.93 98.74 112.2 119.29
48.44 57.1 66.5 66.42 63.98 56 47.51 40.54 32.57 26.65 24.86 24.9 24.07 23.14 24.5 27.39 29.12 30.27 33.05 36.84 40.66 43.54 43.91 42.99 40.66 37.97 37.05 36.97 35.94 33.62 30.85 27.92 25.87 24.86 23.83 22.71 23.93 27.16 29.07 30.52 44.16 70.16 74.55 75.24 96.46 114.15 112.78 111.04 118.84 124.19 121.74 119.23 112.47 106.78 106.78 106.13 101.24 96.91 97.06 95.75 88.16 81.29 80.4 78.05 71.48 65.6 63.1 65.8 84.33 98.11 97.49 102.14 113.47 119.52
