InputMaps/malcataAspect_500.grass
north: 40:14:17.01N
south: 40:12:39.7468N
east: 7:02:14.5154W
west: 7:04:21.43W
rows: 500
cols: 500
[rows 198 to 230 of 500, columns 296 to 369 of 500]
51.25 60.28 67.66 66.05 61.36 50.4 41.23 35.55 30.49 28.85 29.8 30.68 30.95 31.36 33.9 37.69 39.55 39.6 40.69 42.79 44.15 43.86 42.14 39.87 36.28 32.23 29.49 27.3 24.56 21.94 20.1 18.5 18.05 18.9 19.74 20.46 23.96 30.12 34.24 37.46 53.96 78.5 82.12 82.72 97.99 111.13 110.57 109.59 116.49 122.16 121.16 119.77 112.78 106.19 106.19 105.43 99.71 94.56 94.86 93.38 83.84 75.18 73.98 71.58 66.15 61.91 60.63 64.75 84.16 99.44 99.7 105.8 119.18 125.07
56.02 62.31 65.45 62.4 56.26 45.01 36.75 32.33 29.44 31.18 34.72 36.25 37.71 39.89 43.6 47.78 48.92 47.16 46.52 47.28 46.31 43.04 39.41 35.85 30.91 25.37 20.62 16.07 12.07 10.03 9.63 9.63 10.71 13.38 16.23 18.89 24.91 34.5 40.75 45.32 63.72 86.02 88.58 88.71 99.53 109.17 108.94 108.36 114 119.29 119.29 118.83 112.31 105.67 105.67 104.68 97.07 89.91 89.9 88.1 78.15 69.42 68.22 66.3 62.83 60.71 60.71 65.23 81.56 94.88 95.59 105.6 126.54 133.45
58.9 60.67 59.76 56.3 50.42 40.94 33.84 29.61 27.34 30.69 35.83 37.39 39.63 43.56 48.24 52.34 52.26 48.7 47.35 48.11 45.97 40.99 36.78 33.31 28.66 23.51 19.07 14.83 11.44 9.9 9.63 9.63 10.9 13.97 17.06 19.83 26.86 38.54 45.38 49.94 69.96 92.55 94.44 94.03 103.14 111.28 110.92 110.27 114.86 119.29 119.29 118.83 112.31 105.67 105.67 104.34 94.05 84.14 83.48 81.36 73.32 66.45 65.11 63.5 61.65 60.71 60.71 64.38 77.34 87.61 87.26 99.48 127.54 136.54
61.97 59.09 54.66 50.95 45.41 37.44 31.31 27.27 25.49 30.22 37.01 38.59 41.71 47.79 53.65 57.54 55.94 50.32 48.2 48.96 45.64 39.09 34.43 31.08 26.69 21.89 17.74 13.77 10.87 9.78 9.63 9.63 11.09 14.61 17.97 20.87 29.1 43.45 50.88 55.28 76.72 99.01 100.21 99.28 106.64 113.33 112.85 112.13 115.7 119.29 119.29 118.83 112.31 105.67 105.67 104 91 78.48 77.22 74.86 68.73 63.6 62.14 60.84 60.49 60.71 60.71 63.55 73.25 80.41 79.04 93.15 128.52 139.32
65.22 57.55 50.14 46.3 41.14 34.42 29.1 25.25 23.87 29.75 38.26 39.85 43.98 52.68 59.94 63.42 59.96 52.02 49.07 49.83 45.32 37.33 32.34 29.1 24.96 20.48 16.57 12.84 10.35 9.66 9.63 9.63 11.29 15.32 18.97 22.01 31.72 49.44 57.39 61.4 83.88 105.26 105.78 104.37 110.02 115.31 114.73 113.94 116.54 119.29 119.29 118.83 112.31 105.67 105.67 103.66 87.95 73.04 71.26 68.73 64.4 60.88 59.34 58.3 59.36 60.71 60.71 62.74 69.33 73.5 71.26 86.73 129.47 141.81
59.63 46.94 38.73 37.11 34.82 31.4 28.73 27.15 28.32 37.1 46.19 45.76 48.05 54.81 59.25 59.23 50.41 37.53 32.34 31.32 25.98 20.03 17.93 17.52 16.72 15.89 15.63 15.64 16.97 19.43 20.66 21.14 24.83 31.9 36.3 39.14 50.79 67.68 72.38 73.93 89.94 105.89 107.09 106.63 112 117.2 117.14 116.86 119.22 121.96 122.68 122.93 116.31 108.99 109.36 106.92 84.49 65.12 64.3 63.23 61.33 59.67 58.84 59.04 62.7 66.38 67.46 69.67 74.21 77.07 76.96 86.74 111.49 123.4
42.67 29.94 25.82 28.45 30.17 29.93 29.63 30.26 33.55 43.49 51.35 49.44 49.22 50.91 48.37 39.51 22.25 8.68 2.45 357.73 355.31 356.95 0.31 4.17 7.94 11.7 15.73 19.84 24.78 29.65 31.72 32.57 37.97 47.08 51.44 53.65 64.44 77.93 80.82 81.36 91.88 103.26 104.93 105.42 111.65 117.81 118.53 119 121.4 124.44 126.38 127.95 121.78 113.9 115.28 112.92 81.02 57.89 60.09 61.56 60.88 59.78 59.71 61.23 67.76 73.5 74.86 76.81 80 82.04 82.42 88.84 104.09 112.7
51.59 30.5 25.61 28.95 31.04 30.58 30.19 31.04 34.31 43.23 49.66 47.61 46.24 44.91 39.68 29.97 15.47 4.68 359.08 354.4 352.08 354.05 358.15 2.81 7.46 12.13 17.03 21.88 27.05 31.46 33.33 34.22 40.39 50.89 55.53 57.59 68.6 81.97 84.57 84.89 92.76 101.42 102.81 103.31 110.16 116.97 117.8 118.34 119.87 122.09 124.11 125.81 119.62 111.7 113.12 111.1 82.14 61.07 63.55 64.75 62.22 59.81 59.81 62.05 71.33 78.97 79.94 81.35 83.71 85.2 85.45 90.87 103.76 111.19
74 34.78 27.36 30.84 32.73 31.51 30.69 31.56 34.57 42.29 47.43 45.36 43.14 39.76 33.51 24.71 13.12 4.23 359.15 354.82 352.27 353.71 357.98 3.06 8.15 13.34 18.7 23.94 28.84 32.38 33.93 34.82 41.77 53.81 58.83 60.78 72.16 85.68 88.08 88.19 93.6 99.64 100.67 101.1 108.52 115.95 116.8 117.31 117.81 118.92 120.83 122.42 116.13 108.25 109.49 107.79 84.04 66.17 68.32 68.71 63.79 59.81 59.81 62.72 74.89 84.5 84.99 85.83 87.36 88.3 88.39 92.96 103.95 110.37
102.38 40.23 29.35 32.97 34.59 32.49 31.22 32.09 34.83 41.39 45.34 43.27 40.37 35.53 28.85 20.95 11.39 3.86 359.21 355.19 352.45 353.34 357.79 3.35 8.99 14.8 20.73 26.4 30.86 33.35 34.55 35.45 43.22 56.97 62.37 64.18 75.87 89.42 91.6 91.51 94.43 97.83 98.51 98.85 106.85 114.92 115.78 116.27 115.66 115.55 117.31 118.76 112.42 104.66 105.69 104.36 85.95 71.7 73.42 72.9 65.4 59.81 59.81 63.39 78.57 90.15 90.13 90.37 91.04 91.42 91.35 95.04 104.14 109.55
110.66 50.37 33.1 35.39 35.61 32.18 30.45 31.36 33.74 38.84 41.2 38.59 34.69 28.73 22.08 15.2 8.3 4.47 3.86 4.27 5.14 7.1 9.71 12.29 15.54 20.34 26.02 31.44 35.14 37.2 39.17 41.2 50.35 64.25 68.75 69.73 79.7 91.59 93.63 93.6 95.05 96.8 97.23 97.49 106.53 116.01 117.65 118.96 118.11 117.22 118.94 120.25 112.76 103.56 104.77 103.85 86.57 72.8 74.43 72.91 62.03 55.76 57.39 63.09 82.07 95.6 95.16 94.78 94.45 94.25 94.12 97.64 106.56 112.13
104.39 56.96 36.57 37.03 35.58 31.11 29.15 30.1 32.05 35.46 35.99 32.62 27.87 21.57 15.51 9.73 5.32 5.69 10.65 16.94 22.29 25.13 24.86 23.33 23.71 27.62 32.89 37.63 40.71 42.94 45.97 49.1 58.49 70.43 73.7 74.08 81.3 90.31 92.09 92.23 94.01 96.1 96.51 96.7 106.28 117.07 120.25 123.51 124.66 124.63 126.27 127.27 116.83 103.22 105.07 104.8 84.71 68.22 70.22 67.73 54.3 50.49 55.85 64.7 86.44 100.55 99.92 98.87 96.99 95.89 95.96 100.01 110.35 117.4
97.36 56.3 37.38 37.38 35.6 31.1 29.19 30.16 31.69 33.64 32.94 29.46 24.67 18.59 13.05 7.9 4.49 6.47 14.12 22.71 28.29 29.14 27.38 25.05 25.68 31.25 37.42 42.06 45.13 47.58 50.85 54.11 62.71 72.82 75.47 75.72 80.71 86.84 87.85 87.66 90.73 94.62 95.21 95.35 103.39 112.99 116.31 120.03 123.86 126.32 127.83 128.56 115.26 97.04 98.24 97.8 81.98 69.24 71.16 69.14 57.93 56.19 62.39 71.54 91.93 104.23 103.47 101.63 97.64 95.13 95.27 99.12 109.08 116.23
89.96 53.95 37.38 37.38 35.73 31.52 29.74 30.72 31.83 32.48 30.89 27.55 22.94 17.14 11.97 7.23 4.34 7.14 16.8 26.66 30.89 28.96 26.24 23.98 25.62 33.8 41.56 46.29 49.55 52.21 55.43 58.52 66 74.33 76.49 76.73 79.62 82.92 83.09 82.47 86.95 92.89 93.69 93.79 99.56 106.7 109.28 112.28 118.78 124.27 125.75 126.31 110.4 88.65 88.42 87.26 80.09 74.99 76.43 75.64 69.36 68.74 73.1 80.51 97.54 107.35 106.44 103.81 97.66 93.64 93.73 96.94 105.41 111.64
82.56 51.72 37.38 37.38 35.86 31.95 30.32 31.31 31.97 31.38 29.06 25.85 21.42 15.9 11.06 6.67 4.19 7.95 20.68 32.12 33.96 28.79 25.19 22.99 25.56 36.73 46.52 51.2 54.63 57.5 60.58 63.38 69.47 75.86 77.51 77.74 78.54 79.07 78.43 77.41 83.2 91.15 92.17 92.22 95.64 99.98 101.59 103.56 113.16 122.12 123.56 123.92 105.21 80.32 78.69 76.9 78.22 81.06 81.94 82.54 82.77 83.81 85.16 89.97 103 110.36 109.32 105.95 97.67 92.13 92.19 94.74 101.6 106.74
71.19 40.8 29.7 30.52 30.06 27.6 27.06 28.77 29.82 29.32 28 26.72 24.19 20.27 17.06 14.57 15.24 24.99 39.65 45.58 40.68 31.98 29.14 29.18 35.05 49.64 58.44 60.54 62.13 63.5 65.08 66.61 70.76 75.26 76.28 76.23 75.1 73.31 72.05 70.81 78.58 89.39 90.73 90.75 92.17 93.99 94.64 95.53 109.18 123.58 127.06 129.67 103.61 59.41 49.68 35.76 29.83 38.9 32.7 46.19 119.7 116.65 105.79 108.1 123.01 129.14 126.22 119.53 103.02 91.09 91.14 94.73 104.7 112.69
36.72 16.09 13.18 16.05 18.1 18.68 20.35 23.59 26.07 27.2 28.35 30.08 30.13 28.08 26.85 26.82 31.4 46.04 57.62 57.31 48.03 38.02 37.08 39.98 48.42 62.12 67.87 67.89 67.53 66.91 66.51 66.22 68.09 70.55 70.34 69.15 66.32 63.39 62.32 61.61 72.24 86.9 88.67 88.61 88.08 87.38 87 86.73 104.49 127.36 138.98 155.09 24.22 338.02 321.27 308.5 291.17 279.26 277.98 274.64 262.7 252.76 250.83 243.16 222.84 209.97 204.53 202.89 224.24 275.97 275.07 266.52 250.33 244.78
5.67 3.07 5.17 9.23 12.74 15.03 17.97 22.12 25.45 27.48 29.78 32.8 33.56 31.65 30.87 31.63 37.01 50.97 60.12 58.52 50.45 42.33 42.63 46.41 54.53 65.53 69.51 69.09 67.95 66.28 64.98 63.84 64.2 64.93 63.47 61 58.43 57 56.79 56.79 68.3 84.03 85.84 85.64 83.18 80.03 78.67 77.24 92.28 117.13 136.59 183.6 311.52 324.12 314.25 305.95 293.32 283.91 282.09 278.19 265.38 255.66 255.12 251.13 238.12 228.56 225.71 228.53 252.52 275.29 275 271.74 264.31 260.38
5.33 3.21 5.57 9.94 13.72 16.26 19.46 23.89 27.35 29.35 31.67 34.78 35.13 32.44 31.33 32.1 37.15 49.71 57.53 55.86 50.45 45.41 46.61 50.37 57.26 65.63 68.42 67.98 66.44 64.19 62.67 61.45 61.19 60.98 59.09 56.38 55.56 56.55 56.79 56.79 67.37 81.69 83.23 82.9 78.95 74 71.89 69.57 77.19 89.85 89.69 336.59 330.48 330.96 321.77 313.63 301.66 292.01 289.27 283.93 266.66 253.64 253.04 248.77 235.27 225.64 222.79 225.85 252.49 278.6 278.13 274.73 267.15 263.04
5.02 3.37 6.03 10.75 14.87 17.71 21.21 25.94 29.54 31.46 33.77 36.97 36.84 33.27 31.81 32.58 37.3 48.5 55.09 53.36 50.45 48.87 51.2 54.83 60.18 65.73 67.34 66.88 64.96 62.17 60.45 59.17 58.34 57.3 55.08 52.21 52.87 56.11 56.79 56.79 66.45 79.37 80.64 80.2 74.85 68.3 65.59 62.6 63.69 62.63 43.12 357.21 339.31 335.75 327.42 319.75 308.74 299.28 295.87 289.4 267.95 251.66 250.99 246.49 232.61 223 220.16 223.39 252.46 281.85 281.21 277.7 270 265.73
358.56 359.86 2.95 7.02 10.78 13.83 17.51 22.21 25.88 27.98 30.55 34.03 33.9 30.47 29.71 31.42 36.62 47.38 53.64 52.66 52.23 53.38 55.76 58.21 61.22 63.73 64.01 63.21 60.63 57.16 55.16 53.75 52.56 51.25 49.28 46.97 49.23 54.34 55.19 54.93 63.54 75.31 76.01 74.94 67.31 58.53 54.79 50.67 46.26 36 15.04 349.95 340.85 338.01 331.57 325.3 315.85 306.88 302.81 295.33 269.93 251.05 251.1 247.22 233.81 224.37 221.63 225.02 254 282.92 282.56 279.75 273.29 269.64
344.22 351.02 354.28 355.84 357.7 0.27 3.38 6.87 10.12 12.94 16.22 20.14 21.7 21.44 23.75 28.13 35.33 47.16 54.33 55 56.15 57.5 58.02 58.03 57.85 57 55.3 53.16 49.32 45.19 42.96 41.41 40.59 40.57 40.46 40.27 44.38 50.24 50.59 49.54 56.07 65.34 63.39 58.55 45.92 34.59 29.27 23.68 15.76 4.08 350.63 338.86 337.71 337.88 334.25 330.41 323.52 315.68 310.87 302.59 274.45 254.19 255.47 252.27 238.81 229.14 226.56 229.94 255.74 280.65 280.84 280.04 277.48 275.56
335.44 345.76 349.19 349.19 349.69 351.5 353.86 356.2 358.8 1.95 5.62 9.63 12.94 15.95 21.06 27.68 36.51 48.98 56.42 57.89 58.7 58.29 57.06 55.56 53.28 50.14 46.89 43.46 39.18 35.48 33.48 31.99 32.08 33.97 35.73 37.25 41.91 46.93 46.6 44.95 48.61 52.89 46.92 36.92 23.44 14.47 9.62 4.8 358.76 351.26 343 336.01 336.72 337.9 335.71 333.28 328.6 322.36 317.29 309.12 281.77 260.81 261.93 257.53 240.99 229.81 227.31 230.48 254.5 278.08 278.4 280.03 282.96 283.14
333.48 345.44 349.19 349.19 349.62 351.25 353.6 356.03 358.75 2.08 6.05 10.36 14.2 18.1 24.11 31.37 40.44 52.17 58.78 60.2 59.65 57.06 54.89 53.35 50.71 47.06 43.63 40.22 36.79 34.21 32.54 31.07 31.85 34.8 36.87 38.41 42.15 45.62 44.96 43.31 44.9 45.64 39.06 29.69 19.95 13.32 8.87 4.42 358.89 352.4 345.14 338.77 338.3 338.78 336.65 334.43 331.04 326.2 321.29 313.8 289.52 268.8 268.94 262.28 240.49 227.11 224.59 227.55 251.33 275.93 276.17 280.41 289.28 291.65
331.22 345.11 349.19 349.19 349.54 350.99 353.32 355.86 358.68 2.23 6.55 11.2 15.72 20.9 28.11 36.05 45.13 55.65 61.28 62.61 60.63 55.86 52.83 51.25 48.32 44.27 40.72 37.37 34.65 33.02 31.64 30.19 31.61 35.67 38.08 39.64 42.39 44.37 43.4 41.76 41.61 39.82 33.17 24.67 17.33 12.34 8.24 4.1 359 353.28 346.81 340.98 339.7 339.58 337.52 335.48 333.16 329.4 324.7 317.85 296.6 276.82 275.99 267.13 240 224.62 222.1 224.87 248.27 273.77 273.91 280.79 295.15 299.27
318.42 338.33 345.94 348.15 350.52 353.16 355.87 358.54 1.47 5.22 9.87 14.82 19.81 25.75 33.3 40.92 49.07 57.67 62.06 63.19 59.54 52.62 48.98 47.61 44.58 40.27 36.69 33.44 31.35 30.61 29.64 28.39 30.29 34.89 37.02 38.01 39.43 40 38.84 37.3 35.72 32.03 25.43 17.73 11.45 6.38 1.46 356.57 352.44 348.78 344.24 340.15 339.54 339.74 338.28 336.93 335.9 333.32 329.13 323.09 304.52 285.29 283.53 272.05 238.14 221.61 220.22 224.04 247.5 271.84 271.88 280.02 297.34 303.2
294.25 316.32 332.87 343.36 354.53 2.68 6.71 9.47 12.48 16.4 21.18 25.97 30.27 34.26 38.59 42.94 48.06 53.54 55.98 56.08 50.19 41.8 38.78 38.68 36.37 32.26 28.9 25.97 24.55 24.75 24.57 24.01 25.84 28.78 28.2 26.31 25.12 24.55 23.77 22.91 20.74 16.18 10.19 3.84 357.18 349.08 341.7 334.99 332.52 332.93 332.73 332.77 335.61 338.13 338.67 339.37 340.63 339.92 337.14 332.85 317.87 298.33 295.86 279.35 231.84 217.32 220.43 228.38 252.38 271.61 271.57 277.89 292.54 299.69
284.08 299.12 316.89 334.64 357.76 11.21 15.2 17.92 21.05 25.47 30.49 34.97 38.36 40.21 41.63 43.25 45.39 47.45 47.37 45.75 38.87 31.6 30.29 31.71 30.11 26.13 23.03 20.47 19.56 20.44 20.9 20.9 22.23 22.89 19.7 15.2 12.01 10.93 10.81 10.81 9.13 5.23 0.41 355.47 349.19 340.67 333.1 326.48 322.63 322.7 324.62 326.9 332.04 336.33 338.32 340.62 343.7 344.36 342.73 339.92 328.78 311.67 309.57 290.6 229.17 217.27 224.35 235.12 257.97 273.17 273.04 277.82 289.47 296.2
279.61 287.57 299.87 318.61 356.43 13.24 15.99 18.83 22.32 27.67 33.5 38.18 41.23 42.19 43.15 44.77 46.16 46.63 45.71 44.09 38.29 32.15 31.15 32.6 30.15 25.27 22.01 19.54 18.92 20.27 20.9 20.9 21.69 21.48 18.24 14.04 11.42 10.84 10.81 10.81 8.78 4.84 0.38 355.83 350.29 343.09 336.29 330.15 323.98 321.22 323.17 325.51 330.93 335.44 337.49 339.98 343.78 344.81 343.22 340.52 330.02 314.03 311.92 296.2 238.7 224.17 231.29 241.84 262.72 275.65 275.41 279.42 289.39 295.26
275.02 274.37 274.61 279.05 351.31 16.13 16.86 19.84 23.74 30.24 37.09 41.93 44.47 44.33 44.75 46.37 46.94 45.83 44.14 42.52 37.73 32.72 32.06 33.53 30.19 24.46 21.07 18.69 18.32 20.1 20.9 20.9 21.19 20.22 16.98 13.04 10.88 10.75 10.81 10.81 8.45 4.5 0.35 356.14 351.19 344.98 338.84 333.15 325.26 319.64 321.62 324.01 329.73 334.49 336.6 339.3 343.85 345.24 343.68 341.08 331.17 316.22 314.1 301.31 250.62 233.32 239.89 249.52 267.58 278.1 277.77 281 289.3 294.31
270.42 260.78 248.06 233.23 222.4 14.71 14.61 18.23 22.99 31.12 39.47 44.68 46.61 44.95 44.45 45.78 45.41 43.04 41.13 40.05 36.6 32.91 32.66 34.16 29.99 23.68 20.42 18.41 18.58 21.06 22.21 22.3 22.28 21.01 18.16 14.86 13.73 14.67 14.82 14.67 11.45 7.21 3.52 359.82 355.64 350.53 345.17 340.03 331.56 323.77 325.97 328.59 334.32 338.71 340.48 342.85 347.03 348.16 346.61 344.18 335.41 321.57 318.73 307.81 264.25 244.26 249.48 257.53 272.46 280.82 280.39 282.97 289.89 294.14
262.1 240.55 226.94 225.47 240.54 319.2 343.74 351.62 359.78 9.94 21.82 30.92 33.61 28.72 23.77 20.12 17.23 17.98 22.7 28.56 30.82 30.04 30.51 32.14 28.07 22.85 21.54 21.8 24.62 29.85 32.34 33.08 33.74 33.94 33.63 33.21 36.29 40.94 41.18 40.3 34.25 28.65 26.93 25.6 24.47 23.4 22.17 20.96 25.79 35.34 36.4 36.95 32.13 26.89 24.25 20.66 13.95 10.03 8.49 7.14 5.81 359.04 348.25 333.77 284.66 251.4 255.86 263.77 279.1 287.51 287.06 290.12 297.88 302.12
214.77 205.45 220.73 237.12 256.58 293.79 315.75 324.01 332.56 340.35 351.73 5.85 12.25 6.87 358.79 349.76 343.22 344.75 358.72 17.25 27.1 27.89 28.5 30.26 26.75 22.86 23.3 25.46 30.26 37.17 40.35 41.45 42.51 43.54 44.53 45.49 49.41 53.72 53.78 52.84 47.23 42.23 41.71 41.71 42.45 43.71 44.71 45.75 54.19 63.85 63.85 63.35 56.77 49.71 46.52 41.92 32.39 26.5 25.26 24.68 26.89 24.84 12.7 359.4 326.7 265.67 267 273.83 289.17 297.64 297.64 302.36 312.05 315.88
