InputMaps/malcataSlope_300.grass
north: 40:14:17.01N
south: 40:12:39.7468N
east: 7:02:14.5154W
west: 7:04:21.43W
rows: 300
cols: 300
[rows 70 to 104 of 300, columns 156 to 233 of 300]
43.3 23.7 13.23 9.5 11.8 14.53 19.62 15.72 2.26 13.15 15.15 16.53 14.73 11.82 13.61 21.21 27.13 32.23 38.18 41.9 44.21 45.58 49.96 54.27 66.76 84.48 87.28 80.72 75.69 71.46 63.95 45.99 26.26 16.73 8.83 5.23 9.57 13.89 14.11 13.4 13.59 17.53 21.46 19.03 16.35 17.35 20.14 22.51 26.04 28.07 26.85 26.55 24.45 19.95 17.31 11.06 10.45 12.22 14.28 16.07 18.17 20.66 22.14 23.14 23.22 21.44 16.32 8.65 6 5.57 15.55 16.96 13.24 8.72 10.71 12.09 8.17 5.79
44.62 22.87 13.63 11.67 13.82 16.21 20.67 17.34 4.57 9.14 14.65 20.36 15.84 7.28 7 15.99 22.95 27.81 33.45 38.27 42.35 44.42 48.32 52.22 62.34 77.06 81.84 80.01 77.62 77.48 74.5 54.57 31.22 20.66 11.85 3.56 5.75 12.63 13.59 13.87 14.04 16.2 18.76 17.42 15.62 16.5 18.94 21.59 28.08 33.11 30.6 28.46 24.78 17.58 13.95 10.31 11.48 13.22 15.26 17.06 19.39 22.02 23.09 24.14 24.25 21.09 15.04 9.77 9.04 6.22 21.23 18.72 9.83 1.99 9.56 16.4 10.86 5.71
45.06 21.71 15.84 16.61 18.67 20.37 23.74 21.11 13.24 14.61 18.77 24.32 17.95 8.93 6.14 8.35 12.98 16.65 21.41 26.53 32.68 36.32 40.82 44.98 53.35 64.48 67.83 67.82 68.97 76.48 81.8 64.54 42.81 33.3 25.19 16.41 3.35 8.16 12.01 15 15.83 16.52 17.7 16.83 15.31 15.6 17.04 19.12 28.09 36.11 33.47 30.64 27.32 21.79 20.96 21.03 21.52 21.61 22.24 22.94 24.22 25.56 24.88 24.45 23.56 20.41 15.89 13.76 14.11 9.75 23.94 16.62 3.47 5.37 8.43 19.59 13.83 8.42
44.34 21.78 18.25 21.75 24.8 26.33 29.02 26.97 23.48 28.79 31.54 29.21 21.33 16.73 18.75 19.55 16.07 12.98 13.66 17.16 24.29 28.71 33.48 37.69 45.79 55.63 56.32 53.81 55.74 69.54 81.8 70.92 55.33 48.08 41.3 32.47 15.5 0.4 8.87 15.58 17.77 17.85 18.02 16.98 15.34 15.23 16.3 17.86 25.93 33.81 33.22 33.49 34.82 34.59 35.33 35.15 33.66 31.69 30.55 29.75 29.37 28.92 26.54 24.64 22.83 20.63 18.04 17.07 18.39 14.87 19.01 11.51 3.8 5.03 9.51 21.17 16.54 12.57
43.16 23.07 18.9 22.26 25.95 27.5 30.1 27.74 25.45 33.1 33.66 27.41 20.36 18.77 21.57 22.01 17.38 11.93 10.83 13.55 21.01 25.64 30.32 34.49 43.43 54.27 53.15 46.38 46.76 62.52 76.82 70.16 58.74 53.28 49.8 44.43 26 9.25 8.12 14.76 18.13 18.13 18.13 17.36 16.07 16.3 18.02 19.28 23.23 28 28.65 30.74 34.45 36.56 37.9 37.76 35.84 33.39 31.84 30.73 29.95 29.09 26.56 24.57 22.84 21.83 19.83 17.52 18.14 15.76 10.22 4.8 4.71 1.57 11.62 21.41 18.81 16.83
40.34 20.9 13.2 15.9 22.19 25.54 30.29 30.97 32.19 39.4 37.18 32.93 29.23 29.2 30.59 30.05 28.56 25.38 23.33 22.05 23.31 23.96 26.35 29.4 39.27 51.83 49.68 38.95 35.36 49.81 63.74 58.38 49.89 49.05 53.37 54.67 37.92 20.55 10.73 11.9 17.25 17.74 17.41 16.02 15.34 17.42 20.93 22.82 24.2 26.76 27.69 29.79 33.64 36.7 39.12 40.36 39.9 38.44 36.97 35.02 31.9 27.41 22.05 18.32 16.34 17.91 17.58 13.89 13.33 13.04 8.64 3.32 2.18 5.93 15.58 23.5 22.89 22.69
46.08 28.37 16.27 8.48 15.99 21.53 29.22 35.74 41.33 46.03 42.6 42.19 42.87 43.12 42.14 41.26 43.32 44.98 45.57 44.43 40.88 34.76 30.25 28.05 35.22 47.91 45.88 34.79 29.17 40.65 51.78 45.17 36.92 40.35 52.26 59.55 48.78 34.94 19.19 8.01 15.57 17.71 18.08 14.22 12.37 16.8 22.89 27.46 30.29 31.83 30.98 31.53 34.23 37.38 40.91 43.83 45.35 45.47 44.24 41.19 35.06 25.6 16.44 10.69 9.73 14.07 14.51 9.34 7.34 8.99 10.33 10.05 11.34 14.47 21.77 28.99 28.94 27.95
52.63 37.72 26.89 12.53 12.65 18.87 27.48 36.91 44.32 47.34 44.21 44.72 46.67 46.76 45.05 44.37 47.15 50.34 51.75 50.68 45.86 37.66 30.15 24.98 29.87 42.79 42.27 34.55 30.65 38.38 45.65 38.2 29.41 34.37 49.61 59.51 55.89 49.32 30.15 7.44 14.12 18.69 21.26 13.69 9.34 14.67 21.41 27.19 31.62 33.67 31.84 31.84 34.27 37.6 41.53 44.75 46.79 47.4 46.25 43.02 37.15 28.36 18.43 12.06 11.5 13.71 13.04 7.43 5.31 7.19 9.7 11.54 14.18 17.28 24.75 32.36 31.33 28.85
55.84 44.86 36.63 17.77 4.59 7.43 13.87 21.52 28.33 31.43 29.04 30.3 33.63 34.2 32.63 32.43 35.49 38.55 38.48 36.2 33.1 29.42 26.2 24.61 29.09 39.99 39.89 35.15 32.98 36.95 40.43 31.84 20.91 25.05 42.36 54.18 58.26 60.7 40.58 9.09 8.25 18.62 25.2 16.54 12.3 14.46 17.91 21.69 26.07 29.7 28.66 29.06 31.27 34.07 37 38.85 40.13 40.28 38.55 35.42 33.59 31.53 23.43 16.74 14.84 13.88 12.27 7.58 6.51 7.78 9.69 11.83 14.8 18.08 26.58 35.06 33.03 29.79
56.67 49.54 43.63 20.33 7.78 11.91 15.88 16.59 17.86 19.18 14.68 12.16 14.62 14.71 13.27 14.33 18.55 20.08 17.44 13.57 13.37 17 22.73 29.3 36.86 44.31 43.14 38.98 36.23 36.85 37.52 28.5 16.43 18 34.33 45.81 54.63 63.4 49.17 23.33 5.52 15.11 27.44 22.96 18.48 15.69 14.55 14.95 17.97 22.57 23.58 24.99 26.75 28.5 29.74 29.55 29.69 29.15 26.95 24.62 28.28 32.3 26.69 20.84 17.85 14.6 12.66 9.46 8.84 9.4 10.64 12.55 15.52 19.01 28.81 38.43 35.72 32.28
56.57 52.43 48.1 19.57 15.01 18.19 23.81 25.37 25.15 24.8 21.35 17.8 13.16 7.71 5.97 10.13 16.56 13.51 11.33 6.53 6.4 13.79 24.03 33.84 41.64 46 43.79 39.39 35.84 35.08 34.8 26.58 16.23 16.53 28.64 37.65 47.43 58.07 52.24 36.9 21.62 11.79 25.75 25.44 21.36 16.86 14.06 12.94 14.12 17.97 21.1 23.57 25.22 26.55 27.11 26.16 25.87 25.33 24.34 23.39 28 32.33 28.32 23.73 19.69 14.66 12.49 10.19 9.7 10.06 11.18 13.13 16.26 20.03 31.24 41.99 38.22 33.91
54.61 52.42 49.43 16.95 19.81 16.45 22.23 25.89 26.63 26.92 26.06 25.08 16.5 3.34 1.07 10.68 19.12 10.52 13.32 10.73 13.77 21.92 30.69 38.75 42.19 41.82 38.37 34.85 32.77 32.64 32.29 25.33 17.14 16.7 23.85 29.35 38.68 48.87 48.8 45.38 35.75 9.53 14.97 17.03 15.82 13.16 11.34 11.17 12.07 15.12 18.42 20.5 21.43 22.03 21.86 20.25 19.74 20.13 22.75 24.19 28.3 31.7 29.13 26.16 21.76 16.12 14.44 13.37 13.2 13.8 15.63 18.28 21.73 25.55 36.08 45.96 40.24 33.87
53.51 49.09 44.77 13.26 22.65 13.44 18.79 24.68 26.87 28.18 29.06 29.99 21.5 10.03 7.79 14.18 22.48 9.6 10.71 17.33 25.71 32.2 37.78 42.64 40.58 34.87 30.49 29.98 31.35 32.25 31.84 26.73 21.44 21.23 23.39 23.75 32.07 42.18 43.57 45.65 40.58 17.63 9.38 8.72 11.03 9.3 5.68 6.48 9.65 12.4 14.17 14.7 14.23 13.54 12.21 9.42 8.42 10.97 18.81 22.68 26.79 29.86 28.58 27.39 24.27 20.27 19.74 19.62 19.67 20.69 23.8 27.62 31.71 35.47 42.74 48.46 40.52 32.17
51.78 42.39 34.65 9.04 23.28 12.33 16.72 23.35 26.5 28.5 29.56 30.97 24.39 15.13 12.16 18.15 26.15 16.11 10.63 22.36 32.25 36.92 40.73 43.86 38.34 29.25 24.74 28.51 33.14 33.01 31.47 27.66 24.04 23.88 23.23 20.03 28.42 40.3 39.65 38.8 35.88 23.05 15.76 12.16 13.2 9.64 2.36 4.32 9.04 11.5 12.3 11.89 10.63 9.06 7.09 4.32 3.23 7.7 16.95 20.99 24.6 27.38 26.65 26.35 24.54 22.09 22.23 22.5 22.63 24.05 28.32 32.69 37.06 40.64 45.08 46.83 38.41 30.06
46.34 33.32 23.71 5.29 20.73 7.98 12.4 19.47 23.32 25.92 26.42 27.3 21.87 13.37 10.95 19.43 28.01 22.91 18.57 24.15 30.22 33.38 36.99 39.56 32.04 22.83 20.17 27.6 33.76 30.9 28.04 25.37 22.71 22.72 21.81 19.16 26.95 38.92 35.26 29.77 26.58 19.34 13.76 9.76 10.65 6.13 4.04 8.27 8.98 10.16 10.91 10.56 9.51 8.04 6.19 4.41 3.63 7.35 15.68 19.58 23.06 25.82 25.55 25.46 24.01 22.23 22.71 23.44 24.14 26.19 30.91 34.43 37.77 40.21 42.4 42.16 35.06 28.32
40.5 25.83 16.21 1.49 15.11 10.46 16.65 20.89 23.4 25.05 23.28 21.62 16.87 9.48 8.46 18.84 27.39 27.34 26.74 26.33 25.99 26.81 29.63 31.17 22.03 13.42 15.07 24.38 30.07 26.92 24.68 22.68 20.45 21.16 22.66 25.44 32.47 38.28 31.45 22.78 17.77 12.21 9.17 6.3 5.88 1.33 6.9 10.18 8.33 7.84 8.02 7.85 7.53 6.98 6.27 5.45 4.57 7.11 13.83 18.34 22.94 26.34 26.93 26.99 25.16 23.48 24.2 25.63 27.54 30.44 34.45 36.08 37.34 37.8 37.98 36.96 31.68 27
36.79 21.76 12.51 3.41 9.83 17.19 23.85 25.78 26.54 26.61 22.13 16.81 12.71 8.21 8.42 17.17 24.22 28.8 33.06 31.21 27.45 26.17 26.7 26.49 18.59 10.53 13.6 20.62 24.29 25.64 27.14 24.69 21.99 22.86 25.96 31.61 36.98 35.54 27.03 18.27 12.84 7.75 5.66 4.89 1.38 3.41 7.71 9.04 8.57 8.8 7.27 6.38 6.47 6.47 6.44 6.13 5.36 6.62 11.09 16.24 22.17 26.29 27.8 28.26 25.94 24.14 25 26.91 29.61 32.97 36.17 36.62 36.56 35.85 34.97 33.58 29.65 26.44
34.42 19.93 11.29 9.24 12.89 21.24 26.31 27.43 27.69 27.13 21.7 15.13 11.42 9.44 10.35 15.77 19.91 27.67 36.62 35.31 30.77 28.68 27.01 25.02 19.71 14.71 16.43 19.07 19.59 24.83 30.7 28.34 25.29 25.74 28.52 32.37 31.78 26.04 18.98 12.27 8.06 4.58 3.44 4.23 4.23 5.93 7.84 8.4 9.84 11.57 8.77 6.6 6.11 5.41 4.53 4.06 4.16 4.63 7.2 12.21 18.61 23.21 25.69 27.87 27.08 26.25 27.03 28.57 30.8 33.32 35.22 34.71 33.89 32.74 31.37 29.62 26.32 23.64
33.49 22.31 18.16 21.15 25.36 29.85 33 34.62 35.2 34.45 30.72 27.76 26.69 26.07 25.87 26.79 27.19 32.25 40.07 38.27 33.86 31.66 29.33 27.59 24.75 21.87 22.34 23.15 23.2 28.04 33.42 30.31 26.57 25.82 27.01 27.82 20.16 11.92 9.14 6.13 4.83 3.66 2.57 4.86 7.3 8.4 10.3 12.88 14.93 14.9 10.56 7.17 5.38 3.4 2.99 4.19 3.94 1.56 2.45 6.6 12.77 17.74 20.7 26.02 30.68 32.68 32.83 32.79 33.2 33.18 32 29.31 27.22 25.46 23.66 21.83 19.03 16.53
32.58 26.29 26.05 30.07 33.1 35.5 37.95 40.04 40.74 39.94 37.83 37.44 38.36 38.26 37.39 37.18 37.07 38.82 41.3 38.07 34.88 33.48 31.9 31.5 29.42 26.48 26.28 27.29 28.68 31.75 33.17 28.97 25.04 23.55 23.78 24.08 16.56 9.2 7.85 5.99 5.31 5.26 5.89 7.71 8.3 9.8 14.24 18.54 19.12 16.25 11.12 8.01 6.35 6.41 8.44 8.44 6.76 4.11 4.72 4.74 8.42 13.58 15.96 23.94 32.9 36.85 36.57 35.37 34.47 32.51 28.83 24.62 22.02 20.12 18.14 16.39 14.22 12.3
29.36 27.63 29.07 31.55 33.21 35.04 36.91 38.16 37.67 36.27 34.52 34.16 34.93 35.05 34.85 35.3 35.69 36.55 37.07 34.79 34.13 34.08 33.43 33.61 30.26 26.11 25.68 26.74 27.82 28.95 28.34 25.1 22.49 21.17 20.49 20.04 14.38 8.9 7.54 5.58 5.33 7.38 9.24 8.16 6.44 9.51 16.87 20.19 15.17 10.53 7.16 7.09 7.89 10.32 11.76 6.6 4.51 4.87 8.15 7.35 6.68 11.23 13.84 23.24 30.13 33.5 33.65 32.71 31.95 29.96 26.36 22.63 20.55 19.01 17.17 15.51 13.78 12.33
26.74 28.8 31.37 31.03 29.72 29.82 29.93 29.12 26.4 24.06 22.28 21.41 22.03 23.57 26.24 29.65 32.21 34.3 35.53 35.11 35.79 35.8 35.18 35.07 29.99 24.18 22.92 23.09 22.87 22.73 22.46 21.51 21.08 20.46 18.62 16.63 12.38 8.58 7.21 5.11 5.05 7.93 10.12 7.5 5.13 9.5 18.05 20.93 13.27 8.33 6.6 6.59 7.33 10.4 12.2 7.1 6.37 7.29 9.94 8.39 4.07 7.04 11.12 20.7 20.5 20.87 22.38 22.94 23.11 22.25 21.13 20.27 20.23 20.03 19.54 19.38 19.01 18.47
30.41 32.71 34.96 31.08 26.46 25.55 24.69 22.76 18.62 15.62 14.03 12.91 14.03 17.21 21.75 26.86 30.63 33.62 35.74 36.48 37.03 36.29 35.41 34.95 28.93 22.31 20.36 19.54 18.33 18.48 19.51 20.16 21.32 20.96 17.59 13.89 11.02 9.1 7.85 5.99 5.52 6.45 7.76 7.56 8.11 11.63 19.38 25.25 24.98 21.69 16.86 11.72 6.54 5.23 10.48 13.68 13.23 10.71 9.35 6.85 2.81 3.8 10.8 20.2 15.65 11.89 13.99 15.85 16.71 16.77 17.54 18.93 20.46 21.29 22.08 23.36 24.06 24.16
36.39 37.82 39.05 31.58 24.35 23.71 23.14 21.48 17.64 14.95 13.91 13.19 15.33 20.21 24.76 28.71 31.64 33.73 34.82 34.79 34.25 32.92 32.34 32.17 25.95 19.17 17.14 16 14.67 16.06 18.31 19.31 20.9 19.65 13.97 9.18 8.29 8.25 6.94 4.86 4.09 4.51 6.66 9.12 10.7 12.91 17.95 23.34 25.48 23.32 18.26 12.59 7.05 2.06 7.42 12.1 12.3 9.76 7.3 4.98 3.63 4.61 12.55 21.28 16.72 11.83 12.9 14.67 15.6 16 16.91 18.33 19.71 20.38 21.25 22.44 22.54 22.29
38.47 39.88 40.2 29.19 19.02 19.55 20.34 19.85 17.04 15.8 15.76 15 17.34 23.4 27.43 29.18 30.25 30.22 28.93 27.08 24.89 22.89 23.04 23.82 17.73 10.44 9.07 9.38 10.36 14.58 18.34 19.8 21.75 20.61 15.69 13.29 14.12 16.36 18.86 21.15 23.44 25.49 27.29 28.39 28.2 27.65 28.18 29.26 29.46 27.13 21.31 15.6 11.53 8.41 6.95 4.78 6.54 7.12 7.06 6.68 7.05 8.1 14.09 21.13 15.74 8.1 6.16 7.58 9.77 11.3 12.56 13.91 14.88 14.91 14.86 14.54 13.11 12.34
34.45 38.48 40.52 30.38 20.45 20.69 21.69 21.22 18.28 17.72 17.74 16.36 18.6 25.71 29.49 29.28 28.71 26.56 22.87 19.67 16.57 15.15 17.68 21.26 20.35 18.54 18.22 18.46 19.48 22.57 25.89 27.73 30.28 31.32 29.36 26.49 25.16 28.12 33.29 37.97 41.95 44.5 45.27 44.68 42.85 40.32 37.9 35.48 33.92 31.95 25.28 19.08 15.48 12.61 10.64 5.42 1.34 4.92 7.41 8.94 10.07 10.58 14.28 19.24 13.29 4.39 2.25 6.18 9.25 9.35 9.71 10.64 10.89 10.2 9.08 8.05 8.9 10.05
27.81 35.09 39.18 31.08 23.11 23.84 25.42 24.74 20.81 19.49 18.11 15.96 18.67 27.2 31.15 29.55 27.98 24.42 19.33 15.5 11.53 9.68 12.78 17.01 18.48 18.62 18.51 18.58 19.56 22.47 25.69 27.4 29.82 31.74 31.41 29.31 27.03 29.98 34.79 39.19 42.85 45.08 45.77 45.23 43.61 41.18 38.89 36.69 36.77 36.99 29.89 22.86 18.8 14.87 12.35 8.38 4.66 5.6 7.08 8.42 9.38 9.71 12.57 16.29 10.36 1.53 1.7 7.89 13.07 11.22 9.79 9.97 9.35 8.09 5.89 3.83 7.43 11.19
23.41 31.89 36.85 31.12 25.61 26.32 27.3 26.16 22.07 20.62 18.24 17.03 20.68 27.37 28.72 23.93 20.01 14.67 9.26 8.76 9.86 13 17.25 20.76 22.42 23.37 23.94 24.73 26.46 29.57 33.28 36.64 42.42 49.69 54.62 55.75 53.95 53.07 52.23 52.04 52.22 52.21 52.23 51.77 50.39 47.91 45.14 42.2 43.01 44.96 38.39 31.61 27.7 23.59 20.88 18 14.44 11.16 8.01 6.15 5.22 5.17 9.32 14.3 12.92 12.51 13.2 15.72 19.78 16.54 13.41 12.25 11.59 12.26 13.83 16.68 19.91 22.93
22.4 29.7 33.77 30.92 28.49 27.62 25.88 25.06 24.62 25 20.63 19.09 22.76 24.67 22.11 16.55 14.76 15.12 16.36 18.61 20.94 23.52 25.86 27.22 27.3 27.95 29.04 30.61 33.07 36.51 40.8 45.98 55.62 67.55 76.35 80.23 78.96 74.09 67.96 63.54 60.6 58.74 58.2 57.81 56.72 54.31 51.37 47.9 48.67 51.21 45.44 39.44 36.36 32.94 30.52 28.32 25.59 22.46 19.08 16.36 14.69 15.05 17.72 21.88 23.98 24.51 23.82 25.11 28.86 28.24 27.29 26.95 27.08 28.14 29.89 32.48 34.69 37.21
21.63 26.9 29.87 30.41 31.22 28 22.86 22.75 27.78 31.69 25.32 21.35 22.98 20.74 15.26 9.27 8.71 12.31 15.51 18.15 20.82 23.45 25.64 27.22 27.15 27.66 28.76 30.48 33.06 36.19 40.16 45.83 57.07 68.49 76.06 80.05 79.18 74.31 67.99 63.38 60.46 58.72 58.2 57.93 57.27 55.26 53.15 50.33 51.09 53.21 46.96 40.37 37.16 33.64 31.21 29.33 26.92 23.79 20.35 17.24 14.67 14.86 17.07 20.68 23.62 24.5 23.83 24.98 28.15 27.92 27.27 26.86 26.94 28.06 30.02 32.84 34.57 37.13
18.57 23.37 26.57 30.29 33.51 28.53 21.46 21.84 29.73 35.03 25.16 15 12.11 10.45 15.38 21.69 27.47 31.92 34.12 34.8 34.87 34.4 33.95 34.2 33.21 32.21 31.27 30.42 29.98 30.81 34.3 40.99 52.48 58.91 60.63 63.23 62.93 60.29 55.87 52.01 48.97 45.51 41.2 38.13 38.05 38.53 41.01 43.48 48.55 52.33 45.3 39.15 38.72 37.45 35.39 33.44 31.51 29 26.43 24.07 21.56 20.93 21.15 21.75 22.11 21.62 20.7 21.87 24.71 24.95 25.71 27 28.18 29.62 31.58 34.11 35.19 38.53
19.42 23.83 26.89 31.77 36.19 31.82 24.96 23.88 29.48 34.26 27.43 24.26 27.75 32.97 39.61 45.5 50.17 52.96 53.31 51.79 49.06 45.45 42.64 41.52 39.68 37.2 34.14 30.43 26.68 25.49 29.07 37.12 48.48 49.97 45.16 46.31 46.56 46.31 43.82 40.68 37.51 32.79 25.62 20.81 21.35 23.28 27.76 33.88 44.69 51.98 42.59 35.62 38.79 41.04 39.94 37.58 35.8 33.82 32.07 30.77 28.72 27.18 25.55 23.28 20.77 18.77 17.61 18.74 21.24 21.56 23.69 27.01 29.52 31.27 33.18 35.33 35.94 39.66
18.28 22.66 25.74 31.22 36.25 33.17 28.2 26.32 27.32 29.18 23.34 22.39 27.17 33.94 40.95 46.53 51.01 53.37 53.64 52.13 49.42 45.83 43.17 41.97 40.23 37.86 34.79 30.88 26.84 25.54 30.48 39.37 51.13 51.71 45.1 46.05 46.47 46.52 44.1 40.87 37.85 34.77 30.25 24.21 21.55 21.69 23.79 29.67 43.66 54.33 41.66 32.44 36.77 41.13 41.37 38.66 36.58 34.32 32.24 30.96 29 27.38 25.85 23.77 21.12 18.93 17.74 18.55 20.5 20.67 23.21 26.87 29.61 31.41 33.49 35.75 36.19 39.19
19.22 22.54 25.26 31.12 36.75 35.31 32.92 31.76 31.1 33.08 32.26 34.13 37.72 42.09 45.33 46.79 47.79 47.72 48.2 48.38 47.39 45.29 44.11 44.73 44.98 43.13 39.49 35.87 33.51 33.98 41.28 47.96 52.58 46.04 33.55 34.15 36.42 37.71 35.11 31.01 27.82 29.19 31.58 27.42 22.92 19.89 16.61 17.74 34.47 49.08 33.68 18.88 21.67 28.58 32.92 32.89 32.91 32.24 31.44 31.49 31.17 31.33 31.85 32.1 31.61 31.13 30.97 31.27 31.47 30.89 34.08 38.17 40.78 41.9 42.12 41.13 38.64 38.56
21.85 23.19 25.02 30.69 36.51 36.21 36.25 38.31 40.46 44.19 46.3 48.26 49.56 50.16 48.91 46.16 43.51 41.33 42.04 44.04 45.01 44.56 44.7 47.27 49.98 49.27 44.9 41.09 40.54 43.7 53.44 55.86 49.03 34.44 20.21 20.44 25.17 28.82 26.46 22.2 19.48 23.11 28.03 28.75 26.65 22.64 18.84 21.54 34.67 43.88 27.59 8.24 8.08 16.04 22.02 24.7 27.37 28.83 29.99 31.7 33.34 35.61 38.26 40.95 43.06 44.66 45.79 46.1 44.92 42.88 46.63 50.99 53.27 53.56 51.53 46.6 40.98 37.98
