InputMaps/malcataSlope_300.grass
north: 40:14:17.01N
south: 40:12:39.7468N
east: 7:02:14.5154W
west: 7:04:21.43W
rows: 300
cols: 300
[rows 175 to 209 of 300, columns 0 to 77 of 300]
0 0 45.18 43.91 44 48 51.74 50.98 51.16 53.26 45.47 37.05 35.16 34.88 36.51 38.7 44.05 49.57 52.67 53.06 51.77 48.83 45.8 44.61 41.32 36.84 31.73 30.16 30.67 43.17 58.32 42.95 24.83 25.81 26.67 27.73 25.5 24.6 24.82 27.46 32.24 37.68 40.51 45.71 56.66 58.69 57.82 56.65 56.55 57.35 62.14 68.61 64.07 45.2 33.23 27.42 21.52 16.66 13.12 12.7 13 13.9 17.54 22.17 20.52 18.19 17.35 16.19 15.2 27.61 45.73 53.11 54.58 54.5 56.45 58.84 59.58 60.37
0 0 46.38 45.91 46.34 50.74 57.33 57.27 53.18 52.04 45.18 37.34 34.47 32.95 34.66 37.97 45.01 51.76 55.07 55.23 53.47 50.16 47.59 47.01 43.61 41.09 36.95 34.13 33.16 42.62 54.43 39.88 23.69 25.07 25.38 26.49 23.39 21.45 21.25 24.17 29.28 36.25 43.18 47.4 56.4 59.26 61.09 61.23 56.63 53.16 57.75 64.1 61.22 46.33 36.33 30.57 24.35 18.06 12.42 11.16 11.63 13.22 15.57 17.21 17.31 19.25 20.23 18 15.98 33.96 59.26 64.17 59.56 57.02 59.16 61.76 62.7 64.03
0 0 36.16 36.41 36.94 43.33 57.09 61.62 56.31 53.82 49.51 43.87 40.59 37.79 38.06 39.46 43.11 45.62 46.53 45.87 43.78 40.58 38.22 37.21 33.5 37.59 39.38 38.77 38.18 44.38 52.67 40.79 28.84 29.51 29.43 31.3 29.3 27.01 25.22 24.89 24.55 30.39 43.71 48.87 56.49 59.78 63.78 65.24 57.41 50.81 54.66 60.06 58.25 47.21 40.42 36.9 32.83 27.73 22.24 19.43 18.3 18.72 19.17 19.09 19.86 23.69 25.67 24.68 26.73 47.31 74.14 73.76 60.36 53.83 55.19 56.56 56.19 56.56
0 0 21.51 22.68 23.34 31.97 51.39 60.26 57.69 57.26 56.66 53.86 50.59 46.7 44.72 42.19 39.3 35.71 33.54 31.86 29.49 26.66 24.25 22.3 18.46 29.24 36.92 41.22 43.1 47.14 53.06 45.2 36.97 35.98 35.47 37.99 37.97 35.55 31.22 24.79 16.8 23.79 39.71 47.47 56.39 59.75 63.84 65.93 58.28 51.25 53.59 57.31 55.86 47.68 44.43 44.58 43.95 41.6 37.02 32.35 28.62 26.71 26.46 28.58 31.13 32.78 32.61 36.76 47.66 67.68 84.6 77.08 58.07 48.55 48.18 47.3 45.64 45.5
0 0 13.3 16.64 18.51 26.74 45.13 54.72 54.82 56.37 58.33 57.6 54.45 50.08 47.28 43.27 37.45 31.82 28.88 26.95 24.57 21.96 19.07 16.15 13.48 23.05 32.12 40.35 44.65 46.83 50.85 45.93 39.78 38.04 37.45 39.82 40.91 38.82 33.96 26.03 17.35 23.89 34.57 44.97 56.82 59.82 61.85 63.19 57.43 51.77 52.61 54.48 52.85 45.87 44.21 46.28 47.32 46.46 42.63 37.29 32.13 29.14 29.12 33.19 35.93 35.36 33.91 45.3 63.49 77.9 83.57 72.73 54.75 45.62 43.89 41.42 40.11 41.2
0 0 16.17 20.07 21.93 27.34 41.36 49.62 50.47 51.24 52.73 52.47 48.87 43.97 41.6 38.84 34.42 30.23 28.96 28.33 26.42 23.35 19.35 16.03 14.56 19.76 27.18 36.88 42.73 42.5 45.07 43.9 40.11 37.53 35.68 35.74 35.49 33.26 29.64 26.29 23.43 26.88 31.64 42.01 55.25 57.8 57.66 58.03 54.69 50.99 50.29 50.11 47.93 40.81 38.3 39.8 40.86 40.87 38.67 34.68 30.16 28.65 30.44 36.19 38.22 37.54 38.04 55.08 76.31 79.19 75.37 65.18 51.15 43.93 42.03 39.62 39.49 41.76
0 0 27.36 28.42 28.58 31.15 40.49 46.82 47.6 46.29 45.36 44.53 39.75 33.32 31.39 30.79 29.38 27.8 29.62 31.09 29.96 26.43 20.68 17.34 16.53 18.58 23.14 33.1 40.15 35.92 36.87 41.27 40.67 36.99 32.96 29.56 26.99 25.02 23.01 23.67 25.84 32.13 37.2 44.47 53.17 53.51 51.31 50.91 51.01 50.23 47.66 44.95 42.17 34.86 30.53 30.06 30.27 31.12 31.12 29.27 26.42 28.22 32.99 40.03 42.04 43.47 48.11 65.54 83.14 76.18 66.5 58.29 47.8 42.42 41.41 40.6 42 44.78
0 0 32.33 32.15 31.63 32.98 39.57 44.91 47.16 46.4 44.37 43.11 37.2 28.87 26.75 27.23 27.22 26.69 30.55 32.47 32.01 29.75 22.18 18.08 17.43 18.24 21.46 32.01 40.07 30.55 30.17 38.99 41.17 37.58 32.95 28.55 26 25.4 22.7 20.79 24.02 38.74 51.21 51.42 50.41 47.61 43.91 43.18 47.71 50.88 46.39 41.07 38.26 32.47 28.22 26.29 25.5 26.81 27.92 26.76 24.57 28.56 35.01 42.55 44.91 47.67 54.13 69.72 82.48 72.68 61.88 54.82 46 41.5 41.17 41.39 43.27 45.88
0 0 36.12 35.64 35.5 36.73 41.41 45.86 49.83 50.92 48.53 46.83 40.31 31.01 28.42 28.93 29.64 29.63 32.88 32.32 32.18 33.3 25.27 20.27 19.17 19.28 22.08 33.07 42.45 32.34 31.14 35.61 37.05 34.78 31.52 28.13 27.08 28.24 23.85 16.55 17.35 42.87 64.79 56.89 45.4 40.33 36.6 36.11 44.59 51.58 45.01 36.99 35.05 32.31 29.31 25.95 24.09 25.7 27.72 27.7 26.98 31.79 37.68 44.11 45.9 48.25 53.58 66.45 76.04 66.62 56.38 49.96 42.29 39.24 40.31 41.5 43.5 45.7
0 0 44.04 42.86 43.18 44.8 47.97 50.79 55.03 57.26 54.28 52.05 45.54 36.06 32.67 32.74 34.65 35.81 35.82 31.39 31.47 35.77 29.66 24.72 22.77 21.9 23.95 34.04 45.69 43.47 37.13 30.82 28.9 28.39 28.25 27.51 29.59 34.27 31.44 26.49 30.22 52.25 71.52 57.01 38.52 32.68 30.86 31.25 42.19 51.99 42.51 30.77 30.57 32.35 31.14 25.5 22.01 23.72 26.9 29.79 32.39 37.18 41.11 44.81 45.04 46.3 49.62 59.25 66.21 57.35 47.88 42.59 36.79 36.18 39.5 42.11 44.52 46.27
0 0 48.29 46.66 47.06 48.95 51.66 53.83 58.61 61.95 58.24 55.24 48.74 39.14 35.13 34.6 37.12 39.02 36.54 30.7 31.27 36 31.92 27.48 24.91 23.35 24.65 32.36 44.63 50.18 42.45 31.38 26.8 26.53 29.85 32.2 36.83 43.93 42.31 39.12 44.53 59.17 68.25 50.55 29.97 24.91 26.7 29.01 41.55 53.05 39.89 23.48 25.44 32.27 33.98 25.92 20.58 21.9 25.34 30.43 35.58 40.1 42.53 44.04 43.67 45.17 47.74 54.42 58.86 51.23 43.3 39.55 36.16 37.04 40.65 43.39 45.52 46.39
0 0 40.63 39.6 40.06 42.13 45.57 48.92 56.33 62.34 58.86 55.68 49.56 39.9 34.96 32.62 33.37 33.89 31.06 27.01 28.89 33.01 30.18 26.74 24.45 22.93 23.69 28.11 36.46 43.94 44.31 36.14 29.82 28.59 34.35 38.95 44.84 52.98 50.58 44.92 46.94 55.11 57.9 41.28 22.05 17.95 22.66 26.99 40.87 53.62 38.11 20.18 23.14 32.57 37.98 29.97 25 26.04 29.14 34.16 39.39 43.15 44.68 45.07 44.94 47.01 49.03 52.59 54.23 48.06 42.23 40.07 38.58 39.24 40.86 42.33 43.59 43.86
0 0 20.58 21.28 22.24 24.91 30.18 36.04 47.93 57.93 56.26 54.38 49.94 41.12 34.58 28.29 23.86 20.68 18.27 17.66 22.17 26.59 24.99 23.31 22.29 21.64 22.17 22.74 23.18 28.45 39.55 37.5 32.94 31.79 39.57 46.16 52.71 61.25 57.5 48.38 45.76 47.9 47.4 33.22 17.25 14.09 18.01 22.42 37.3 51.58 39.79 26.75 26.17 33.45 41.73 39.66 38.53 39.55 41.68 44.71 47.93 50.17 50.75 50.51 50.22 51.17 51.03 50.92 49.72 45.26 42.29 41.19 39.4 37.97 37.45 37.8 38.41 39.09
0 0 8.29 9.91 11.25 14.23 20.22 27.15 41.15 52.92 52.69 52.15 49.75 42.89 36.03 27.21 18.78 13.43 10.97 12.2 17.62 21.89 21.13 20.66 20.54 20.67 21.3 19.89 15.69 20.23 32.69 35.37 35.16 35.67 45.61 54.03 60.4 68.51 63.12 50.72 45.05 43.36 40.75 28.47 15.34 12.71 12.98 15.13 30.04 45.26 40.91 32.84 29.22 32.81 41.09 45.23 47.07 48.06 49.5 51.2 53.09 54.43 54.48 53.98 53.36 52.87 50.85 48.23 44.98 42.56 42.91 41.94 38.15 34.68 34.75 36.13 36.95 38.47
0 0 6.43 8.72 10.02 11.92 16.32 22.13 35.61 47.28 47.69 47.96 47.5 43.7 38.84 30.92 22.93 17.09 13.28 13.67 17.59 21.19 21.38 21.38 21.07 20.73 20.67 19.55 16.64 19.24 26.35 30.71 34.25 37.54 50.55 61.02 66.91 73.95 66.55 50.75 42.75 38.38 33.94 22.55 9.16 6.34 6.65 9.69 22.79 36.19 36.28 32.15 28.7 29.15 34.53 40.14 44.24 47.35 50.22 52.49 54.43 55.52 55.28 54.64 53.71 52.21 49.21 45.59 41.61 40.84 43.21 41.32 35.93 32.46 34.91 38.27 39.86 42.28
0 0 4.09 6.28 6.49 6.7 9.75 14.1 26.72 37.27 37.62 38.56 40.54 41 40.14 35.73 30.45 24.93 20.6 20 22.07 24.89 26.01 25.86 24.3 21.59 18.84 17.7 17.07 18.07 20.67 25.04 32.21 38.64 53.06 63.81 68.62 74.07 65.76 48.83 40.2 35.16 32.37 27.8 23.24 22.23 20.63 18.3 21.92 29.3 29.29 27.18 24.67 22.23 22.79 26.5 35.5 45.51 52.56 56.51 58.73 59.17 58.52 58.07 57.05 54.18 49.6 45.68 42.91 42.16 41.99 38.11 33.84 33.56 38.68 43.02 45.05 47.73
0 0 5.74 4.78 5.05 6.16 10.42 14.52 22.83 29.3 28.78 29.74 33.5 37.18 39.33 38.33 35.66 30.55 25.99 24.77 25.74 28.01 29.69 29.48 27.15 23.02 18.92 18.59 19.49 20.34 22.2 27.83 36.98 43.65 54.15 61.35 63.97 67.81 61.54 49.07 44.11 41.65 42.02 42.65 41.31 39.38 35.09 28.24 25.11 26.63 25.45 23.85 21.98 18.18 15.53 18.16 33.74 46.5 55.06 59.7 61.83 61.6 60.78 60.62 59.39 55.36 49.62 45.97 44.83 42.75 37.67 32.85 33.83 37.87 43.32 46.96 49.02 51.52
0 0 9.4 4.14 6.43 8.55 12.8 15.68 19.58 22.81 22.84 24.53 29.41 34.4 37.24 37.71 36.52 31.2 26.23 24.79 25.13 26.92 28.92 29.18 27.22 24.06 21.16 21.9 23.13 24.35 26.38 32.02 41.13 46.64 52.5 56.06 56.76 58.5 53.49 43.82 40.01 37.23 37.56 39.46 39.03 37.91 36.41 32.85 28.68 27.4 26.15 24.64 23.26 20.57 19.17 24.78 45.26 52.51 57 60.51 62.03 61.46 60.75 60.49 58.68 54.5 49.41 46.46 45.87 42.07 34.38 29.9 36.86 44.42 47.47 49.12 50.99 53.15
0 0 13.81 4.37 5.38 9.12 14.21 16.42 17.45 19.25 20.13 21.86 26.2 30.88 33.06 33.83 34.33 29.94 25.5 24.3 24.03 24.65 25.95 26.14 24.15 22.55 21.77 24.14 26.09 28.28 31.12 36.94 46 50.4 51.66 51.41 50.06 49.43 45.12 37.32 33.41 28.44 26.44 27.57 27.31 28.19 32.4 35.22 33.43 31.66 29.96 28.95 29.66 31.42 36.16 45.21 60.97 60.24 59.06 61.26 62.5 62.11 61.38 59.83 57.02 54.74 53.98 53.97 53.58 49.11 42.35 38.17 46.51 55.66 56.34 56.03 56.74 56.94
0 0 18.5 9.51 1.92 6.91 14.32 17.44 17.78 18.89 19.73 20.92 24.4 28.98 30.83 30.86 31.68 28.33 24.73 23.87 23.28 23.04 24.23 25.4 23.48 22.73 23.17 26.45 28.82 32.34 36.49 42.21 50.86 54.02 50.83 46.95 43.85 41.18 37.85 32.52 29.11 22.42 18.25 18.56 18.31 20.42 27.07 33.2 35.73 35.82 33.18 32.18 34.71 40.52 50.57 61.37 68.67 63.55 60.87 62.59 63.12 62.73 61.76 58.87 55.66 55.28 58.03 60.38 59.79 55.38 50.39 46.74 55.01 64.5 63.37 61.67 60.93 58.75
0 0 20.32 12.21 3.6 4.42 12.53 16.17 16.14 17.07 18.12 19.45 23.01 28.68 31.27 30.42 30.49 27.74 24.65 23.85 23.14 22.69 24.84 27.98 26.12 25.12 25.56 29.01 31.48 36.21 41.44 46.51 54.2 55.66 48.01 41.07 37.04 33.32 31.84 29.99 28.6 23.11 19.7 19.93 19.76 21.06 25.55 30.7 35.27 37.31 33.67 32.22 35.54 43.21 54.26 63.66 66.83 63.42 63.27 64.86 63.6 62.46 61.13 58 55.24 55.47 58.25 60.11 58.97 55.08 51.58 48.14 57.02 67.31 64.81 61.98 60.08 56.55
0 0 22.72 16.14 9.88 7.53 11.83 15.3 15.47 15.85 15.84 15.28 17.44 24.29 28.27 27.47 27.75 26.49 24.49 23.69 21.98 19.48 22.27 28.04 27.14 26.8 27.86 31.8 34.7 38.53 41.95 45.71 52.22 52.71 43.8 37.41 34.85 32.46 32.53 34.5 40.6 43.97 41.48 37.3 34.41 33.43 34.52 36.86 40.81 43.97 41.47 44.18 52.61 62.66 71.59 75.98 75.28 72.16 70.81 68.44 62.97 59.95 58.19 55.7 54.05 54.74 56.78 57.46 56.19 55.53 59.81 65.55 74.22 78.57 71.46 64.79 59.82 54.55
0 0 31.59 24.18 16.03 10.9 11.78 14.3 15.28 15.46 14.67 12.78 13.99 20.5 24.39 23.55 24.23 24.87 24.28 23.77 21.84 18.42 22.35 29.23 29.7 31.01 32.89 36.53 39.23 37.9 34.88 38.68 47.56 52.83 51.64 48.97 45.34 41.46 38.69 42.09 55.52 65.25 62.97 54.22 48.24 45.42 44.18 44.06 46.39 49.63 48.45 56.22 69.18 80.08 86.12 86.59 83.83 80.08 75.8 69.47 61.63 57.57 55.59 53.82 53.05 54.04 55.41 55.07 53.81 56.32 67.49 82.01 90.02 86.79 75.56 65.69 58.39 52.46
0 0 34.91 23.43 16.68 12.31 11.29 12.85 14.74 15.5 15.37 14.42 15.11 19.29 21.92 20.86 21.66 23.61 24.07 24.15 23.75 21.94 25.94 31.86 33.33 36.03 37.79 39.97 41.71 34.15 24.31 27.95 37.52 44.94 49.13 49.96 46.39 42.54 37.05 40.93 55.72 64.68 66.31 56.54 49.18 45.97 44.35 44.01 46.11 49.05 47.57 58.77 72.46 81.96 86.87 86.14 82.45 78.33 73.36 67.06 60.51 57.07 55.16 53.51 52.79 54.05 55.58 54.96 53.68 57.54 70.92 84.52 88.82 82.43 71.78 62.47 55.57 50.4
0 0 35.31 16.04 13.06 11.63 11.02 14.29 17.54 18.02 17.12 17.18 18.45 21.31 23.19 22.12 21.73 22.27 21.43 20.7 22.2 23.29 28.27 33.77 36.07 39.16 39.89 39.28 38.79 27.81 17.99 23.36 31.4 37.56 44.14 50.64 53.63 55.35 52.45 51.89 53.02 50.79 59.07 54.02 47.52 43.32 41.11 41.92 46.38 53.33 57.32 68.38 75.17 76.28 75.04 70.1 64.98 61.54 57.65 52.82 46.68 41.13 37.57 37.39 39.93 44.61 48.76 51.25 55.52 63.51 73.92 77 73.73 68.02 62.37 58.03 55.02 52.12
0 0 43.06 17.35 9.15 8.58 10.95 16.77 20.71 21.64 18.84 18.53 21.17 24.44 26.18 25.07 23.26 22.06 20.23 20.09 26.06 31.25 35 38.07 38.62 38.4 36.4 33.08 33.22 29.96 25.6 26.59 30.12 32.76 37.13 47.29 59.21 67.93 69.15 61.28 46.72 38.24 48.4 49.83 46.56 41.32 37.6 39.34 45.95 57.21 67.67 75.54 74.64 68.37 61.61 53.71 47.97 45.32 42.73 39.2 32.82 25.19 20.22 22.08 28.44 37.05 43.75 49.46 58.96 69.36 72.9 66.89 58.95 55.25 54.51 55.06 55.67 54.56
0 0 51.13 22.92 6.46 6.36 12.57 17.96 20.67 24.27 19.54 17.39 20 23.5 25.52 25.16 23.87 23.37 22.75 24.59 33.95 40.53 39.99 39.34 37.69 34.21 30.14 23.97 23.24 26.37 26.29 26.94 29.52 30.6 31.87 42.14 55.82 65.85 69.14 62.15 47.34 39.89 44.31 48.79 48.82 43.01 37.16 38.62 45.3 57.11 68.86 74.98 72.74 66.05 58.95 52.05 47.22 44.54 41.9 38.26 32.41 26.45 20.07 23.7 30.82 40.08 47.1 53.85 63.56 71.07 70.7 64.49 57.99 54.92 54.55 55.42 55.63 54.03
0 0 56.03 27.91 2.11 4.51 13.57 15.44 14.49 23.35 19.4 16.83 18.6 21.78 24.27 25.19 25.01 25.72 26.65 30.02 41.23 47.84 42.32 37.35 33.68 28.53 24.98 20.16 22.57 29.27 31.58 31.14 31.98 30.81 26.71 28.78 32.15 35.56 37.19 37.95 36.67 34.71 33.1 33.99 37.52 36.4 33.99 37.7 44.14 52.75 59.25 62.52 60.58 55.15 49.61 44.82 41.45 39.39 37.34 34.78 33.01 34.15 31.25 33.29 36.75 44.76 51.56 56.63 61.06 59.7 54.98 50.37 46.42 45.1 47.1 51.14 53.48 53.6
0 0 54.42 31.15 6.49 7.28 13.96 12.93 7.43 18.95 17.95 16.75 17.54 19.97 22.72 24.9 25.89 27.77 30.2 34.31 45.74 52.51 45.97 40.26 36.91 32.36 29.5 26.37 29.43 34.76 37.69 36.27 35.62 32.86 23.96 15 9.7 13.06 14.19 15.06 21.08 29.97 31.91 26.05 22.22 24.71 30.41 37.36 43.13 47.45 48.55 49.75 48.47 44.15 40.32 37.5 35.42 34.02 32.63 31.4 33.15 39.96 43.36 42.23 40.94 48.78 55.81 56.6 54.08 46.4 39.17 36.42 34.78 35.21 40.5 48.48 52.15 53.6
0 0 49.26 32.35 13.31 12.49 14.52 12.33 5.92 14.59 16.28 16.65 17.27 19.09 21.66 24.4 25.95 28.55 32.18 36.35 46.77 52.87 45.77 39.59 36.38 32 28.87 25.9 30.01 34.81 39.46 37.91 36.85 34.4 26.67 17.1 14.91 18.53 14.86 5.08 12.76 30.92 44.37 28 11.22 19.64 30.77 38.45 43.88 47.06 47.76 48.8 47.35 42.74 39.05 36.55 34.71 33.36 32.01 31.13 33.06 39.5 44.31 42.11 39.96 50.74 59.11 55.99 50.18 43.19 37.11 35.02 34.18 35.15 42.6 52.68 54.28 54.12
0 0 43.85 31.73 18.68 16.98 15.44 12.98 8.17 13.15 16.47 17.45 17.27 17.42 18.03 19.95 22.18 26.7 32.67 37.78 47.81 53.31 45.4 37.91 32.6 26.84 25.19 23.22 24.16 25.57 33.92 36.07 37.21 35.99 31 24.62 22.62 23.35 15.23 2.67 5.19 26 49.85 28.78 17.59 27.42 35.11 40.24 44.74 48.56 50.04 49.7 46.13 40.27 36.76 35.25 34.97 35.4 36.06 37.2 39.79 44.3 48.21 49.69 51.7 62.77 69.27 62.16 54.48 49.59 46.79 46.98 47.72 49.06 53.99 58.76 52.55 45.73
0 0 40.47 31.04 21.39 19.44 17.07 15.21 11.73 14.38 17.62 18.58 17.62 16.21 14.69 15.02 17.12 23.53 31.61 38.15 49.22 54.98 47.15 39.51 29.84 18.59 19.85 20.62 16.22 15.03 24.06 31.35 36.79 37.49 35.03 31.58 28.63 27.34 20.78 6.57 5.76 22.96 38.68 27.86 31.23 36.41 39.32 41.72 45.94 51.47 53.01 49.97 43.86 37.34 34.26 33.94 35.61 38.21 41.36 44.79 47.87 50.19 53.15 59.17 67.38 77.23 79.49 69.98 62.09 59.43 60.05 62.67 64.73 66.01 65.59 60.03 46.47 34.29
0 0 37.81 29.86 21.76 20.46 19.11 17.77 14.03 15.12 17.71 19.03 18.22 16.96 15.27 14.03 14.96 21.64 30.34 37.81 50.67 57.56 50.91 44.45 29.33 11.69 17.1 20.49 16.29 13.16 17.74 27.51 36.27 38.87 38.21 36.53 31.37 27.41 24.23 16.38 15.25 18.5 17.25 23.62 34.48 38.35 40.51 42.54 47.7 54.49 53.93 48.52 41.94 36.37 33.76 33.8 36.24 39.29 43 46.77 49.65 51.41 54.78 61.99 71.38 79.4 79.46 69.93 62.45 60.97 63.35 66.34 68.16 69.08 65.82 55.72 42.01 31.15
0 0 34.23 27.71 21.19 20.7 20.37 19.06 14.27 13.73 14.97 17.14 16.97 16.69 15.79 13.03 10.28 16.05 25.48 33.84 48.85 57.2 51.22 45.57 27.57 5.46 8.92 11.02 14.17 8.45 7.42 14.57 26.74 33.32 37.23 38.91 30.94 23.74 24.91 26.14 23.77 15.05 23.75 36.6 43.46 44.78 45.21 45.45 49.38 54.66 50.06 43.89 40.66 38.9 38.85 40.39 43.3 45.8 48.62 51.15 53.26 55.4 59.87 66.97 74.21 79.07 77.54 69.31 63.94 63 62.62 60.09 56.23 52.33 45.2 35.2 24.97 17.62
0 0 28.85 24.5 20.54 21.11 22.04 21.24 16.93 15.13 11.8 14.69 15.29 15.77 15.87 14.45 13.22 22.68 34.63 44.02 56.18 61.76 51.3 39.75 23.14 1.27 4.07 8.95 13.85 7.31 4.24 8.11 17.59 24.84 35.39 42.42 30.05 17.21 20.78 29.53 38.29 43.82 51.19 54.29 54.65 52.98 50.85 48.39 49.38 51.69 44.4 39 40.16 42.77 45.88 49.42 52.49 54.1 55.47 56.42 58 60.96 66.38 72.73 77 78.6 75.9 69.57 66.93 65.57 59.19 48.88 38.09 28.37 17.77 10.78 7.74 11.41
