InputMaps/malcataAspect_500.grass
north: 40:14:17.01N
south: 40:12:39.7468N
east: 7:02:14.5154W
west: 7:04:21.43W
rows: 500
cols: 500
[rows 429 to 461 of 500, columns 148 to 221 of 500]
185.09 186.66 187.14 193.81 208.58 225.52 236.49 256.16 272.72 273.06 272.7 262.22 252.48 252.57 250.92 237.2 226.49 224.56 221.46 214.85 211.94 213.49 212.17 204.78 200.91 200.91 200.43 197.76 191.8 184.13 177.17 171.64 175.76 190.83 208.28 234.81 252.13 256.06 252.76 244.26 239.6 238.6 238.54 240.62 243.75 246.54 251.18 256.21 257.44 256.37 264.34 278.52 283.49 283.92 297.19 312.44 317.69 320.47 324.44 327.35 327.94 328.08 324.19 317.44 313.96 311.34 310.79 311.47 311.52 311.52 311.53 311.5 311.45 311.13
230.93 236.95 238.78 239.34 242.12 246.88 250.44 261.74 271.46 271.57 271.19 264.05 257.95 258.52 257.53 245.81 236.17 235 232.78 226.33 221.08 219.28 214.72 205.27 200.91 200.91 200.68 199.86 198.95 198.28 200.29 212.54 230.83 232.21 237.56 249.52 256.78 255.26 241.05 220.26 212.63 211.39 213.34 220.86 228.49 233.41 238.97 244.22 246.54 247.39 260.89 280.28 285.31 284.6 295.22 307.55 311.07 312.17 315.5 319.29 321.2 322.74 321.21 317.87 316.88 316.32 316.41 316.8 316.82 316.82 316.84 316.47 315.69 314.72
248.63 253.44 254.51 255.46 256.3 257.05 257.72 265.58 272.93 272.87 272.48 267.49 263.4 263.87 262.78 251.07 241.43 240.62 238.71 231.92 225.19 221.37 215.05 205.23 200.91 200.91 201.22 202.93 206.51 210.71 217.81 233.77 246.55 245 244.73 245.67 240.8 221.01 182.88 167.24 165.71 165.71 164.53 162.86 165.51 171.47 180.57 202.75 227.38 240.37 265.75 289.07 292.03 289.48 296.28 304.84 306.79 306.79 308.77 312.03 314.57 317.07 317.26 316.39 317.62 319.26 321.3 322.54 322.62 322.62 322.9 322.34 320.72 319.04
251.77 257.36 258.2 258.93 259.58 260.16 260.68 268.49 275.68 275.5 275.06 271.14 267.82 267.98 266.28 251.62 239.99 239.16 237 229.13 221.8 218.04 212.49 204.52 200.91 200.91 201.51 204.28 208.86 213.28 220.12 233.65 243.28 241.59 239.09 233.79 222.99 204.37 181.85 168.69 165.71 165.71 164.23 161.59 163.84 170.46 180.74 221.18 253.17 259.41 280.29 297.66 298.76 295.63 299.49 305.38 306.79 306.79 307.72 309.75 312.04 314.53 315.13 314.81 316.12 317.77 320.54 322.49 322.62 322.62 323.54 323.58 321.98 320.42
255.04 261.41 261.98 262.49 262.94 263.33 263.69 271.4 278.41 278.11 277.62 274.77 272.27 272.11 269.81 252.17 238.6 237.74 235.36 226.55 218.81 215.14 210.24 203.85 200.91 200.91 201.8 205.79 211.63 216.26 222.68 233.52 240.19 238.38 234.04 224.66 212.22 197.03 181.37 169.85 165.71 165.71 163.91 160.13 161.74 169.16 181.07 275.64 287.5 281.03 293.62 305.08 304.73 301.21 302.51 305.91 306.79 306.79 306.64 307.3 309.29 311.76 312.83 313.14 314.53 316.18 319.76 322.45 322.62 322.62 324.16 324.75 323.18 321.73
258.41 265.54 265.84 266.11 266.34 266.55 266.73 274.3 281.1 280.68 280.14 278.37 276.69 276.22 273.34 252.73 237.25 236.37 233.78 224.18 216.17 212.61 208.26 203.21 200.91 200.91 202.1 207.49 214.91 219.73 225.5 233.4 237.28 235.38 229.56 217.74 205.46 193.03 181.08 170.79 165.71 165.71 163.59 158.43 159.04 167.47 181.92 323.28 313.02 299.97 304.72 311.37 309.94 306.2 305.34 306.43 306.79 306.79 305.53 304.68 306.3 308.72 310.35 311.36 312.85 314.5 318.95 322.4 322.62 322.62 324.76 325.85 324.3 322.97
263.09 269.75 269.77 270.13 270.48 270.47 270.44 276.13 281.42 281.24 280.97 280.16 279.4 279.19 276.15 251.81 234.93 235.31 233.76 224.52 217.29 215.12 212.45 209.03 207.28 207.28 208.55 213.71 218.77 219.68 221.65 225.29 226.29 223.48 215.99 203.99 194.46 186.26 178.99 173.04 172.86 178.26 184.23 195.84 210.93 218.34 260.61 313.1 317.23 311.94 317.42 322.95 321.01 316.92 314.19 312.79 311.68 310.58 307.19 303.65 303.48 304.13 304.56 304.25 303.38 302.49 304.9 306.98 305.87 304.62 306.21 307.4 305.91 304.75
267.31 273.05 272.89 273.98 274.93 274.61 274.25 277.42 280.61 280.63 280.57 279.67 278.95 279.26 276.6 250.89 234.28 236.18 235.6 226.06 219.16 218.15 216.8 214.64 213.38 213.38 214.43 218.02 219.4 215.94 213.31 212.66 211.07 207.18 199.93 191.42 185.77 181.16 177.16 174.83 181.77 194.62 209.95 232.11 244.96 247.19 269.76 302.03 312.7 315.17 327.16 334.41 332.77 328.82 325.23 322.01 319.08 316.38 310.88 304.87 302.94 302.03 302.01 301.37 299.3 297.29 298.35 299.43 297.97 296.48 297.49 298.38 297.11 296.05
271 276.26 275.93 278.11 279.98 279.32 278.61 279.45 280.58 280.59 280.5 278.63 276.93 277.2 274.84 252.13 237.06 238.98 237.92 226.38 218.58 217.65 216.47 214.75 213.76 213.76 214.51 216.8 216.85 213.2 210.38 209.59 208 204.23 197.53 189.91 184.9 180.8 177.17 174.56 183.2 200.12 218.49 240.45 251.14 252.84 271.87 299.24 309.4 312.33 327.87 336.61 335.34 331.6 328.1 324.85 321.83 319.05 313.18 306.55 304.37 303.35 304.39 304.79 302.65 300.44 301.13 301.89 300.31 298.73 299.52 300.22 298.9 297.61
274.69 279.45 278.95 282.2 284.95 283.99 282.93 281.52 280.6 280.59 280.44 277.54 274.79 274.98 272.91 253.56 240.3 242.1 240.38 226.61 217.86 216.93 215.86 214.5 213.76 213.76 214.2 215.31 214.38 210.86 208.21 207.59 206.18 202.59 196.32 189.24 184.57 180.75 177.3 174.07 184.63 207.98 229.07 248.64 256.75 257.98 273.83 296.73 305.88 308.73 327.91 337.98 337 333.44 330.08 326.93 324 321.27 315.22 308.18 305.87 304.83 306.93 308.29 306.17 303.84 304.24 304.73 303.07 301.4 302 302.53 301.15 299.64
278.33 282.59 281.93 286.16 289.7 288.47 287.12 283.56 280.62 280.59 280.39 276.46 272.64 272.74 270.99 255.02 243.75 245.41 242.97 226.84 217.16 216.24 215.26 214.25 213.76 213.76 213.9 213.93 212.2 208.8 206.3 205.83 204.57 201.15 195.27 188.66 184.29 180.7 177.41 173.49 188.38 224.01 244.51 257.87 262.62 263.32 275.78 294.11 302.02 304.74 327.95 339.2 338.47 335.07 331.85 328.81 325.96 323.28 317.12 309.73 307.33 306.27 309.3 311.49 309.41 307 307.13 307.39 305.66 303.93 304.35 304.73 303.3 301.59
279.47 284.34 284.83 293.53 299.54 297.06 294.49 288.01 282.43 282.01 281.42 276.17 271.28 271.29 269.8 256.83 246.34 246.38 241.94 222.74 212.68 212.07 211.34 210.2 208.87 207.63 206.35 204.77 202.23 198.98 196.31 194.59 191.71 187.37 183.27 181.69 182.4 183.9 187.27 206.18 262.99 264.42 266.84 269.6 270.57 270.52 275.87 283.51 285.73 285.13 300.33 316.43 320.49 320.88 321.23 321.05 320.25 319.32 314.45 307.77 305.59 304.66 308.53 312.03 311.07 309.58 310.38 311.22 310.08 308.86 309.69 310.45 309.37 307.81
275.14 280.16 282.28 304.35 315.85 310.73 305.75 295.81 287.08 285.8 284.46 277.71 271.79 271.75 270.19 257.07 245.16 243.09 236.29 215.99 206.88 206.75 206.29 204.44 201.53 198.44 195.35 192.45 189.7 186.93 184.2 180.89 176.22 171.31 169.01 172.66 180.08 188.7 201.1 237.39 272.02 271.9 273.08 274.97 275.33 274.82 277.74 281.9 282.54 281.54 288.76 299.3 303.97 306.27 309.38 312.01 313.05 313.65 310.45 305.19 303.41 302.61 306.6 310.87 311.15 310.89 312.77 314.64 314.52 314.26 315.98 317.58 317.33 316.44
267.07 269.27 269.07 306.96 324.43 318.89 313.21 302.19 292 290.21 288.4 280.48 273.56 273.44 271.47 255.33 240.95 238.13 231.22 213.48 205.53 205.53 204.98 202.45 198.93 195.56 192.24 189.31 186.71 184.17 181.56 178.15 173.55 168.92 166.26 169.58 179.42 191.55 208.06 247.1 274.8 274.58 276.72 280.1 280.68 279.67 282.25 286.06 286.31 284.96 288.45 294.67 298.17 300.47 304.87 309.21 310.86 311.71 309.46 305.42 303.91 303.13 306.64 310.62 311.11 311.11 313.24 315.37 315.51 315.51 317.48 319.31 319.32 318.63
258.45 257.29 254.02 306.08 328.87 323.78 318.22 307.18 296.41 294.35 292.27 283.44 275.54 275.36 272.92 253.18 236.5 233.46 227.2 212.45 205.53 205.53 204.79 201.63 197.86 194.66 191.55 188.86 186.43 184 181.48 178.27 174.04 169.75 166.49 168.04 179.26 194.58 214.58 254.44 277.47 277.14 280.43 285.55 286.41 284.91 287.38 291.21 291.21 289.51 289.79 291.92 294.01 296.09 301.75 307.82 309.87 310.72 309.25 306.35 305.08 304.29 307.23 310.68 311.11 311.11 313.24 315.37 315.51 315.51 317.48 319.31 319.32 318.59
250.33 246.34 240.9 305.19 332.41 327.75 322.42 311.6 300.5 298.24 295.94 286.32 277.52 277.27 274.36 251.07 232.46 229.3 223.64 211.47 205.53 205.53 204.61 200.87 196.9 193.86 190.93 188.45 186.16 183.83 181.42 178.38 174.46 170.46 166.71 165.99 178.98 199.68 224.28 262.34 280.11 279.67 284.06 290.72 291.83 289.91 292.25 296.03 295.8 293.81 291.11 289.06 289.58 291.34 298.41 306.37 308.85 309.7 309.04 307.27 306.22 305.41 307.81 310.74 311.11 311.11 313.24 315.37 315.51 315.51 317.48 319.31 319.32 318.55
253.8 252.43 251.88 284.86 312.55 313.82 313.6 307.14 299.12 298.06 296.73 287.43 278.28 278.35 275.1 245.66 223.62 218.93 212.31 202.49 198.19 198.19 197.38 194.26 191.28 189.2 187.3 185.96 185.06 184.2 183.38 182.46 181.18 179.72 179.14 184.2 205.41 222.15 242.81 270.46 281.7 281 285.23 291.96 293.43 291.82 294.27 298.16 298.13 296.3 291.46 285.72 284.28 284.89 290.92 298.73 301.69 303.14 303.99 304.61 305.89 307.43 312.06 316.07 316.54 316.54 318.66 320.46 320.03 319.45 320.82 322.06 321.54 320.21
260.92 260.74 261.26 277.13 293.94 297.24 299.9 298.14 294.48 294.72 294.59 285.59 275.84 276.34 272.6 234.44 209.96 202.65 194.35 187.32 185.13 185.13 184.87 183.91 183.05 182.48 182.08 182.39 183.56 184.99 186.61 188.9 191.51 193.83 199.32 218.2 242.17 245.75 257.35 276.14 283.52 282.47 285.6 291.13 292.65 291.58 294.27 298.39 298.76 297.3 291.65 284.11 281.6 281.43 284.88 290.03 292.56 294.29 295.51 297.28 301.22 306.86 318.78 326.94 327.82 327.82 329.74 330.62 328.94 327.15 327.19 327.22 325.71 323.47
265.94 265.7 266.02 275.43 285.99 288.64 291.11 292.13 291.89 292.47 292.59 282.27 270.57 270.64 265.72 224.88 202.62 195.06 187.16 181.54 180 180 180 180 180 180 180.16 181.07 183.09 185.45 188.1 191.81 196.09 199.84 207.64 230.38 252.61 253.95 263.89 281.03 287.37 285.96 288.16 292.56 293.76 292.81 295.65 299.96 300.45 299.07 293.19 285.1 282.25 281.88 283.04 285.26 286.87 288.35 288.23 288.05 291.29 297.27 318.13 331.71 333.01 333.01 335.04 335.67 333.49 331.2 330.58 330.05 328.16 325.62
270.65 270.21 270.19 274.8 280.27 281.92 283.58 287.26 290.41 291 290.99 278.59 264.53 263.88 257.89 219.24 199.95 193.19 186.33 181.46 180 180 180 180 180 180 180.16 181.1 183.22 185.68 188.49 192.56 197.27 201.25 209.69 234.4 257.35 258.35 268.69 286.12 292.12 290.39 291.79 295.2 295.98 294.96 297.91 302.35 302.84 301.4 295.37 286.99 283.99 283.57 282.53 281.72 282.26 283.37 281.26 277.76 278.3 280.92 311.08 331.28 333.01 333.01 335.61 336.69 334.6 332.38 331.71 331.13 329.28 326.83
275.36 274.71 274.37 274.17 274.33 274.85 275.55 282.12 288.89 289.49 289.35 274.84 258.6 257.29 250.5 214.69 197.83 191.73 185.67 181.39 180 180 180 180 180 180 180.16 181.13 183.37 185.94 188.92 193.41 198.63 202.86 212.04 238.87 262.27 262.89 273.51 290.97 296.57 294.57 295.25 297.72 298.12 297.04 300.08 304.63 305.11 303.62 297.48 288.84 285.7 285.24 282.02 278.09 277.49 278.18 273.93 266.95 264.4 262.61 302.12 330.85 333.01 333.01 336.16 337.64 335.64 333.48 332.77 332.14 330.33 327.97
279.72 279.06 278.56 273.88 268.91 268.38 268.19 276.99 287.01 288.23 288.65 270.48 249.39 246.43 236.94 204.12 192.22 188.34 184.62 182.1 181.28 181.28 181.27 181.27 181.53 182 182.62 183.85 185.55 186.96 189.14 194.24 201.62 207.79 219.25 247.01 267.1 267.26 276.88 293.71 300.31 299.6 301.22 304.25 304.89 303.91 307.56 312.66 313.27 311.74 305.11 295.1 291.27 290.69 284.7 276.7 274.71 274.93 267.82 257.47 253.29 250.02 288.29 322.75 325.45 325.45 329.97 332.65 330.96 329.07 328.78 329.12 328.62 327.55
282.72 282.6 282.51 274.04 264.53 263.57 263.29 271.93 282.38 284.64 286.44 259.28 226.8 217.29 201.71 185.53 182.87 183.04 183.24 183.66 184.01 184.01 183.97 184.03 184.86 186.36 187.94 189.6 189.9 188.68 188.97 195.26 208.01 218.09 232.07 255.78 269.53 269.53 276.8 291.65 300.71 304.3 311.72 319.93 322.93 323.23 328.1 333.41 334.34 333.44 327.99 317.28 312.31 311.64 301.27 284.45 279.17 278.15 265.86 252.13 249.06 248.3 279.56 310.2 313.05 313.05 318.97 323.19 322 320.53 320.34 321.71 323.49 324.76
282.92 283.26 283.61 273.79 262.56 261.73 261.73 266.85 272.83 273.64 273.4 237.17 205.18 192.57 179.29 176.02 177.99 180.34 182.63 184.56 185.46 185.46 185.42 185.59 186.81 188.9 190.95 192.47 191.77 189.27 188.79 197.33 217.8 230.03 243.36 260.93 270 270 274.78 285.51 294.02 299.95 315.18 331.23 337.11 339.14 344.1 348.15 349.19 349.19 347.04 341.76 339.09 339.09 331.31 310.61 297.11 290.79 270.85 252.05 249.41 249.91 278.09 305.44 308.14 308.14 314.76 319.72 318.76 317.47 316.07 316.55 319.31 321.73
281.5 281.8 282.12 272.93 262.5 261.73 261.73 261.9 261.31 259.15 254.37 223.47 200.65 190.13 179.41 176.1 177.9 180.36 182.73 184.64 185.46 185.46 185.45 185.74 187.07 189.24 191.24 192.32 191.28 188.87 188.75 200.79 233.08 243.96 253.7 264.69 270 270 272.36 277.77 282.36 285.82 305.08 328.67 336.24 338.33 343.74 348.09 349.19 349.19 347.04 341.76 339.09 339.09 334.65 322.61 310.71 302.54 278.76 254.35 250.77 251.24 278.9 305.5 308.14 308.14 315.42 320.81 319.88 318.6 315.47 313.93 316.7 319.18
280.07 280.33 280.61 272.07 262.44 261.73 261.73 257.07 250.45 245.93 238.24 214.33 197.46 188.48 179.5 176.17 177.81 180.37 182.85 184.73 185.46 185.46 185.49 185.89 187.35 189.6 191.55 192.17 190.82 188.51 188.72 205.87 257.95 262.1 265.25 268.49 270 270 269.92 269.74 269.58 269.45 291.73 325.66 335.3 337.45 343.36 348.04 349.19 349.19 347.04 341.76 339.09 339.09 337.33 330.39 320.4 311.87 286.34 256.71 252.15 252.59 279.71 305.57 308.14 308.14 316.08 321.86 320.96 319.68 314.86 311.07 313.81 316.33
279.19 279.66 280.1 271.32 261.34 260.69 260.78 250.57 238.26 232.16 223.45 205.8 193.8 186.81 179.94 177.12 178.77 181.67 184.47 186.55 187.42 187.64 187.88 188.52 190.32 192.99 195.27 196.25 195.96 195.33 198.95 231.21 280.69 278.26 275.32 271.53 269.64 269.63 267.65 263.24 260.04 258.5 275.77 307.85 317.75 317.84 324.74 332.65 335.28 335.82 332.16 323.47 319.86 320.38 323.91 325.07 321.18 316.49 292.82 259 253.7 254.36 280.62 305.27 307.84 307.95 316.66 323.23 322.94 322.24 316.34 310.35 313.07 315.64
278.45 280.46 282.43 269.5 253.83 254.1 255.35 233.59 216.21 210.72 204.38 194.62 188.34 184.61 181.06 179.99 182.3 186.07 189.66 192.29 193.64 194.51 195.41 196.73 199.45 203.13 206.43 209.12 211.99 215.24 224.9 256.46 280.71 280.36 277.59 271.59 268.06 267.96 266.14 262.61 261.14 261.53 272.36 289.41 294.89 293.66 297.19 303.48 306.45 307.47 303.35 295.26 292.65 293.23 298.16 305.1 309.18 312.59 296 261.96 256.77 258 282.1 304.11 306.77 307.21 316.77 324.99 326.79 328.24 323.46 316.57 319.29 321.85
267.04 269.29 268.63 234.05 218.88 236.75 246.66 210.41 197.5 195.03 192.42 188.09 185.12 183.35 181.76 182.01 185.12 189.66 193.86 196.6 198.03 199.32 200.74 203.02 206.73 211 215.01 219.17 223.82 228.36 238.34 261.83 277.76 278.04 275.67 269.28 265.2 264.87 265.14 266.3 267.13 267.45 275.5 287.42 291.01 289.73 290.86 293.82 295.6 296.48 293.1 286.84 284.92 285.35 287.73 292.05 296.72 302.82 293.07 267.65 263.47 264.33 284.6 303 305.54 306.21 315.76 324.93 328.4 331.74 328.83 322.64 325.24 327.68
247.98 243.7 226.35 214.58 251.43 262.23 264.87 211.52 196.79 194.4 191.9 187.81 184.96 183.25 181.72 182.08 185.57 190.48 194.94 197.37 198.46 199.77 201.41 204.57 209.16 213.65 218.14 223.52 228.98 233.42 242.65 262.67 275.76 275.97 273.26 266.16 261.58 261.01 264.08 271.19 274.23 273.77 280.83 291.47 294.45 293.01 292.43 292.94 293.77 294.62 291.29 285.2 283.32 283.71 283.47 283.61 285.85 289.99 286.05 274.81 272.21 271.92 287.65 302.42 304.62 305.27 313.98 322.75 326.29 329.77 326.81 320.6 323.25 325.78
232.87 225.7 207.96 204.68 299.62 290.94 284.14 212.7 196.13 193.82 191.42 187.54 184.82 183.15 181.68 182.16 186.1 191.46 196.19 198.21 198.91 200.25 202.11 206.31 212.01 216.72 221.77 228.69 235.1 239.25 247.33 263.52 273.74 273.87 270.83 263.06 258.03 257.24 263.03 276.07 281.21 280 285.98 295.3 297.71 296.14 293.97 292.04 291.9 292.69 289.43 283.53 281.7 282.05 279.05 274.52 273.69 274.72 278.51 281.82 280.85 279.44 290.6 301.83 303.67 304.32 312.09 320.32 323.93 327.53 324.55 318.36 321.06 323.69
224.55 218.44 205.37 210.75 312.43 309.11 302.01 206.69 191.21 188.74 186.26 183.39 181.67 180.55 179.62 180.54 185.41 191.84 197.37 199.15 199.54 201.01 203.2 208.6 215.49 220.18 225.66 234.16 241.36 244.84 251.46 264.09 271.87 271.93 268.48 259.94 254.55 253.73 262.1 280.62 287.73 286.08 291.34 299.89 302.11 300.61 297.1 292.78 291.63 292.39 288.98 282.88 280.96 281.26 275.17 265.59 261.72 259.72 271.23 287.73 288.45 286.38 293.64 301.77 303.3 303.97 310.77 318.32 321.88 325.49 322.44 316.21 318.73 321.2
229.4 228.42 223.29 236 276.06 295.21 44.76 157.52 164.23 161.17 158.38 159.83 162.95 164.96 166.94 169.11 176.29 187.47 197.15 200.34 201.04 203.22 206.19 212.68 219.81 223.32 228.02 236.36 242.88 244.81 250.38 262.74 270.61 270.62 266.2 256.15 251.1 251.57 262.13 283.43 293.07 292.98 300.5 312.14 317.33 318.78 316.65 310.89 308.51 309.08 303.6 293.26 289.38 289.21 275.5 256.56 251.96 251.89 268.42 288.62 291.64 291.12 297.71 304.95 306.51 307.32 313.51 320.2 323.23 326.23 322.65 315.77 316.93 317.92
