InputMaps/malcataAspect_250.grass
north: 40:14:17.01N
south: 40:12:39.7468N
east: 7:02:14.5154W
west: 7:04:21.43W
rows: 250
cols: 250
[rows 66 to 98 of 250, columns 74 to 147 of 250]
132.16 141.34 124.86 86.14 55.12 33.9 22.25 23.35 32.12 50.71 74.63 102.66 157.04 301.39 344.57 354.62 23.8 15.44 10.67 8.33 3.35 356.24 343.82 351.26 355.12 355.88 354.01 349.7 347.07 343.95 329.32 319.86 313.45 305.22 300.5 302.42 301.44 296.65 295.32 298.62 303.82 314.19 326.06 335.72 339.93 340.2 337.74 333.58 330.65 322.76 326.93 343.22 351.22 0.44 9.46 12.29 12.79 11.16 12.23 59.42 81.72 50.8 33.78 21.82 11.86 347.07 311.38 285.53 294.95 303.35 285.67 263.68 262.34 270.71
120.13 146.24 148.85 101.1 44.18 26.2 19.56 25.87 43 58.98 68.94 74.72 83.29 349.85 350.29 1.81 30.14 8.28 4.37 1.7 357.1 348.31 334.17 344.09 350.58 353.82 353.86 350.6 348.04 346.92 336.95 326.57 318.75 308.67 302.47 306.98 306.09 296.21 290.95 296.08 301.42 308.46 319.42 331.27 337.53 339.94 339.02 334.14 329.38 321.09 324.17 339.41 346.4 354.17 3.93 7.5 8.61 8.25 12.66 95.6 98.94 54.97 40.14 32.16 23.96 8.92 347.54 288.81 321.84 332.3 297.85 232.77 256.94 303.18
101.97 124.13 143.56 109.63 50.29 39.3 38.61 50.12 65.37 68.16 65.16 61.82 55.58 37.68 24.59 17 338.81 341.67 343.81 342.81 344.19 339.41 327.81 334.44 339.5 345.35 350.84 351.29 347.12 343.23 336.04 327.8 322.17 314.22 309.05 319.35 323.18 312.27 301.84 306.33 310.35 313.79 320.97 330.91 337.37 342.29 345.29 342.54 332.89 317.6 316.07 330.32 336.61 337.05 341.96 348.39 352.47 357.74 8.55 125.38 116.39 47.35 33.32 28.91 24.62 19.41 23.62 75.97 29.45 2.21 335.65 239.2 275.63 302.51
105.14 115.01 138.27 113.18 59.56 52.63 55.44 65.02 73.74 69.18 59.38 55.08 52.73 46.89 38.78 17.42 339.18 331.82 332.63 330.25 333.22 334.06 327.35 330.27 332.88 337.8 347.06 351.62 347.63 341.76 335.74 327.48 321.96 316.39 313.09 329.91 341.56 340.21 328.4 323.41 322.67 322.72 325.02 331.1 336.6 343.07 350.4 351.39 340.2 320.18 312.88 322.87 329.3 328.12 328.5 333.63 337.95 346.74 5.59 140.9 128.38 41.65 29.65 27.66 26.78 27.5 40.86 76.65 47.14 17.68 4.16 294.3 292.29 300.56
137.58 129.85 152.57 134.98 54.82 51.43 57.71 63.8 66.49 53.76 38.02 33.97 34.39 33.72 35.26 21.52 1.97 348.43 342.9 335.34 330.33 329.68 325.85 327.97 330.45 332.98 344.03 354.17 353.41 348.12 343.82 336.64 329.88 324.26 318.9 333.93 343.42 342.35 333.25 325.17 321.89 321.67 322.77 326.45 329.45 332.29 338.26 342.21 338.4 324.97 314.93 317.89 324.91 330.03 333.26 337.68 340.42 346.64 5.88 161.46 164.46 6.02 6.35 8.4 11.48 17.16 31.03 60.31 31.99 14.26 6.89 341.48 318.84 312.52
201.83 187.71 190.85 216.76 304.14 20.62 45.6 43.05 27.66 8.05 359.91 357.95 1.11 15.8 43.31 32.32 19.31 6.05 356.02 344.6 331.4 325.72 322.18 323.45 325.72 324 336.7 359.41 0.55 355.95 354.51 353.5 353.29 353.8 350.34 350.83 350.27 345.26 336.31 326.31 320.73 319.56 319.39 320.71 320.56 317.74 319.2 326.17 331.43 327.65 317.89 312.8 317.76 328.37 337.9 345.33 348.57 352.62 359.14 209.68 256.32 307.78 323.37 332.53 339.78 352.25 9.04 27.82 14 11.44 11.45 2.17 347.9 336.35
208.91 207.96 221.12 242.36 251.11 269.17 32.59 18.22 0.44 348.56 345.59 343.24 343.82 6.77 78.94 37.97 21.67 9.34 359.63 349.2 336.62 329.19 324.81 324.04 324.63 313.67 309.38 0.77 1.93 358.29 358.2 0.23 4.32 7.64 5.33 358.4 353.63 347.92 340.12 330.21 323.77 321.87 320.74 320.49 318.4 312.01 309.31 314.49 325.08 330.77 323.56 312.58 313.02 323.91 337.13 347.45 351.46 354.6 352.35 287.67 286.46 299.95 309.15 317.67 321.9 330.96 351.52 3.71 3.49 9.4 11.46 5.18 356.52 347.28
226.25 239.03 253.35 256.28 253.78 259.01 267.17 307.25 330.24 332.63 336.61 336.53 328.71 299.77 237.71 342.82 349.72 350.44 350.26 347.55 345.31 343.98 340.3 337.49 338.19 321.51 271.37 330.4 346.28 349.61 352.5 354.03 355.55 357.11 355.49 355.01 355.11 353.1 348.07 339.84 332.79 330.04 329.81 331.44 332.23 327.57 321.36 319.88 330.22 341.56 340 328.81 320.7 321.32 327.37 336.52 338.82 328.28 311.73 301.16 296.09 295.84 297.82 301.23 297.93 289.86 289.26 291.63 302.64 316.11 333 342.6 342.62 338.87
237.76 249.41 253.8 258.21 264.84 265.44 263.69 284.42 310.04 316.84 323.8 328.83 321.97 293.55 267.2 309.74 326.83 335.41 341.87 344.51 350.81 356.22 353.96 351.24 354.61 347.75 296.61 311.53 328.73 339.44 346.18 347.22 346.16 346.95 346.97 351.53 356.12 356.92 353.85 347.52 340.55 336.72 337.54 342.72 350.27 353.93 349.05 339.49 341.18 351.14 354.57 348.73 335.22 324.85 321.42 325.26 326.48 315.61 304.25 300.07 297.34 295.07 293.19 292.38 287.97 281.09 279.4 280.09 285.65 292.64 306.02 321.65 329.08 331.17
232.8 244.93 244.31 257.41 276.32 270.83 260.02 277.18 303.27 307.44 308.85 318.03 320.76 304.6 285.38 313.11 327.42 336.33 344.52 348.57 353.17 356.93 355.73 353.59 355.83 353.28 332.23 322.94 329.49 341.58 349.36 351.94 353.41 355.34 356.04 357.37 358.61 358.25 356.22 352.21 347.22 342.91 341.76 344.38 350.38 353.94 350.52 341.84 341.29 350.48 355.04 353.15 345.93 338.14 332.71 331.08 330.61 324.45 314.66 307.54 304.12 302.18 298.45 294.68 290.42 285.11 282.36 280.98 285.94 292.46 302.17 314.07 322.35 327.13
210.07 227.23 240.16 267.84 287.32 275.41 257.41 270.44 294.83 296.14 291.22 302.78 313.28 307.96 297.75 312.28 325.22 337.33 351.7 1.11 1.04 358.42 358.59 359.05 359.85 359.6 356.79 353.19 351.84 354.97 359.75 5.55 11.95 14.76 15.6 10.28 3.99 0.82 0.33 359.71 358.16 356.15 354.39 353.31 353.56 354.02 351.98 345.51 342.74 349.88 356.12 359.54 0.51 0.64 359.47 354.69 346.11 336.38 325.67 316.53 313.82 314.29 310.9 305.29 301.35 297.23 294.7 291.79 293.95 297.31 301.9 307.62 313.4 319.08
190.57 206.65 270.65 291.14 297.96 279.52 254.7 264.73 288.02 287.96 280.6 294.64 309.48 312.25 308.44 312.5 321.37 334.22 356.01 9.06 4.62 359.2 0.06 2.05 2.11 2.66 7.43 11.03 7.82 3.89 6.53 13.81 21.43 24.25 24.38 15.34 6.22 2.14 2.5 3.48 3.61 3.13 1.54 358.89 355.76 354.13 352.65 347.71 343.9 349.12 356.51 3.02 8.17 12.64 13.37 6.94 355.1 343.6 332.4 321.08 318.26 321.18 319.67 314.51 312.65 311.62 313.84 311.28 306.66 304.39 304.34 305.73 308.64 313.12
221.86 251.75 289.16 302.22 307.57 284.78 247.96 258.26 285.8 284.98 276.13 290.98 305.16 311.94 319.47 328.82 338.45 346.85 356.95 2.36 1.46 2.04 6.13 10.75 10.34 8.26 10.21 12.57 13.73 14.85 16.41 18.94 18.45 13.01 7.26 2.38 0.64 0.23 359.98 358.72 355.78 350.34 342.73 334.67 330.9 331.6 327.34 316.87 312.42 318.99 328.27 337.87 344.69 349.74 354.18 356.47 356.27 353.97 349.02 340.23 334.13 331.94 324.78 313.25 306.88 304.84 315.11 319.99 315.61 311.76 310.36 311.35 315.17 321.77
239.27 258.8 281.52 298.17 310.8 288.13 238.65 251.87 287.01 287.06 279.02 292.51 303.74 304.05 316.74 358.46 12.93 11.78 359.87 354.17 358.3 5.79 14.75 20.22 17.19 13.5 12.76 14.97 22.08 26.32 24.96 21.77 13.65 0.88 349.53 348.85 354.54 358.09 357.2 353.86 348.49 340.05 329.22 316.03 310.63 315.45 311.83 300.29 294.91 298.48 304.9 313.53 319.73 324.01 331.64 343.88 356.7 3.87 6.61 6.65 359.73 349.3 335.63 317.86 304.93 297.85 313.5 324.4 321.5 317.6 315.54 316.99 325.31 341.01
243.88 258.3 273.05 286.05 298.81 280.06 242.36 253.56 282.61 287.38 284.84 297.67 307.47 293.32 267.83 342.42 7.97 6.63 357.68 353.27 357.3 5.12 14.4 17.46 14.47 14.16 16.2 20.1 28.05 27.41 22.59 18.07 10.5 0.46 349.83 346.35 351.19 356.03 356.05 353.73 349.76 343.61 334.69 318.81 310 318.9 317.1 303.36 294.74 296.4 301.07 308.82 315.01 319.6 326.19 337.73 353.89 2.96 6.36 6.31 0.22 352.63 342.9 327.78 310.67 295.68 312.23 326.95 326.21 323.39 320.85 320.95 332.62 0.32
251.55 261.42 270.12 275.74 280.93 270.3 251.5 256.62 270.43 279.48 286.57 301.36 311.22 285.78 245.98 279.72 327.04 345.35 350.88 352.79 355.61 358.06 359.72 2.99 8.6 17.7 26.54 31.92 34.82 25.39 17.35 12.9 8.22 2.06 352.6 344.33 343.9 350.23 353.07 353.71 352.89 350.96 347.31 336.02 324.3 332.97 335.18 324.73 311.07 306.53 305.1 307.97 313.53 319.95 325.91 332.17 344.55 354.78 359.45 358.98 354.96 353.91 352.8 343.46 323.39 299.24 308.11 326.24 335.22 345.79 2.3 29.78 55.99 72.85
257.03 264.64 271.47 272.01 270.22 263.25 253.98 254.46 256.68 267.09 285 303.67 314.5 285.53 245.59 267.75 300.93 329.32 345.37 352.17 354.5 353 348.85 350.92 5.22 22.98 34.24 37.72 35.1 22.39 13.65 9.81 7.05 2.82 354.5 344.33 339.89 346.23 350.86 353.55 354.69 355.34 355.44 350.86 340.88 344.39 350.59 349.23 336.13 323.11 312.93 306.66 309.23 318.19 325.49 329.26 337.17 347.65 354.24 354.63 351.76 354.07 358.7 352.73 335.05 308.84 304.81 318.09 338.18 15.72 53.03 72.93 82.89 89.38
259.22 264.89 271.49 268.48 260.48 253.49 246.95 245.53 246.24 260.05 279.19 299.04 315.29 290.38 249.16 267.48 288.35 310.39 328.65 340.77 349.19 353.74 354.97 358.17 12.03 27.19 35.63 35.29 28.03 16.98 10.75 8.37 5.64 1.16 353.92 342.7 332.69 336 342.68 349.3 354.03 357.66 0.62 1.87 358.94 357.56 359.91 359.1 352.36 343.85 334.12 321.47 319.11 330.13 340.43 347.24 353.28 359.94 4.89 5.32 3.93 4.7 4.96 1.86 357.67 351.06 352.18 26.83 66.05 80.81 84.81 86.37 89.56 92.87
257.18 259.46 263.18 258.36 248.81 240.16 229.43 233.21 252.01 264.87 272.99 287.9 308.54 296.3 265.21 276.51 285.81 296.01 308.16 323.22 339.64 354.01 2.75 11.43 22.83 30.99 38.01 32.13 20.63 11.46 7.91 6.9 4 359.37 353.05 341.92 328.63 325.01 330.87 342.31 352.62 1.17 8.34 15.79 19.64 16.71 13.48 10.55 8.52 6.86 6.21 7.04 7.59 9.98 15.25 19.08 20.1 20.48 20.24 18.58 18.7 18.3 13.02 13.01 24.22 48.32 73.48 90.19 93.73 94.31 91.7 88.72 88.95 89.92
252.29 251.1 249.31 245.77 243.73 234.22 220.67 235.05 275.96 274 267.22 275.53 292 296.92 289.96 290.12 291.83 293.92 299.16 312.84 331.68 352.58 4.77 15.16 24.29 31.52 39 26.34 14.7 8.7 6.76 5.94 2.89 358.55 353.49 345.8 335.45 327 328.5 340.54 353.2 4.04 12.48 20.58 24.2 21.18 17.32 14.5 13.49 13.15 14.78 20.07 24.37 27.13 30.87 31.48 29.61 27.74 25.39 22.69 22.7 21.98 19.14 22.91 41.36 69.54 90.06 101.89 101.86 99.81 94.19 88.2 86.27 85.06
249.67 247.47 243.26 242.93 246.48 240.2 232.45 250.37 281.69 275.84 257.66 266.11 282.37 290.45 297.91 305.14 309.13 305.58 304.39 315.94 329.97 348.15 359.2 5.07 4.48 359.9 356.25 358.19 0.56 2.82 4.09 3.23 359.73 355.94 354.31 354.95 355.96 356.26 357.21 1.9 9.23 15.4 20.33 26.43 29.25 27.26 24.82 22.62 20.27 18.03 18.96 25.51 35.76 48.64 52.43 45.21 37.58 33.29 30.08 27.76 30.37 35.82 42.77 51.93 68.02 84.69 96.66 105.7 105.76 103.44 96.36 88.21 83.98 80.44
252.77 248.52 240.95 241.01 245.61 244.41 243.41 254.62 269.27 262.16 241.94 264.28 292.76 286.75 282.86 310.46 331.92 328.75 322.87 328.55 333.4 343.99 352.92 355.18 348.82 335.4 323.29 333.54 347.64 357.8 1.85 1.11 357.47 353.89 354.57 2.04 13.97 23.48 25.07 23.93 25.37 25.52 26.71 31 33.27 31.68 29.74 27.48 24.26 21.13 21.8 29.64 45.84 68.49 67.63 50.97 40.88 37.61 34.93 33.25 38.81 49.35 60.34 69.66 80.11 89.7 96.93 103.47 104 102.35 97.13 90.6 83.95 77.6
257.54 248.63 236.25 235.75 240.39 242.87 246 250.12 252.29 245.29 236.44 267.1 304.4 288.45 260.78 292.43 323.3 321.23 316.46 324.24 330.04 338.91 345.69 348.5 347.8 341.59 332.73 333.71 342.96 352.97 358.44 0.95 2.03 3.86 8.36 16.55 27.09 31.13 30.68 31.18 31.21 28.37 28.04 31.82 33.95 32.33 30.35 27.95 24.92 22.17 22.68 29.48 45.77 77.47 69.56 41.96 35.07 37.57 38.62 39.83 48.95 61.58 71.56 78.84 86.04 92.41 96.49 99.93 99.1 96.73 95.02 93.23 84.92 75.68
258.08 246.04 232.14 232.12 235.99 238.53 241.05 240.01 237.74 237.57 240.3 264.94 300.25 290.57 256.93 286.32 310.77 309.33 305.66 316.93 324.85 332.57 335.49 337.21 343.5 346.81 342.58 337.32 337.52 343.8 351.75 0.77 10.53 22.04 32.54 40.26 44.78 41.77 39.83 40.24 37.37 31.39 29.41 33 35.67 34.29 32.43 29.9 26.93 24.3 24.16 28.57 38.74 69.66 54.51 25.62 28.45 38.2 45.63 52.99 64.73 75.23 81.65 85.92 90.6 94.97 96.46 97.12 94.23 89.87 90.61 93.15 84.39 73.29
254.9 243.03 231.3 230.87 232.43 232.96 232.41 230.74 231.53 238.03 247.42 259.31 273.25 281.43 281.14 292.56 304.17 301.86 297.69 312.59 323.03 331.84 333.86 331.6 338.6 348.58 347.13 340.29 336.13 338.86 347.28 0.91 17.61 33.42 43.65 49.06 50.42 46.06 43.43 41.81 37.19 31.33 29.51 33.77 37.13 35.38 33.02 29.8 26.54 23.96 23.35 25.99 30.93 43.85 30.32 19.1 30.19 43.77 57.7 71.6 80.67 85.78 88.62 90.48 94 97.74 97.32 95.71 90.13 82.53 84.63 90.86 82.54 70.99
239.24 225.33 221.96 226.88 229.99 231.75 231.86 232.4 233.23 240.13 253.64 254.67 250.25 265.69 291.95 301.54 310.62 308.13 304.45 335.09 346 349.66 348.94 344.18 344.58 353.34 356.62 357.65 359.18 3.11 11.07 22.47 34.78 43.68 48.44 49.77 47.83 42.26 37.85 34.66 31.6 29.65 30.6 35.57 37.35 33.41 29.53 25.19 21.88 20.73 22.48 28.11 35.61 43.9 44.19 46.7 64.15 76.08 84.89 91.2 92.85 92.79 92.98 93.27 95.57 98.77 97.74 94.9 86.59 76.47 79.09 85.7 77.66 66.25
209.37 193.96 209.52 229.3 233.05 234.5 233.7 233.03 230.18 237.03 257.6 254.73 247.32 258 275.81 297.38 322.97 323.94 357.23 19.48 13.98 7.15 2.86 359.77 355.41 358.42 6.18 15.95 23.88 30.66 37.58 44.3 49.89 51.59 51.65 48.74 43.38 36.18 30.31 27.75 27.82 29.54 32.6 36.59 35.81 30.49 25.65 20.67 17.73 18.42 22.93 31.5 39.7 41.93 48.75 83.3 99.84 101.46 99.57 97.79 96.16 94.49 93.94 93.94 94.11 94.59 93.71 91.82 84.27 76.21 75.98 75.76 68.5 60.92
206.29 205.59 240.45 247.16 237.66 233.78 230.29 228.51 225.67 236.69 261.32 258.16 249.47 252.22 255.78 270.53 296.27 283.36 249.38 332.44 351.29 355.56 356.65 354.68 350.92 354.66 4.09 14.96 23.51 30.93 37.81 45.25 51.35 50.4 46.83 40.89 34.74 28.96 25.1 25.44 28.03 30.58 32.69 33.45 30.18 24.71 19.99 16.12 15.12 17.79 23.87 34.32 44.92 51.46 70.73 100.94 112.91 115.1 109.72 102.21 98.08 95.57 94.56 94.34 91.82 88.19 87.25 87.58 84.49 80.72 74.83 66.97 63.54 63.04
215.83 227.29 250.74 247.51 231.19 224.82 223.71 226.45 229.38 244.05 262.76 259.69 252.09 251.97 252.8 261.71 274.09 268.18 259.65 286.61 310.49 330.11 342.12 343.08 340.9 344.9 355.15 7.62 18.42 26.22 31.38 40.56 48.62 40.01 27.81 19.19 15.83 14.47 14.76 20.04 27.57 30.85 30.55 26.74 19.8 12.63 7.81 6.93 10.18 16.36 25.7 42.22 62.4 77.02 89.63 99.83 106.29 111.08 109.18 101.78 98.68 98.4 97.19 95.9 91.09 84.93 84.56 86.44 84.79 81.93 73.58 64.03 64.48 67.91
235.85 238.54 238.74 228.57 219.24 218.12 224.11 232.29 238.87 250.58 260.81 257.48 251.41 251.78 253.59 258.23 263.02 263.63 264.83 280.92 296.72 315.54 331.61 335.5 335.5 337.5 346.74 1.88 16.04 23.43 26.26 38.72 49.39 29.59 13.15 4.46 3.59 5.71 8.78 18.1 30.22 31.86 28.49 21.61 13.22 5.72 0.94 1.54 7.75 16.42 28.91 53.55 84.03 100.2 102.05 100.63 101.36 103.59 101.62 94.62 95.68 102.42 101.75 98.42 92.24 85.31 85.25 87.54 84.38 79.25 71.34 63.69 65.78 70.08
264.18 242 231.78 233.18 241.42 245.05 247.42 249.27 251.02 253.63 254.75 251.57 248.66 250.05 251.55 252.09 251.59 256.89 265.45 282.36 299.86 319.67 332.17 332.93 332.19 330.13 332.99 346.82 5.43 18 25.08 41.4 47.22 21.09 11.88 11.32 13.24 12.33 11.99 19.3 30.15 27.59 23.3 18.4 14.59 13.22 13.61 15.59 19.71 28.3 46.05 73.59 100.85 117.69 116.21 106.62 101.67 99.93 95.08 87.2 91.58 103.97 105.87 102.25 94.69 86.1 85.54 87.79 81.33 72.04 65.42 61.45 64.01 66.53
300.62 253.86 240.94 245.83 251.08 253.13 254.54 255.04 255.45 251.57 244.56 243.95 248.94 249.14 246.68 244.07 240.66 246.52 257.07 280.44 308.8 331.72 337.24 331.93 328.6 322.67 316.86 321.78 339.36 8.69 26.25 40.61 33.41 13.32 12.58 19.74 24.21 18.99 14.66 18.29 25.45 20.42 17.63 16.4 17.6 22.57 27.75 29.39 31.13 42.68 65.21 86.79 105.52 122.23 125.84 116.32 107.25 101.25 93.66 85.72 89.45 100.04 105.62 106.84 98.2 86.08 83.52 84.33 74.11 61.53 59.4 62.21 62.43 58.7
321.76 280.75 259.92 254.23 249.94 249.79 251.31 252.52 253.85 246.7 236.04 240 252.73 248.78 240.97 237.33 233.77 238.94 247.99 269.42 298.95 329.42 337.73 332.53 328.68 321.87 312.79 311.07 320.78 10.82 34.7 39.85 28.13 14.94 15.26 22.34 24.67 17.58 13.36 17.28 23.85 17.32 14.87 14.95 17.88 25.04 30.77 30.7 34.07 53.43 79.31 95.13 106.72 117.3 121.54 116.97 110.23 103.73 96.18 88.74 88.54 92.32 99.28 107.58 100.32 86.33 80.93 78.27 68.31 57.84 61.77 70.81 63.86 53.37
