InputMaps/malcataSlope_300.grass
north: 40:14:17.01N
south: 40:12:39.7468N
east: 7:02:14.5154W
west: 7:04:21.43W
rows: 300
cols: 300
[rows 210 to 244 of 300, columns 0 to 77 of 300]
0 0 22.32 20.51 19.38 20.93 23.21 23.5 21.58 21 12.3 14.47 15.47 15.72 16.37 19.61 23.42 32.5 44.03 52.06 59.98 62.18 46.23 27.93 16.74 5.16 7.08 11.84 12.31 8.37 7.87 11.01 12.43 17.35 35.02 47.68 29.57 10.23 14.82 26.37 40.75 52.44 58.53 58.78 57.18 54.59 51.55 48.12 47.71 48.72 42.41 38.55 40.77 44.3 48.11 52.19 55.16 56.45 57.29 57.89 59.82 63.34 69.16 75.44 78.26 77.79 74.41 69.48 67.97 65.56 56.45 43.66 31.14 19.85 11.27 10.21 12.71 18.31
0 0 22.32 19.24 18.39 19.91 23.39 25 25.51 26.27 12.97 13.55 14.77 14.51 15.47 24.62 33.54 40.07 47.24 50.53 53.68 53.73 34.06 14.49 11.28 8.94 8.97 10.14 10.19 8.76 7.29 6.55 5.74 11.72 34.33 51.14 28.23 12.85 22.42 32.7 42.53 48.92 49.37 46.62 45.08 44.65 44 42.95 44.21 46.08 42.12 39.83 41.54 44.36 47.87 52.51 56.98 60.15 62.64 64.6 66.49 67.76 70.24 73.18 71.8 67.23 61.4 54.81 50.19 44.14 35.89 26.1 16.94 10.19 12.33 18.57 24.93 31.92
0 0 36.75 31.72 28.82 27.85 29.79 30.49 29.11 27.11 11.23 13.27 15.59 17.01 20.32 31.56 41 42.79 43.4 43.9 47 47.94 28.46 10.21 10.25 10.8 10.74 10.27 11.43 9.31 3.08 3.75 6.8 11.16 32.45 49.33 26.78 27.35 38.01 43.85 45.25 41.78 33.76 27.53 27.73 30.73 33.67 36.37 40.75 44.21 42.35 41.03 42.04 44.2 47.47 53.26 60.45 66.43 71.43 75.24 75.99 72.85 69.65 66.89 59.92 50.42 41.25 31.3 21.66 11.46 13.8 15.61 17.52 21.2 29.39 39.04 47.4 54.69
0 0 42.73 36.95 33.21 31.26 32.6 32.5 28.42 23.22 8.74 15.47 18.93 22.64 27.1 36.64 44.07 40.94 35.1 35.64 42.86 46.45 30.7 15.03 12.59 10.97 11.41 13.81 16.57 9.05 9.44 7.28 9.64 13.95 29.65 42.76 22.94 36.81 45.91 47.79 45.34 38.18 27.92 19.61 23.83 28.29 31.71 35.32 40.33 43.7 42.66 41.78 42.72 45.05 48.42 55.37 64.26 70.64 75.95 79.8 78.95 73.56 67.71 62.09 53.01 42.03 31.67 20.68 9.8 9.48 21.14 24.87 26.85 30.04 39.81 51.47 59.06 65.2
0 0 44.6 40.24 36.57 33.57 32.69 30.14 23.28 16.3 6.02 17.81 22.18 27.21 31.01 37.18 42.03 34.66 24.81 27.88 39.62 45.56 33.46 21.18 16.66 12.02 12.58 17.62 20.88 2.3 16.9 9.91 9.54 16.29 26.3 36.22 26.28 44.8 47.41 44.06 41.6 37.68 33.95 25.93 32.38 37.4 40.43 44.04 48.37 50.89 50.5 50.25 51.48 54.04 57.15 62.85 68.67 69.89 69.92 68.82 63.62 57.1 50.96 44.59 35.29 25.03 16.11 9.63 12.56 22.96 34.14 39.1 42.33 46.52 56.83 67.75 71.54 73.75
0 0 47.86 47.01 44.17 39.57 33.76 25.89 16.18 8.16 6.88 20.18 24.24 28.5 31.06 35.05 38.68 30.47 21.98 27.68 40.88 47.7 37.79 28.04 22.59 16.86 17.06 22.42 26.81 15.39 18.53 8.96 7.5 14.85 22.86 34.4 38.52 49.45 44.55 37.27 35.97 36.99 41.2 38.52 46.49 51.37 54.5 58.61 62.65 64.86 65.27 65.64 66.98 69.19 71.4 72.85 70.72 63.63 55.53 47 35.98 28.41 22.18 15.26 5.9 4.65 12.89 24.19 36.12 47.51 58.8 65.79 70.97 76.49 84.49 90.09 88.36 85.29
0 0 49.06 50.08 47.78 42.49 33.9 22.76 12.41 4.99 11.4 22.32 24.88 26.71 27.95 31.42 35.14 28.76 23.32 28.95 42.43 49.97 40.88 32.17 26.19 19.74 19.42 23.93 28.82 22.77 15 5.11 4.77 10.33 19.45 33.69 44.69 47.55 40.03 34.48 34.45 36.31 42.96 44.27 53.66 58.55 62.05 66.47 69.9 71.63 72.34 72.9 74.24 76.24 78 76.05 68.38 57.28 45.55 34.1 22.47 16.28 9.89 2.46 9.41 18.53 26.08 38.37 51.5 62.48 73.69 80.92 86.09 91.67 97.5 99.15 94.72 89.2
0 0 42.49 43.22 41.63 37.63 30.94 22.06 14.11 9.47 15.61 23.8 24.73 24.13 24.04 26.63 29.68 24.27 19.87 25.22 40.46 49.78 41.82 34.07 27.69 20.16 18.56 20.94 23.73 20.14 13.3 8.1 8.7 15.12 24.92 36.35 44.11 43.13 38.12 37.19 38.86 39.72 45.88 49.86 59.32 63.56 66.58 69.88 70.96 70.68 70.05 68.97 68.35 67.73 66.23 59.99 50.4 40.06 29.25 18.85 10.56 10.54 11.69 17.23 25.32 33.28 40.34 52.52 64.56 72.47 80.48 84.17 85.39 87.58 90.04 89.75 85.87 81.74
0 0 28.44 28.3 28.17 27.39 26.26 22.81 17.57 14.39 19.06 24.73 24.38 22.13 21.06 22.17 23.97 19.84 15.52 19.77 36.33 46.98 41.05 35.15 29.32 21.26 17.89 17.88 18.06 13.57 11.93 15.03 22.41 31.04 38.03 41.73 41.44 39.68 39.58 43.15 46.67 47.77 54.51 61.83 69.84 72.03 73.02 73.66 71.07 67.48 63.92 59.26 54.27 47.6 39.04 26.79 15.8 7.41 1.63 10.34 21.22 31.26 39.18 47.44 55.3 62.35 68.58 76.85 82.82 84.41 86.07 83.67 78.56 74.95 73.14 71.52 69.34 68.72
0 0 20.92 20.43 21.12 22.89 26.62 26.47 21.85 18.74 21.68 25.15 24.01 20.83 19.06 18.24 18.5 16.68 13.69 17.43 32.98 43.11 39.36 35.41 30.68 23.32 19.61 19.18 19.16 9.62 9.46 19.97 32.15 41.26 44.75 42.91 39.48 38.46 41.26 47.34 51.92 53.23 59.88 68.91 75.38 76.1 75.81 74.9 70.18 64.72 59.39 52.58 44.79 33.76 20 6.28 3.8 11.18 19.16 27.13 38.13 49.09 57.57 65.75 72.98 79.3 84.82 89.96 91.02 88.61 86.28 80.58 72.41 66.06 63.2 61.93 61.86 64.48
0 0 18.77 18.29 18.66 21.55 28.59 30.33 25.8 22.45 23.32 24.5 23.19 20.27 18.39 15.7 14.16 13.58 12.63 17.28 31.2 39.91 36.73 33.61 30.01 24.23 21.68 22.03 22.46 9.4 15.12 24.56 36.33 43.47 43.97 42.49 41.9 42.87 46.23 51.77 54.93 54.61 58.75 66.25 70.74 70.63 69.63 67.65 61.12 54.04 47.39 39.59 31.15 20.82 10.63 8.12 14.45 21.66 29.71 37.75 49.11 59.7 66.44 72.78 77.99 81.91 85.12 87.53 86.77 84.39 82.25 77.36 70.55 65.68 64.4 64 64.96 68.4
0 0 12.89 12.74 13.14 17.85 27.91 31.33 27.64 24.77 23.78 23.8 25.79 26.04 23.59 17.61 12.95 9.53 8.26 15.86 31.34 39.87 34.38 29.78 27.09 22.97 21.45 21.57 23.23 16.86 23.13 28.94 39.08 43.8 42.16 44.49 49.99 54.65 58.53 60.29 57.96 53.79 53.55 56.73 58.27 56.71 53.63 48.89 38.2 27.04 17.36 7.08 3.39 15.71 25.82 31.7 37.65 44.98 52.96 60.75 70.49 78.54 82 84.55 85.47 84.18 82.26 80.74 78.7 77.38 77.06 74.81 71.72 70.96 72.03 71.66 71.21 71.31
0 0 9.98 10.94 12.66 17.63 26.58 29.66 26.86 24.9 22.36 22.58 29.02 33.69 32.02 23.18 16.31 7.94 5.62 13.33 33.48 45.25 35.98 27.79 25.59 22.38 20.09 17.24 20.2 22.61 26.45 30.21 41.1 45.86 44.31 48.76 56.92 63.04 66.5 64.48 57.58 51.73 49.97 50.31 49.9 47.05 41.73 34.7 21.34 7.88 3.61 15.08 25.32 36 43.9 48.27 53.55 60.87 68.85 76.35 84.57 90.43 91.44 91.27 89.16 84.13 78.85 75.48 73.23 72.94 74.29 74.09 73.89 75.9 77.55 76.32 73.91 70.08
0 0 10.9 12.88 15.45 18.97 25.46 27.67 25.3 23.47 17.43 14.67 22.51 33.58 36.93 28.31 21.2 8.08 9.07 6.99 34.1 51.16 38.24 26.21 24.26 21.58 18.5 14.11 19.28 25.87 28.76 33.12 45.75 51.82 51.47 54.75 59.25 62.6 63.88 59.98 53.13 48.9 48.22 47.42 45.66 41.48 34.36 26.04 13.45 9.32 13.92 23.74 32.78 42.24 49.08 52.79 56.76 62.55 69.13 75.02 81.59 86.3 86.36 85.73 83.43 78.29 73.92 71.88 70.49 71 73.41 73.73 73.36 73.8 72.94 70.91 68.36 63.45
0 0 11.61 15.23 18.86 21.68 26.78 28.24 26.03 24.64 15.27 4.95 10.61 28.36 36.26 29.54 23.75 10.82 7.01 12.42 37.04 52.02 37.42 23.95 20.94 18.2 18.82 22.37 30.68 37.39 41.18 46.64 58 63.08 61.14 59.71 57.56 55.64 53.12 48.32 44.62 42.72 41.54 37.83 33.12 26.27 16.55 7 8.01 21.79 29.69 39.1 47.07 54.37 59.33 60.38 59.52 60.07 61.68 62.83 66.09 68.91 67.64 67.14 65.53 62.03 61.62 63.38 63.97 66.36 70.84 70.96 66.52 60.43 56.12 55.6 54.62 49.89
0 0 11.24 16.19 21.08 24.69 30.62 32.34 30.88 31.04 21.79 16.06 17.15 26.42 31.4 26.28 22.82 16.52 12.13 29.24 44.4 47.04 32.54 20.86 15.05 12.01 20.59 31.23 40.37 46.36 51.11 57.83 67.75 70.88 65.8 59.72 54.08 49.77 45.18 40.19 38.91 38.11 35.41 29.36 22.13 13.29 2.11 8.56 22.31 34.79 42.36 51.45 58.41 63.58 66.83 64.71 59.25 55.78 53.77 52.18 54.84 57.81 57.17 57.9 56.27 53.1 54.83 58.33 59.62 63.61 69.92 68.52 58.42 46.35 43.84 48.5 46.33 39.96
0 0 10.31 15 20.6 25.62 34.43 37.7 37.06 37.53 25.18 17.09 17.99 22.2 24.12 21.38 19.96 22.66 28.59 37.49 40.81 35.07 23.76 15.71 8.59 12.9 24.63 35.72 44 48.83 52.78 59.23 67.96 69.77 62.94 55.83 51.1 47.64 43.01 37.91 36.26 34.6 30.78 24.34 16.66 8.32 8.72 16.7 29.35 40.64 47.87 56.68 62.07 64.66 66.31 61.86 55.26 52.19 50.38 49.23 53.19 57.27 58.34 60.62 58.75 55.22 56.29 57.94 57.57 61.7 68.41 64.34 50.73 38.55 40.37 50.81 44.6 34.91
0 0 9.77 13.07 19.6 26.22 37.99 42.96 42.78 42.93 29.97 22.88 27.19 27.81 23.92 23.01 26.14 34.12 43.35 42.07 31.35 20.21 11.14 12.73 22.09 33.23 41.31 47.7 52.06 54.13 56.51 61.36 66.67 65.27 56.12 48.42 44.03 39.68 33.06 25.56 21.79 18.44 13.75 7.5 4.41 10.87 21.72 30.29 40.3 48.76 53.82 59.58 60.86 58.62 56.8 49.61 43.98 45.14 46.98 48.9 54.93 59.9 60.4 60.2 56.53 52.84 53.09 50.83 46.15 48.54 54.05 45.82 28.85 22.66 31.84 44.85 32.81 17.48
0 0 9.87 14.17 22.98 30.72 43.24 48.32 46.78 45.3 34.87 29.98 35.79 35.43 29.2 31.06 41.47 47.65 48.07 38.26 20.92 7.69 6.46 23.59 39.27 49.56 53.95 56.47 57.63 58.02 59.64 62.63 63.99 59.63 49.69 42.24 37.44 31.5 23.47 14.8 9.88 5.52 2.23 8.42 16.48 24.33 34.06 41.4 48.67 54.3 56.8 59.09 57.33 52.3 48.46 41.15 37.08 41.42 46.13 50.47 57.63 62.72 60.33 54.98 51.44 51.99 52.87 44.7 34.94 35.87 41.27 34.19 17.87 13.35 25.65 35.71 25.58 13.43
0 0 10.43 17.62 28.17 35.56 47.3 51.53 48.02 45.17 38.54 34.97 36.19 32.96 27.12 31.28 47.4 47.5 41.44 30.15 14.31 6.02 17.27 34.46 44.84 51.32 54.37 56.31 57.16 58.11 60.08 61.63 60.39 54.96 46.04 39.29 33.87 27.16 19.63 13.15 9.98 7.65 7.66 13.77 21.93 29.23 38.43 45.15 50.89 55.15 56.56 57.29 55.06 50.08 46.26 41.63 39.62 43.58 47.72 51.49 57.67 61.89 56.24 47.24 46.42 53.88 56.49 42.4 29.78 29.27 33.19 29.13 20 17.06 22.91 26.21 19.86 12.89
0 0 9.15 20 31.13 37.96 48.63 51.95 47.68 44.69 38.48 31.21 22.26 12.04 14.13 25.74 43.95 34.43 21.44 10.98 8.55 21.17 36.13 50.48 51.71 50.04 49.6 50.61 52.04 53.16 53.25 51.21 46.84 40.53 31.89 24.94 18.55 11.17 4.09 5.62 9.9 13.19 16.44 22.82 30.86 37.02 44.08 48.59 51.83 54.35 54.59 54.18 51.95 47.4 44.01 42.16 42.39 45.17 46.75 47.63 50.92 52.77 43.29 32.1 35.72 49.27 52.02 30.31 12.98 17.01 22.89 25.24 25.27 23.91 23.71 25.21 24.44 22.6
0 0 15.56 23.44 30.37 36.02 46.27 50.36 49.26 48.27 37.55 25.16 19.68 9.57 3.65 22.09 36.19 27.15 19.42 20.18 29.16 40.78 51.67 59.65 54.58 47.33 44.5 45.77 48.4 48.4 45.59 40.63 33.95 27.06 18.63 11.51 4.25 3.9 10.59 16.81 20.66 23.32 25.33 30.7 38.45 43.32 47.83 50.08 51.72 53.26 52.69 51.59 49.47 45.3 42.31 42.96 45.36 46.22 44.21 42.01 42.63 42.73 32.07 20.96 28.18 44.91 50.27 33.77 19.38 17.73 21.1 29.32 36.39 39.48 39.66 38.73 36.12 33.88
0 0 19.1 23.59 26.64 31.95 42.16 47.37 51.05 53.75 36.48 16.62 16.17 15.06 14.09 21.87 26.63 19.54 15.81 19.85 32.96 45.62 54.19 59.65 53.97 46.13 43.57 46.3 50.06 48.07 43.5 38.05 30.79 23.57 15.86 9.42 5.16 9.83 14.4 19.15 22.24 24.46 26.12 32.4 41.35 45.72 48.7 50.08 51.72 53.26 52.3 50.67 48.39 44.25 41.28 44 48.5 47.32 42.5 38.87 37.91 36.58 26.29 15.62 22.34 38.48 44.74 34.13 23.74 16.78 16.67 25.98 34.6 38.87 39.72 39.4 36.49 33.93
0 0 23.72 25.45 26.69 31.87 41.26 46.31 51.75 55.93 35.04 11.06 10.87 17.14 20.09 18.95 18.78 16.59 17.75 22.87 35.88 46.16 50.06 52.58 46.38 39.59 40.28 45.07 48.18 42.18 34.45 27.79 20.07 13.28 6.95 4.4 10.6 18.89 23.08 26.44 28.94 30.83 32.22 38.4 47.22 50.14 50.35 49.51 50.1 50.89 49.25 47.39 45.21 40.78 37.31 39.94 42.96 37.46 29.62 26.97 28.07 28.48 20.07 10.97 17.68 32.51 38.62 32.15 27.07 19.99 17.96 20.23 25.62 31.9 36.12 38.28 35.96 32.61
0 0 26.47 27.73 30.33 36.6 45.99 50.51 52.03 51.64 32.57 13.18 14.09 16.66 16.79 15.43 17.13 18.62 21.41 25.81 36.5 43.94 45.04 46.14 40.94 36.21 39.22 43.77 44.59 35.11 24.75 17.2 9.82 4.74 6.63 11.82 19.61 27.99 31.49 33.73 35.76 37.35 38.51 44.25 52.3 53.51 50.74 47.48 47.15 47.46 45.81 44.6 42.52 37.2 32.91 33.16 33.42 30.01 25.79 24.18 24.85 25.4 17.77 9.3 15.37 28.26 33.27 27.44 25.68 24.11 19.65 15.19 16.61 23.41 31.38 36.45 35.41 31.99
0 0 25.48 28.21 32.46 38.53 47.43 50.63 47.22 42.53 29.05 15.96 14.86 12.23 8.82 9.89 14.09 17.74 21.81 26.59 36.37 42.79 43.84 44.9 42.19 40.43 42.73 44.06 42.72 32.49 22.71 15.81 10.82 8.76 12.05 16.62 24.15 32.43 34.96 35.9 37.29 38.39 39.21 45.12 53.3 53.65 48.99 44.65 44.55 45.2 44.3 44.26 42.1 35.69 30.7 27.78 24.16 24.3 26.23 26.55 25.85 25.39 17.76 9.3 14.26 25.11 29.02 22.38 21.29 23.62 20.49 15.7 15.58 21.52 29.52 35.72 35.71 33.54
0 0 20.5 25.43 30.85 36.13 44.18 45.89 39.34 33.77 25.44 16.4 11.75 4.58 7.25 13.91 19.34 23.79 27.63 31.53 38.95 43.58 44.97 47.03 46.24 45.36 44.36 40.1 35.22 22.96 14.57 10.13 10.69 13.4 18.31 22.31 27.94 33.63 32.63 29.21 27.32 27.47 29.21 36.38 43.24 40.51 32.33 27.24 30.47 34.15 35.65 37.81 35.87 28.61 24 20.76 17.16 19.77 24.59 27.07 27.95 30.29 29.11 24.79 24.15 29.36 32.44 28.81 28.78 30.67 29.28 24.49 20.71 20.39 22.11 27.72 28.94 29.54
0 0 19.54 24.52 29.61 34.05 41.13 42.49 36.07 31.14 23.81 15.52 10.34 9.65 16.92 22.37 26.87 30.85 33.9 36.7 41.74 44.55 47.18 51.41 50.58 47.39 42.53 33.74 25.9 12.34 10.21 11.73 16.99 21.11 24.48 26.25 28.55 30.46 27.28 22.32 21.13 25.44 28.77 31.19 33.07 30.97 27.02 27.61 34.79 40.83 44.31 47.62 46.13 39.52 33.07 25.24 18.45 17.74 18.45 24.5 34.06 44.72 51.87 49.68 43.89 42.63 43.6 41.52 39.72 39.11 38.4 34.27 26.88 18.84 15.77 19.84 21.62 23.99
0 0 22.14 25.83 29.64 33.23 38.99 40.3 35.79 32.26 23.33 13.29 7.84 12.54 20.93 24.77 28.43 32.22 34.94 37.38 41.22 43.06 47.52 53.84 51.26 45.57 39.36 29.51 20.81 10.25 14.93 17.26 22.44 25.69 26.62 26.63 26.74 25.85 22.02 17 17.35 28.18 36.78 32.03 25.4 23.22 22.92 25.9 33.85 40.63 45.11 49.83 49.64 45.59 40.95 31.8 23.58 17.1 10.16 19.23 32.2 44.71 53.68 55.24 48.53 44.15 43.92 42.76 41 40.4 40.22 36.75 29.59 21.15 17.37 18.18 19.66 21.75
0 0 25.44 28.04 30.83 33.57 38.23 39.71 37.16 34.88 24.63 14.66 12.37 19.24 26.17 26.49 27.05 29.09 31.22 33.96 37.85 39.86 45.35 51.49 45.19 35.88 28.33 17.45 8.86 6.25 18.84 22.17 26.72 28.14 25.63 23.29 21.98 20.3 17.13 12.42 13.38 29.09 42 32.47 21.09 18.47 17.22 18.24 25.43 31.99 36.2 42.59 45.09 45.82 46 39.46 32.4 23.26 17.9 23.17 27.68 31.42 35.01 44.84 42.59 38.13 36.91 35.22 32.47 31.9 33.07 31.6 27.78 23.08 18.59 15.9 15.47 15.38
0 0 30.93 34.69 37.63 39.06 42.04 43.03 41.44 39.84 29.41 21.07 20.25 25.44 29.84 27 24.45 24.99 27.12 30.33 34.57 36.99 41.49 45.17 36.53 25.34 17.86 7.85 6.37 13.68 23.47 25.47 27.91 27.46 22.89 19.3 18.23 17.32 14.67 9.88 10.42 26.56 40.8 34.89 25.68 20.03 14.5 12.19 20.68 29.09 31.66 35.41 37.3 39.7 43.85 44.88 44.03 37.9 31.21 27.32 21.33 14.32 14.77 30.64 32.44 30.53 29.25 26.91 23.24 22.98 25.36 25.96 25.89 24.82 20.88 17.52 16.86 16.62
0 0 30.78 35.92 40.19 41.17 43.34 44.09 43.08 41.94 30.69 22.16 21.8 26.73 30.41 26.68 23.41 24.34 27.52 30.78 34.42 36.36 38.36 38.92 30.16 19.27 12.37 5.32 9.28 16.8 24.57 25.51 26.39 25.11 20.24 16.49 16.55 16.89 14.06 8.64 8.4 21.76 34.17 34.16 30.52 24.55 16.33 12.57 22.81 32.84 31.97 30.37 29.91 31.2 36.26 42.66 45.8 41.39 34.09 27.49 19.8 11.5 13.01 21.94 25.99 27.94 28.06 26.64 23.86 23.16 24.49 25.61 27.22 27.43 24.78 22.6 21.27 20.1
0 0 31.46 37.23 42.87 44.11 46.03 46.77 46.32 45.3 32.85 22.28 19.72 23.43 26.72 23.2 21.92 25.4 29.36 31.46 33.17 33.46 32.6 30.7 22.76 13.23 7.97 6.72 12.55 18.61 23.86 23.6 23.37 21.86 17.4 14.1 15.06 16.32 13.48 8.05 7.75 17.95 27.55 31.11 33.21 28.7 19.12 14.3 25.08 35.46 31.41 25.92 24.28 24.07 27.01 33.88 38.82 35.74 29.65 24.71 21.09 17.98 16.15 18.14 22.61 25.82 26.15 25.34 23.94 22.93 22.97 24.11 27.11 28.8 28.54 29.02 28.08 26.56
0 0 33.83 39.37 45.73 47.72 50 51.01 51.34 50.49 37.01 23.6 16.88 18.11 21.76 20.42 22.4 27.74 30.77 30.92 30.2 28.53 25.24 21.83 15.74 9.39 7.72 10.79 16.37 19.86 21.62 20.35 19.82 18.68 15.31 12.9 13.73 14.82 12.52 8.59 8.98 16.6 23.99 28.54 33.92 31.02 21.99 17.01 25.99 34.75 30.27 24.26 22.25 20.39 19.84 24.59 29.83 27.83 23.5 21.22 21.67 22.67 21.09 20.25 22.18 24.76 25.06 24.89 25.01 24.78 25.42 27.62 31.61 34.3 36.05 38.36 37.54 35.65
0 0 34.17 39.44 45.84 48.28 51.05 52.55 54.26 54.48 40.85 26.25 17.06 14.94 19.25 22.32 27.58 30.63 30.96 29.76 27.61 24.74 19.82 14.78 10.21 7.14 7.93 13.02 18.75 19.84 18.6 16.98 16.75 16.15 14.12 12.7 12.5 12.51 10.75 8.26 9.17 16.11 23.28 27.97 33.99 32.13 24.82 20.55 25.91 31.35 27.87 23.08 21.37 19.42 18.12 21.5 25.91 24.99 22.14 20.71 21.54 23.08 22.34 21.26 22.7 26.37 27.64 27.94 28.62 29.17 30.67 32.85 36.04 38.37 40.88 43.76 42.09 39.17
