InputMaps/malcataHeight_200.grass
north: 40:14:17.01N
south: 40:12:39.7468N
east: 7:02:14.5154W
west: 7:04:21.43W
rows: 200
cols: 200
[rows 0 to 31 of 200, columns 72 to 143 of 200]
0 0 0 0 0 0 0 0 0 0 0 0 0 0 0 0 0 0 0 0 0 0 0 0 0 0 0 0 0 0 0 0 0 0 0 0 0 0 0 0 0 0 0 0 0 0 0 0 0 0 0 0 0 0 0 0 0 0 0 0 0 0 0 0 0 0 0 0 0 0 0 0
849.91 839.99 829.43 822.39 816.58 808.7 802.55 797.81 796.03 795.28 795.97 799.2 802.72 805.46 807.41 809.49 816.33 822.17 827.11 831.11 834.19 835.81 837.42 838.44 837.41 836.37 835.38 834.97 835.94 838.28 841.34 844.77 848.78 850.71 851.94 852.78 854.28 856.26 859.49 862.6 865.57 869.17 871.54 871.25 869.96 868.44 867.31 866.9 866.92 865.91 863.3 858.74 856.15 855.23 857.48 863.05 869.29 872.41 874.71 876.4 874.87 875.37 878.58 878.87 879.01 880.02 880.52 881.15 884.03 888.12 893.17 894.46
847.7 838.07 829.35 822.23 815.88 810.15 804.63 799.28 796.58 794.79 794.25 794.98 796.19 798.01 800.06 802.67 809.2 814.74 819.36 823.64 826.69 827.69 828.69 829.64 830.45 831.26 832.12 833.57 835.92 839.18 843.45 847.36 850.44 851.21 851.27 851.18 852.34 854.25 856.25 859.16 863.05 866.46 868.43 867.52 866.55 865.58 864.76 863.73 862.5 859.33 856.65 854.56 853.9 854.07 855.71 858.87 862.69 867.04 870.4 873.01 873.64 873.66 872.85 873.35 874.76 877.93 879.5 880.58 882.85 885.13 887.41 889.85
846.9 837.69 830.7 823.89 817.39 812.57 807.46 802.12 798.77 795.92 793.78 792.46 791.76 792.41 794.16 796.79 802.51 807.56 812.01 816.45 819.52 820.28 821.04 822.03 823.81 825.83 828.06 831.1 834.71 838.9 843.91 848.1 850.64 850.91 850.5 849.99 850.92 852.66 853.68 856.15 860.22 863.82 865.88 864.86 864.13 863.43 862.41 860.86 858.89 854.57 851.87 851.11 851.46 852.24 853.63 855.49 857.99 863.07 866.9 869.82 870.97 870.64 868.35 869.74 872.33 876.4 878.5 879.87 881.9 883.29 884.18 886.94
848.13 839.57 834.11 828.2 822.12 816.38 811.36 806.95 803.32 799.43 795.13 792.42 790.41 789.52 790.35 792.27 796.45 800.77 805.22 809.66 812.84 813.91 814.98 816.14 817.61 819.93 822.81 827.09 831.78 836.89 841.97 846.16 848.7 849.45 849.59 849.39 850.24 851.66 852.06 853.77 856.91 861.26 864.14 863.74 863.16 862.29 860.36 858.44 856.48 852.47 849.79 848.72 848.76 849.42 851.12 853.29 856.05 861.13 864.61 866.9 866.21 865.75 865.61 868.89 872.56 875.71 877.53 878.94 881.28 883.15 884.65 886.52
848.46 840.68 836.45 831.33 825.75 819.62 814.69 810.78 806.76 802.1 796.5 792.54 789.31 787.19 787.28 788.56 790.88 793.98 797.79 801.8 804.83 806.21 807.84 809.46 810.84 813.59 817.22 822.51 827.96 833.57 838.49 842.54 845.08 846.72 847.96 848.59 849.63 850.84 850.94 852.16 854.59 859.32 862.6 862.38 861.77 860.75 858.42 856.35 854.39 850.36 847.54 846.16 846.18 847.2 850.06 852.69 855.5 859.84 862.52 863.99 862.4 862.13 863.62 867.99 872.33 875.29 876.69 877.66 880.2 882.56 884.79 886.29
847.08 840.37 836.75 832.25 827.28 821.76 816.95 812.73 808.1 803.2 797.9 792.98 788.67 785.94 785.62 786.38 786.24 787.2 789.15 791.9 794.27 795.96 798.64 801.29 802.97 806.43 810.96 816.87 822.47 827.77 832.1 835.75 838.29 841.61 844.93 847.42 849.14 850.37 850.78 852.01 854.14 858.55 861.42 860.6 859.6 858.43 856.72 854.89 852.91 848.28 844.97 843.29 843.81 846.1 851.73 855.11 857.6 859.78 860.84 861.08 860.42 860.94 863.04 866.98 871.22 875.41 876.09 875.72 878.26 881.14 884.29 886.4
845.02 839.47 836.39 832.54 828.26 823.36 818.66 814.12 808.98 803.77 798.52 793.1 788.21 785.04 784.13 784.1 781.93 780.87 780.8 781.78 782.91 784.2 787.02 789.95 791.94 795.94 801.11 807.46 813.44 819.04 823.07 826.55 829.27 833.88 838.87 843.11 845.88 847.73 848.97 850.78 853.21 856.99 859.21 857.94 856.14 854.3 853.03 851.59 849.95 845.48 842.06 839.89 840.97 844.08 850.83 854.51 856.77 857.5 857.74 857.63 857.98 859.34 862.05 865.63 869.54 873.92 874.24 873.34 875.71 878.49 881.6 883.98
841.25 837.13 834.35 831.24 827.85 823.56 818.97 814.13 808.68 803.04 797.17 792.41 788.21 785.04 783.1 781.58 778.49 775.7 773.17 771.1 769.49 768.63 769.29 770.62 772.92 777.02 782.2 788.55 795.45 802.9 807.35 811.25 814.58 819.57 825.11 830.9 835.59 839.59 842.99 846.81 851.09 853.38 854.36 853.09 849.44 845.57 844.3 843.6 843.22 840.91 838.24 835.15 836.93 839.75 843.42 846.27 848.58 849.61 851.05 852.78 854.36 856.69 860.02 863.43 866.42 868.34 869.24 869.87 871.62 872.76 873.4 875.13
838.1 835.06 832.38 829.66 826.75 822.67 818.04 812.96 807.59 801.97 795.96 791.76 788.11 784.93 782.27 779.75 776.15 772.25 768.07 763.58 759.65 756.7 755.27 754.99 757.32 761.35 766.39 772.68 780.23 789.05 793.76 797.96 801.84 807.09 812.98 819.83 826.01 831.74 836.62 841.67 846.9 847.99 848.09 847.1 842.49 837.46 836.05 835.84 836.38 836.02 834.4 831.27 833.38 835.7 836.83 838.89 841.15 842.63 845.16 848.47 851.08 854.18 857.92 860.83 862.86 862.99 864.33 866.11 867.51 867.55 866.48 867.31
837.13 833.92 830.63 827.07 823.2 817.89 812.7 807.62 803.75 799.67 795.2 791.27 787.62 784.45 782.2 780.33 777.65 774.83 771.89 767.17 762.35 757.56 754.28 752.35 753.77 757.07 761.52 767.5 774.74 783.25 787.65 791.76 795.95 801.03 806.55 812.78 818.93 824.91 828.86 832.4 835.48 836.35 836.86 837.09 834.64 831.53 829.51 828.86 829.14 830.01 830.46 830.41 831.54 832.6 833.12 834.56 836.44 838.84 842.13 846.05 848.97 852.1 855.54 856.82 857.69 858.45 859.74 861.34 863.36 864.18 864.04 863.07
835.83 832.31 828.65 824.3 819.46 813.16 807.63 802.75 800.29 797.68 794.75 791.34 787.96 784.98 783.12 781.74 779.84 777.88 775.88 770.91 765.32 758.97 753.95 750.39 750.73 753.16 756.85 762.12 768.76 776.77 781.17 785.46 790.11 795.16 800.46 806.22 812.42 818.7 821.92 824.15 825.27 825.91 826.72 827.99 827.38 825.95 823.51 822.62 822.81 824.42 826.63 829.56 829.97 829.97 829.87 830.66 832.1 835.28 839.19 843.63 846.9 850.02 852.95 852.96 852.9 853.92 855.12 856.55 859.04 860.47 861.06 858.63
832.81 828.19 825.46 820.53 814.64 808.65 803.94 800.29 798.76 797.32 795.93 794.32 792.63 790.88 789.22 787.56 785.66 783.38 780.76 775.47 769.69 763.34 757.08 751.91 750.4 751.19 753.25 755.75 760.23 766.7 772.7 778.62 784.49 790.31 796.16 802.23 808.92 815.81 819.34 821.28 821.48 821.75 822.35 823.62 823.25 822.18 820.35 820.27 821.31 821.07 823.38 828.78 829.75 829.78 829.07 829.02 829.68 832.85 836.76 841.2 845.09 847.91 849.3 849.87 850.04 849.53 850.27 851.66 853.84 854.97 855.24 853.11
830.2 824.55 822.56 817.11 810.3 804.55 800.56 798.02 797.42 797.11 797.14 797.29 797.29 796.75 795.33 793.47 791.54 788.99 785.87 780.26 774.27 767.86 760.41 753.67 750.28 749.41 749.84 749.66 752.05 757.01 764.15 771.31 778.18 784.81 791.35 797.82 805.09 812.63 816.5 818.25 817.68 817.65 818.08 819.35 819.14 818.36 817.15 817.83 819.67 818.07 820.53 827.91 829.31 829.35 828.14 827.44 827.48 830.63 834.42 838.68 842.89 845.3 845.33 846.37 846.72 844.88 845.25 846.63 848.5 849.4 849.52 847.81
831.4 825.27 822.35 816.84 810.26 804.21 800.08 797.54 797.84 798.2 798.54 800.27 801.89 802.27 801.56 800.23 797.99 795.61 793.12 787.24 780.83 773.8 765.49 757.55 752.01 749.38 748.25 746.22 747.07 750.8 755 759.73 765.36 773.38 781.9 789.6 798.1 806.84 811.33 813.69 813.74 814.04 814.69 815.96 815.29 814.1 813.51 814.62 816.85 818.32 821.36 826.27 826.83 826.63 826.03 826.39 827.44 830.27 832.87 835.28 837.02 838.16 838.5 839.05 839.14 837.91 838.68 840.28 841.85 843.3 844.65 844.46
832.76 826.19 822.37 816.79 810.45 804.08 799.8 797.25 798.39 799.41 800.09 803.32 806.47 807.74 807.69 806.8 804.27 802.06 800.13 794.05 787.25 779.62 770.49 761.41 753.75 749.35 746.61 742.82 742.18 744.67 746 748.35 752.76 762.03 772.36 781.32 791.04 800.96 806.05 809.06 809.77 810.37 811.19 812.46 811.36 809.81 809.82 811.36 813.96 818.4 821.96 824.48 824.26 823.85 823.89 825.31 827.34 829.86 831.28 831.89 831.25 831.15 831.79 831.82 831.58 830.9 832.05 833.87 835.19 837.18 839.71 841.02
838.62 832.41 828.28 822.83 816.68 809.69 804.96 802.1 802.64 803.78 805.69 808.38 810.84 812.11 810.81 808.29 806.07 803.68 801.14 796.19 790.05 782.11 773.41 764.59 756.02 749.29 743.75 740.58 739.62 740.89 741.27 742.69 746.18 752.62 760.61 771.41 782.21 792.73 798.13 802.33 805.2 804.9 804.88 806.15 805.51 804.53 804.85 806.7 809.59 813.72 816.84 818.74 819.25 819.77 820.72 823.07 825.83 828.05 828.99 828.98 828.03 827.75 828.39 826.85 824.93 823.02 823.8 825.79 828.33 830.7 832.92 834.84
844.47 838.63 834.2 828.86 822.91 815.31 810.13 806.96 806.89 808.15 811.29 813.44 815.2 816.47 813.93 809.77 807.86 805.3 802.14 798.33 792.84 784.59 776.33 767.78 758.28 749.23 740.88 738.33 737.07 737.1 736.53 737.04 739.6 743.2 748.85 761.51 773.38 784.5 790.21 795.59 800.62 799.42 798.58 799.85 799.67 799.25 799.88 802.03 805.22 809.04 811.71 812.99 814.24 815.68 817.56 820.83 824.33 826.24 826.69 826.07 824.81 824.36 824.99 821.87 818.28 815.14 815.55 817.7 821.48 824.22 826.14 828.65
846.7 840.29 836.15 831.53 826.41 819.09 813.88 810.4 810.89 812.28 814.85 817.12 818.5 817.37 814.61 811.14 808.34 805.34 802.16 798.38 793.36 786.31 777.57 768.6 760.28 751.39 742.7 740.16 738.14 736.64 734.83 733.69 733.83 736.35 740.86 750.56 762.28 774.97 783.08 789.61 794.39 794.76 795.3 797.17 797.61 797.64 797.98 800.02 803.2 806.41 808.74 810.01 810.75 812.07 814.88 818.63 822.4 824.31 824.57 823.63 821.76 820.58 820.31 817.02 813.56 810.98 811.35 813.13 816.04 818.39 820.29 821.64
848.83 841.83 837.99 834.12 829.85 822.83 817.59 813.81 814.89 816.4 818.36 820.77 821.77 818.17 815.24 812.51 808.78 805.34 802.16 798.38 793.82 788 778.77 769.37 762.27 753.62 744.64 742.1 739.31 736.27 733.2 730.4 728.07 729.56 732.97 739.59 751.12 765.39 775.97 783.64 788.11 790.12 792.11 794.6 795.65 796.13 796.16 798.08 801.24 803.84 805.83 807.1 807.3 808.47 812.2 816.43 820.46 822.37 822.45 821.2 818.72 816.79 815.6 812.17 808.88 806.92 807.25 808.64 810.63 812.57 814.47 814.62
852.62 845.93 840.44 835.14 829.95 824.93 821.03 818.06 818.67 819.63 820.97 822.15 822.26 819.3 817.19 815.28 811.47 807.7 803.96 799.89 795.51 790.63 781.98 772.85 765.3 755.37 744.87 743.18 740.32 736.3 733.32 730.55 728.01 728.1 729.5 733.04 741.57 753.09 764.73 773.34 778.63 781.12 783.61 786.71 788.8 790.5 791.9 794.2 797.09 799.63 801.59 802.86 803.51 805.06 808.87 813.34 817.64 819.54 819.45 817.89 815.07 813.4 813.25 810.22 806.98 804.52 803.49 803.16 803.38 804.85 807.31 807.64
856.57 850.28 842.94 836 829.72 826.86 824.45 822.4 822.44 822.78 823.51 823.3 822.49 820.45 819.26 818.19 814.38 810.29 805.93 801.54 797.31 793.36 785.39 776.59 768.43 757.08 744.94 744.17 741.31 736.37 733.61 731.04 728.5 727.16 726.45 726.92 732.17 740.53 753.09 762.63 768.84 771.7 774.59 778.31 781.48 784.46 787.41 790.14 792.72 795.26 797.23 798.5 799.69 801.66 805.47 810.17 814.73 816.63 816.36 814.5 811.37 810.05 811.13 808.54 805.36 802.27 799.77 797.59 795.96 796.94 800.03 800.66
859.42 853.13 846.04 840.12 834.83 830.46 827.86 826.74 826.97 827.27 827.65 827.41 826.52 824.09 822.34 820.69 816.88 813.01 809.09 804.67 799.97 794.85 787.14 778.97 771.5 761.42 750.59 748.12 743.95 738.09 734.57 730.79 726.15 724.13 723.27 724.06 728.46 735.18 744.47 752.11 757.94 760.8 763.76 767.57 771.69 776 780.75 784.64 787.95 790.75 793.34 795.65 797.05 798.62 800.85 804.97 809.26 810.64 810.27 808.63 806.5 806.17 808.23 805.59 802.15 798.71 795.91 793.49 791.84 792.15 794.01 796.21
862.07 855.73 849.25 844.8 840.87 834.34 831.28 831.08 831.63 832 832.07 832.02 831.22 828.17 825.6 823.11 819.3 815.76 812.45 808.07 802.79 796.13 788.6 781.12 774.58 766.21 757.22 752.59 746.89 740.1 735.66 730.41 723.31 720.73 720.06 721.77 725.75 731.09 736.38 741.63 746.84 749.65 752.6 756.41 761.46 767.12 773.71 778.89 783.11 786.22 789.53 793.08 794.63 795.63 796.02 799.41 803.35 804.11 803.66 802.33 801.43 802.2 805.18 802.42 798.67 794.93 792.03 789.65 788.31 787.9 788.22 792.2
862.65 857.12 852.47 848.51 844.62 839.09 835.53 833.58 834.86 835.77 836.02 836.46 836.16 833.47 831.04 828.45 823.19 818.25 813.62 808.01 802.13 795.87 790.08 784.53 779.39 772.45 764.72 759.4 752.88 745.17 738.46 731.22 722.87 719.07 717.32 718.5 721.66 726.01 730.21 734.83 739.91 743.58 747.03 750.35 754.92 760.18 766.68 772.53 777.89 781.55 785.72 790.5 791.99 793.07 794.29 797.5 800.91 801.3 800.59 799.08 798.45 798.62 799.85 797.4 794.18 790.61 788.28 786.67 786.37 785.83 785.1 788.73
862.69 858.19 855.7 851.96 847.76 844.08 840 835.59 837.69 839.29 839.84 840.85 841.16 839.09 837.07 834.58 827.46 820.68 814.2 807.04 800.54 795.2 791.56 788.27 784.67 779.07 772.46 766.83 759.69 751.06 741.71 732.35 723.08 717.88 714.71 714.97 717.21 720.66 724.55 729.01 734.09 738.87 742.94 745.65 749.38 753.76 759.65 765.99 772.58 776.85 781.92 787.93 789.29 790.63 793.38 796.57 799.41 799.49 798.48 796.66 796.02 795.13 793.9 791.88 789.41 786.15 784.57 783.92 784.85 784.35 782.7 785.4
861.53 858.19 856.51 853.37 849.64 846.24 842.54 838.58 840.94 842.54 842.73 843.44 843.64 841.96 839.98 837.35 830.18 822.64 814.76 807.33 800.72 795.42 792.86 790.95 788.89 784.34 778.42 772.25 764.62 755.5 746.87 738.11 729.03 719.9 712.59 712.59 714.44 717.44 721.48 725.37 729.11 733.85 738.17 741.38 746.05 751.27 756.76 762.34 767.96 772.63 778.26 785.06 787.03 788.77 791.5 793.9 795.76 795.31 794.28 792.82 792.19 790.91 788.79 785.89 783.2 781.37 780.54 780.32 781.36 781.39 780.61 782.86
859.93 857.79 856.42 854.01 851.06 847.35 844.35 841.93 844.33 845.69 845.26 845.36 845.17 843.8 841.71 838.87 832.31 824.42 815.3 808.11 801.58 795.96 794.08 793.23 792.72 789.1 783.71 776.93 768.83 759.4 752.74 745.6 737.14 723.13 710.65 710.65 712.3 715.03 719.38 722.55 724.44 728.73 733.14 737.27 743.56 750.24 755.43 759.77 763.6 768.58 774.66 782.07 784.93 787.13 789.24 790.58 791.3 790.24 789.3 788.46 787.83 786.42 783.98 779.73 776.44 776.46 776.39 776.4 777.13 777.88 778.64 780.62
859.59 858.24 856.77 854.7 852.23 848.83 846.25 844.34 846.36 847.56 847.33 846.62 845.48 843.39 840.72 837.54 832.21 825.23 816.73 810.05 804.1 799.21 797.72 797.18 796.97 793.74 788.81 783.26 775.72 766.19 759.44 751.01 739.07 724.66 712.21 710.37 711.01 713.2 716.41 718.51 719.37 723.64 728.36 733.22 739.69 746.5 752.4 757.15 761.17 766.25 772.02 778.61 782.19 784.84 786.34 787.5 788.1 786.21 783.99 781.51 779.24 777.29 775.77 772.61 770.19 770.42 770.49 770.62 771.67 772.84 774.11 776.6
859.88 859.13 857.35 855.39 853.28 850.49 848.19 846.28 847.7 848.77 849.16 847.54 845.18 841.86 838.37 834.78 831 825.55 818.59 812.58 807.47 803.81 802.57 801.96 801.45 798.3 793.82 790.43 783.96 774.44 766.54 755.37 737.89 725.34 715.53 710.92 710.14 711.65 713.02 713.85 714.09 718.59 723.71 729.18 735.11 741.38 748.51 754.5 759.72 764.8 769.87 774.92 779.12 782.23 783.11 784.56 785.53 782.72 778.5 773.25 768.52 765.82 765.85 765.01 764.2 763.81 763.7 763.91 765.57 767.02 768.29 771.69
857.97 858.13 857.71 856.13 854.03 851.86 850.14 848.79 850.53 851.74 852 849.96 846.92 842.37 837.94 833.72 830.92 826.84 821.61 816.62 812.25 808.89 807.12 805.9 805.27 802.64 798.9 794.69 788.29 779.69 770.04 757.66 740.39 727.83 717.54 710.9 708.51 708.7 709.52 710.31 711.05 715.03 720.06 726.52 732.14 737.66 743.98 750.38 756.81 762.26 767.34 771.97 775.79 778.67 779.68 781.2 782.17 779 773.77 767.05 761.15 757.66 757.36 757.16 756.8 755.98 755.87 756.35 758.81 760.71 762.17 766.11
854.62 855.89 857.94 856.88 854.59 853.04 852.1 851.68 854.34 855.86 855.5 853.35 850.01 844.22 838.77 833.78 831.6 828.78 825.39 821.67 817.96 814.29 811.47 809.3 808.66 806.84 804.03 797.05 790.03 782.97 771.15 758.57 745.31 731.5 718.69 710.51 706.39 704.84 705.97 707.5 709.47 712.47 717.07 724.76 730.22 734.85 739.01 745.3 752.95 759.01 764.57 769.51 772.28 774.49 776.12 777.59 778.29 775.12 769.53 762.2 755.99 751.66 749.83 749.14 748.47 747.34 747.35 748.22 751.61 754.09 755.86 760.11
