InputMaps/malcataSlope_250.grass
north: 40:14:17.01N
south: 40:12:39.7468N
east: 7:02:14.5154W
west: 7:04:21.43W
rows: 250
cols: 250
[rows 0 to 34 of 250, columns 79 to 157 of 250]
0 0 0 0 0 0 0 0 0 0 0 0 0 0 0 0 0 0 0 0 0 0 0 0 0 0 0 0 0 0 0 0 0 0 0 0 0 0 0 0 0 0 0 0 0 0 0 0 0 0 0 0 0 0 0 0 0 0 0 0 0 0 0 0 0 0 0 0 0 0 0 0 0 0 0 0 0 0 0
0 0 0 0 0 0 0 0 0 0 0 0 0 0 0 0 0 0 0 0 0 0 0 0 0 0 0 0 0 0 0 0 0 0 0 0 0 0 0 0 0 0 0 0 0 0 0 0 0 0 0 0 0 0 0 0 0 0 0 0 0 0 0 0 0 0 0 0 0 0 0 0 0 0 0 0 0 0 0
32.91 31.12 22.96 22.24 23.62 24.39 24.52 24.94 27.9 31.98 48.75 65.94 66.25 64.62 52.1 39.99 42.72 45.28 41.08 35.1 24.8 14.18 6.16 7.87 19.38 33.53 43.78 49.71 51.23 50.77 56.81 63.8 61.04 59.22 58.34 55.55 52.58 53.62 56.87 58.54 55.52 47.59 37.73 27.87 18.17 11.4 14.93 20.79 25.54 28.72 28.44 21.37 10.26 4.07 6.82 11.96 16.63 20.08 24.54 29.31 30.87 29.67 29.36 23.15 22.09 24.64 24.34 21.69 19.26 18.92 22.52 30.78 41.89 48.64 44.75 31.35 18.81 9.94 16.61
23.87 20.75 16.31 18.58 21.68 24.44 27.07 29.81 32.37 35.02 50.13 65.96 61.1 54.89 49.65 44.14 40.67 38.41 39.61 38.95 30.82 22.01 14.14 6.13 9.62 20.79 31.34 38.83 42.79 45.12 52.59 60.12 58.62 57.35 57.08 54.48 50.41 50.17 51.88 52.82 51.04 45.97 39.21 32.08 25.26 21.08 22.17 25.49 28.94 28.02 22.82 14.18 3.77 2.94 6.1 9.07 14.19 16.74 19 25.25 31.36 31.33 29.38 21.13 18.64 19.76 18.71 17.26 16.84 18.53 22.16 29.7 39.02 39.48 33.38 24.43 16.83 13.38 16.33
9.68 7.13 10.51 15.74 20.27 24.43 28.14 31.63 33.51 35.12 49.86 65.46 56.83 47.97 49.01 49.52 45.83 41.45 41.2 41.9 38.33 33.38 27.86 19.63 11.48 9.22 14.35 22.09 29.04 35.18 44.7 53.79 55.12 54.94 54.91 52.57 47.5 45.23 44.49 43.93 43.76 43.37 41.64 38.62 35.1 32.3 31.51 32.18 33.44 29.84 22.25 14.33 8.08 6.8 6.16 5.82 10.92 12.48 12.89 19.5 28.87 31.9 30.92 19.95 12.81 11.93 10.66 11.52 14.38 18.04 20.84 26.43 32.89 26.33 20.34 18.27 17.61 18.01 19.16
3.83 7.4 12.73 16.54 20.74 24.92 28.09 30.93 31.95 32.82 48.11 64.34 52.82 41.64 46.06 50.01 49.24 46.09 41.88 40.47 40.3 38.19 35.85 30.73 21.12 14.08 12.15 15.98 22.61 29.87 38.77 48.16 52.6 54.17 54.39 52.43 47.36 44.33 42.65 41.36 41.4 42.58 43.17 42.35 40.9 39.3 38.13 37.34 36.61 32.17 24.84 18.12 12.23 8.51 5.98 5.02 9.28 9.83 9.64 15.5 24.98 31.01 33.41 21.68 10.42 8.66 8 10.84 15.89 18.99 20.28 24.77 30.13 22.37 16.43 16.41 17.78 19.45 20.64
1.88 11.64 15.79 17.73 21.12 24.95 28.09 31.14 31.59 31.5 45.63 60.94 46.94 32.25 36.74 41.63 43.65 44.47 38.68 34 33.75 32.79 34.94 35.93 28.02 20.64 16.69 14.72 15.72 21.73 29.16 39.32 48.66 55.35 59.55 61.29 59.42 57.17 54.55 51.25 48.86 48.3 48.37 47.86 47.5 46.95 46.07 45.04 43.78 40.61 36.15 32.07 26.26 18.92 11.89 7.87 8.89 7.69 5.76 9.57 17.56 25.47 32.34 21.47 9.94 10.41 11.51 14.52 18.52 18.71 18.07 23.08 29.46 23.42 18.58 17.6 16.96 16.7 18.22
9.42 16.84 18.98 18.97 21.23 24.44 28.83 33.85 34.56 34.58 45.38 56.59 42.11 26.7 30.55 35.28 38.08 40.65 35.9 30.78 30.64 30.83 33.97 36.61 32.36 27.1 21.27 15.39 9.99 14.15 19.67 30.45 43.59 54.84 63.43 69.23 70.68 69.37 66.12 61.08 56.27 54.07 53.75 53.37 53.32 52.98 52.05 51.7 51.68 50.88 49.11 46.67 40.75 30.82 20.23 12.78 9.7 6.82 3.41 6.67 13.39 21.75 30.36 19.29 9.14 12.8 15.31 17.46 18.45 17.01 16.08 22.61 30.9 25.43 20.7 18.5 16.5 18.83 28.18
16.64 19.61 19.95 19.15 21.54 25.14 31.37 38.49 38.97 38.29 44.75 50.94 37.59 23.81 27.1 31.34 34.07 36.74 34.09 31.05 31.89 32.87 34.2 35.44 34.34 31.99 25.01 17.41 9.54 12.2 18.03 27.77 38.78 50.17 60.52 69.18 74.47 76.86 77.62 76.38 73.6 72.04 72.24 72.26 71.86 70.57 67.93 65.47 63.88 62.97 61.65 60.2 57.06 49.59 39.9 30.4 22.96 18.15 13.86 12.53 15.26 21.49 28.99 19.36 14.77 19.02 22.98 25.97 26.05 24.52 23.21 27.59 34.61 28.54 23.77 21.15 20.05 27.29 39.78
23.27 22.58 21.85 21.37 25.16 30.68 38.51 46.65 46.8 45.3 46.79 46.65 34.68 23.61 25.16 27.45 29.75 32.42 31.75 30.98 32.76 34.56 35.37 36.05 35.2 33.09 26.29 18.68 9.85 10.7 19.37 27.46 34.26 45.1 58.02 71.2 82.66 91.75 99.89 106.4 109.05 109.17 109.78 110.71 111.16 110.29 106.38 100.03 94.46 91.55 89.15 87.4 86.39 82.6 75.6 65.99 55.59 46.22 37.21 30.16 26.13 25.53 28.85 25.28 26.3 31.17 39.18 45.32 47.07 45.66 42.1 39.54 38.69 32.2 29.54 26.9 26.79 34.2 47.8
26.93 24.04 23.13 23.3 28.67 36.19 44.7 52.76 51.97 49.36 46.85 41.4 31.58 23.97 23.84 23.82 26.01 29.1 30.69 32.29 34.37 36.49 37.87 38.69 34.91 30.22 25.12 19.74 13.54 13.58 22.8 29.95 35.34 45.36 58.83 73.58 87.45 99.52 111.09 121.56 127.39 128.65 129.53 131.1 132.32 132.35 128.79 120.34 111.67 107.19 104.04 101.97 101.81 100.3 95.59 86.64 75 63.28 51.89 42.81 36.62 29.64 27.2 28.87 32.35 38.66 50.86 56.91 58.55 57.08 52.34 45.7 38.31 32.78 33.95 29.92 31.46 35.1 47.04
23.92 19.26 18.23 18.37 25.61 34.75 42.25 48.54 45.28 40.96 36.29 30.14 25.25 22.12 22.77 23.35 26.94 31.04 33.94 36.71 37.72 38.23 39.22 39.36 32.84 26.72 23.63 20.4 16.75 15.49 20.5 24.32 25.6 27.92 32.02 37.56 43.87 52.05 61.51 70.95 78.06 82.43 86.27 90.09 92.92 95.68 97.46 92.6 84.16 80.38 78.36 77.53 78.92 80.2 80.18 76.41 69.64 62.57 56.57 53.69 53.24 48.93 47.69 49.97 50.27 51.73 58.11 54.89 51.93 51.42 49.73 45.57 38.63 32.73 31.13 20.79 26.55 28.15 34.24
24.74 22.29 20.33 19.01 26.81 36.77 41.58 44.95 41.03 36.41 29.78 23.1 22.16 22.36 24.69 27.84 34.78 42.15 45.98 47.55 44.79 39.85 37.27 35.47 29.82 25.33 23.15 20.57 16.73 14.56 18.45 22.5 25.73 30.07 34.51 35.07 30.24 23.76 18.04 17.2 23.28 32.45 40.94 48.27 53.46 59.64 66.95 64.84 55.39 51.96 51.44 52.13 55.06 58.73 62.61 63.94 62.58 59.45 57.84 60.86 67.65 72.41 74.54 73.98 70.14 64.54 59.76 49.89 44.87 45.42 46.96 46.45 42 33.55 22.54 10.75 17.88 21 24.24
24.83 25.45 24.06 22.2 30.28 40.96 43.21 43.79 41.15 38.26 31.07 24.03 24.45 25.52 28.59 32.77 40.2 47.41 48.2 46.73 40.9 33.25 29.75 27.83 25.6 24.24 22.35 19.88 15.62 13.8 17.74 21.89 25.52 30.62 37.46 41.02 39.49 34.93 26.86 17.59 13.31 22.5 32.47 41.25 47.93 55.81 64.65 63.78 54.89 51.13 50.37 50.31 51.87 54.43 57.55 59.55 59.72 55.64 52.07 53.52 59.41 65.81 69 68.65 65.2 58.98 52.04 44.48 41.7 41.08 41.53 41.33 39.12 32.54 20.18 10.91 11.68 16.02 19.69
27.9 29.26 30.31 29.47 35.51 44.75 45.84 45.23 44.33 43.53 36.17 30.39 30.92 29.63 33.34 39.63 45.82 50.18 46.1 40.09 31.38 22.71 19.71 18.73 20.56 23.97 26.54 28.71 28.99 28.78 30.07 31.89 33.24 35.17 40.47 45.1 46.27 44.79 38.34 26.83 9.38 9.6 22.23 33.19 42.4 54.31 67.16 70.53 64.15 58.11 54.23 51.54 50.31 50.42 51.33 52.54 53.25 46.95 38.83 34.96 36.29 40.9 43.96 44.87 44.11 40.85 37.38 34.18 32.82 28.79 25.76 25.06 27.66 29.78 26.82 13.88 5.55 6.98 9.9
31.19 30.68 34.79 37.02 40.65 46.77 48.87 49.33 50.97 53.06 45.23 39.64 36.79 30.87 36.23 46.25 49.6 50.12 42.39 33.04 23.49 14.91 11.37 10.82 16.29 24.29 32.14 38.45 41.65 41.59 40.89 40.8 40.38 40.07 43.6 47.93 49.84 50.66 47.96 38.38 20.21 3.79 12.64 24.52 35.08 50.15 66.72 74.96 72.45 65.68 59.25 54.46 51.14 49.45 48.87 49.8 51.32 43.84 32.65 23.7 20.77 24.11 26.98 28.79 30.03 28.87 28.12 27.28 26.01 19.89 15.95 13.93 19 28.09 37.13 19.76 3.12 1.66 5.38
29.21 26.07 30.31 36.96 40.79 44.64 48.78 51.99 57.33 62.95 53.63 44.11 32.62 21.81 32.91 46.41 45.48 43.33 34.22 24.38 16.08 7.99 4.32 5.94 12.41 21.08 29.78 36.48 40.82 42.62 42.75 42.74 43.19 44.67 49.01 52.95 53.94 54.9 54.91 47.96 31.08 14.19 4.97 15.19 25.02 38.25 54.38 65.84 70.9 72.24 71.24 69.48 66.39 62.38 58.96 58.28 59 50.62 38.64 28.3 23.94 25.14 26.1 26.8 27.74 26.86 27.19 27.26 25.79 20.92 19.83 14.93 14.2 21.34 42.41 24.55 7.86 7.62 10.25
25.43 24.01 27.55 34.62 38 40.79 47.61 53.99 61.87 69.8 59.75 48.26 32.73 17.61 31.14 44.94 42.35 39.24 28.42 17.48 8.9 0.64 4.6 8 13.58 21.88 29.21 35.09 39.8 43.47 45.09 45.35 46.16 49.4 55.46 59.81 60.23 60.96 62.27 57.54 42.94 26.4 9.92 7.87 17.49 26.33 40.23 53.06 63.54 74.61 83.19 88.23 88.07 81.98 74.6 71.26 70.29 60.39 47.24 35.83 28.87 26.62 25.03 24.32 24.75 24.09 26.34 27.81 26.39 23.05 23.98 17.77 6.27 19.21 38.24 23.05 14.38 15.8 15.46
22.24 27.53 29.9 32.74 34.47 36.34 45.44 54.82 64.35 73.61 63.2 51.17 36.74 22.23 32.45 43.66 42.42 40.37 28.31 16.05 5.66 5.88 8.63 11.45 18.43 26.8 30.53 34.44 38.1 41.28 43.08 43.66 43.92 47.03 54.43 60.39 61.72 63.31 65.76 63.18 51.8 36.83 19.36 13.24 20.94 24.09 33.23 44.79 54.76 68.24 80.51 89.74 95 91.29 83.04 78.95 77.71 66.83 52.46 40.34 31.62 27.78 25.74 25.14 25.56 24.86 27.81 28.8 26.97 24.74 26.37 23.22 16.53 21.44 28.02 18.69 17.59 18.81 16.94
17.59 29.12 32.1 32.55 32.3 32.2 41.34 52.27 64.55 76.14 66.96 56.38 45.78 35.2 40.36 47.9 48.7 47.81 35.64 24.75 18.42 18.89 20.34 23.98 30.24 34.65 32.44 31.69 31 29.64 28.64 29.35 28.95 30.76 40.11 49.78 54.97 59.31 63.46 63.94 57.54 46.14 29.79 22.75 26.54 22.91 24.32 33.14 39.76 49.32 59.83 72.02 86.65 93.57 91.52 88.08 86.16 75.12 60.99 49.73 39.18 32.34 30.91 32.94 34.68 33.88 34.69 33.19 30.86 29.71 31.37 32.11 31.98 27.98 27.84 27.11 26.56 24.38 20.85
14.12 26.46 31.98 34.41 32.78 30.66 36.69 45.28 60.51 75.41 68.94 61.4 55.35 48.97 52.11 57.18 59.51 59.62 47.87 38.19 32.24 29.49 30.12 35.1 39.19 38.18 32.8 29.16 25.81 23.73 19.61 19.02 19.48 21.56 30.19 40.39 49.94 56.83 60.29 62.28 60.67 54.07 42.1 33.78 29.65 21.02 17.52 23.79 28.61 34.52 42.9 55.33 73.11 90.09 98.43 96.9 93.19 81.71 67.99 58.3 47.3 36.66 35.17 39.34 42.29 41.39 39.87 36.67 34.26 33.85 35.66 37.73 41.07 38.71 37.94 37.46 33.99 29.31 24.88
11.68 21.49 29.14 35.39 33.84 30.66 32.67 36.24 50.93 66.92 62.28 55.35 48.93 42.87 46.19 51.1 56.04 58.98 46.97 36.57 30.49 28.33 30.27 35.03 36.02 33.94 29.1 23.67 22.3 26.4 20.68 17.62 19.32 21.9 26.69 34.73 47.14 55.95 58.3 60.23 61.24 59.31 53.51 43.01 28.01 15.45 10.37 15.67 21.88 27.91 36.67 48.04 61.7 79.75 97.17 101.89 99.09 86.52 70.43 60.01 51.18 39.21 34.94 35.41 36.09 34.21 31.86 29.02 27.54 28.6 31.97 33.94 36.7 33.92 32.51 32.77 31.05 28.65 25.64
11.95 18.14 26.37 34.96 34.18 31.25 31.22 31.72 42.26 54.8 54.04 50.28 41.37 33.44 36.85 41.59 49.49 55.63 44.27 33.58 27.02 26.87 29.83 32.46 30.78 28.85 23.05 15.16 17.89 25.37 21.12 17.77 19.42 21.73 24.35 30.41 42.79 52.8 57.22 59.54 59.39 59.75 59.91 49.92 29.23 15.53 8.52 7.09 13.3 18.49 27.55 39.56 50.73 66.64 89.01 102.88 106.66 94.82 75.96 62.09 53.37 42.51 34.17 28.78 26.34 22.45 18.76 16.37 16.15 19.73 25.88 27.83 29.96 26.94 24.44 24.66 25.57 27.07 26.77
12.59 16.19 24.18 33.65 34.12 32.52 32.35 32.54 37.02 42.52 48.31 51.97 40.69 29.75 31.8 35.31 45.05 53.22 43.17 33.04 25.36 26.66 29.44 30.08 28.47 26.91 20.32 17.49 18.69 22.31 22.05 21.01 20.97 21.84 23.95 28.7 38.42 48.62 57.89 61.32 56.51 56.22 61.12 53.23 31.7 19.88 16.05 13.52 15.69 18.28 24.88 35.1 45.33 58.65 78.77 98.67 111.38 103.05 84.42 66.79 54.19 44.72 34.75 27.29 24.21 19.08 13.94 11.56 11.57 16.15 23.83 24.89 25.85 23.62 21.33 21.11 22.88 26.62 29.43
10.55 12.86 21.16 31.41 33 32.61 32.95 33.39 34.2 35.9 45.73 55.28 45.28 33.5 31.62 31.08 38.4 46.31 39.59 33.03 26.48 26.74 26.68 25.55 23.25 19.03 13.54 22.14 19.99 20.62 24.88 26.57 24.71 23.92 25.35 28.63 35.2 45.15 59.05 64.17 56.22 55.09 62.63 54.95 30.2 19.05 20.43 20.19 19.57 18.54 18.16 17.23 24.81 39.07 56.97 81.3 106.01 109.29 99.41 82.62 67.1 58.18 50.76 45.96 43.09 38.13 32.36 27.51 23.49 23.34 28.28 28.75 28.84 27.34 25.82 24.85 24.34 26.95 32.63
8.53 9.55 17.92 28.61 30.48 30.9 33.25 35.85 37.45 37.68 44.72 54.25 50.65 42.24 37.07 34.11 34.38 35.49 32.71 31.1 27.7 26.08 23.47 20.94 16.48 9.39 9.3 20.34 18.66 20.54 27.47 31.72 30.6 29.24 29.1 30.3 33.52 42.17 58.27 65.71 59.11 58.76 68.34 59.49 28.61 16.61 23.39 24.6 21.12 18.91 17.76 10 4.18 18.6 34.97 61.05 92.44 108.08 110.43 97.7 81.61 71.78 65.84 63.69 61.96 57.32 50.84 43.81 36.04 31.91 33.41 33.95 33.69 31.85 30.38 28.92 26.11 27.53 34.09
5.12 7.03 15.57 25.79 27.29 27.38 30.24 33.47 37.01 39.19 43.11 48.68 50.34 49 44.77 41.25 34.09 28.85 28.09 28.51 27.87 26.8 24.67 22.15 17.76 12.44 13.18 18.85 17.83 19.36 26.21 31.65 31.92 31.83 31.67 31.8 32.34 38.69 54.32 62.79 59.05 62.06 74.96 65.49 30.23 18.15 27.16 28.37 21.8 18.72 18.46 13.61 9.12 15.52 26.89 46.78 74.12 93.34 104.12 96.66 83.2 74.28 68.53 66.96 66.1 62.46 56.62 49.91 42.41 36.83 35.1 34.65 34.11 31.82 29.29 27.17 24.6 27.14 33.82
15.03 15.09 18.07 24.69 26.02 26.26 28.81 31.96 37.31 41.45 42.78 44.6 48.16 51.55 48.51 46.56 41.93 34.69 28.1 26.47 28.35 29.35 28.96 27.48 25.5 24.41 25.14 26.36 23.25 21.3 25.65 30.88 31.97 33.38 34.64 35.19 34.7 38.4 50.95 58.43 56.33 61.62 76.69 70.51 40.81 28.77 34.3 33.91 25.04 21.6 23.71 22.03 19.48 19.78 21.52 31.07 51.63 69.69 85.85 87.43 82.37 77.62 73.84 73.5 74 72.24 67.74 61.59 54.33 46.27 40.47 37.36 35.31 32.17 27.57 23.21 20.59 24.35 32
22.66 23.36 22.49 23.99 25.09 25.78 27.69 30.34 37.49 44.04 44.24 44.18 46.55 49.89 46.15 45.78 49.19 44.65 30.09 25.1 28.53 30.88 31.48 30.66 30.05 30.94 32.66 32.94 28.06 24.04 26.39 30.17 30.69 32.59 35.65 37.92 39.33 42.39 50.02 54.36 52.16 57.11 71.45 70.45 50.45 38.98 41.59 39.51 29.83 27.67 33.63 31.67 25.5 22.16 19.54 24.68 39.89 52.75 66.67 75.85 79.71 78.8 76.68 77.07 78.29 78.04 75.02 69.83 63.47 53.72 45.21 40.03 36.55 33.67 29.06 22.35 18.36 21.1 28.45
6.04 17.99 19.7 18.94 20.29 21.58 22.73 23.23 31.15 40.74 41.92 42.25 42.78 44.49 40.61 38.06 45.09 49.4 34.82 25.21 23.77 25.77 27.53 28.01 28.62 30.33 33.66 36.86 34.85 33.1 34.43 34.98 31.62 30.04 31.78 34.71 39.47 44.08 47.56 49.36 48.44 53.53 65.92 68.25 57.36 50.81 52.51 49.25 39.27 36.98 43.68 37.11 22.83 18.3 19.99 26.9 38.4 46.28 53.8 61.56 66.15 64.48 60.21 58.75 59.85 62.42 64.39 65.01 64.72 58.03 49.92 43.38 38.36 36.3 33.43 24.52 18.85 19.11 20.45
16.73 18.3 15.56 13.06 15.43 18.07 21.01 23.93 31.39 38.8 39.34 39.35 36.36 35.48 36.03 33.94 39.15 46.86 39.92 27.54 18.27 20.75 23.23 25.02 27.05 29.75 34.15 39.8 41.23 42.53 45.07 44.29 37.24 33.01 34.7 38.08 40.89 41.58 40.14 40.84 43.84 51.3 63.24 67.84 63.19 61.43 64.2 61.79 52.89 49 52.6 43.18 24.55 15.63 19.3 28.11 38.46 44.19 46.88 50.03 52.64 49.89 43.62 39.51 39.22 44.1 50.48 56.66 62.15 60.69 55.29 47.51 40.76 39.49 38.4 26.65 19.16 18.55 14.68
17.9 14.9 10.1 8.2 12.29 16.9 23.48 30.64 34.6 37.25 36.69 35.94 29.23 25.02 30.81 33.46 34.78 38.98 39.05 31.97 18.26 22.55 23.19 23.93 25.53 27.49 30.57 35.94 37.91 40.1 46.52 50.4 44.71 41.25 42.54 43.39 40.56 36.05 30.54 30.26 36.15 45.29 57.55 63.74 61.94 62.33 66.75 67.32 63.09 60.23 60.11 50.01 32.46 19.21 17.71 25.07 34.39 40.08 42.62 45.4 48.47 47.99 44.33 39.07 35.95 39.33 44.53 50.27 56.1 57.74 56.4 49.39 42.3 42.57 43.56 28.76 18.47 19.12 18.61
12.52 10.43 7.58 7.31 12.45 19.34 27.7 35.74 37.38 38.08 35.52 31.72 22.67 14.86 22.04 28.97 28.51 28.52 31.27 31.79 19.97 25.92 23.29 21.13 20.18 19.27 19.47 23.93 25.33 28.06 40.53 51.24 50.08 48.79 48.45 46.34 39.8 32.07 23.33 20.99 26.95 36.46 49.13 56.27 55.99 57.95 64.3 67.61 67.75 68.81 69.96 64.22 50.78 30.05 15.04 18.74 26.41 31.65 34.15 36.19 39.71 43.81 45.84 42.17 37.09 37.09 38.5 40.01 43.05 45.81 48.88 46.49 42.11 44.67 48.05 31.48 17.37 18.48 22.01
8.71 8.4 7.56 9.68 16.82 25.97 32.64 36.97 38.69 41.14 35.29 26.47 17.93 10.95 16.94 23.79 24.64 24.66 25.08 26.2 20.81 27.58 22.76 18.95 15.85 12.93 11.91 15.92 17.76 21.86 36.48 49.52 53.46 54.66 51.12 46.79 40.51 31.61 19.53 14.81 19.83 29.15 42.58 51.2 52.88 56.34 63.37 65.6 64.36 69.2 76.15 79.71 77.27 51.05 16.89 14.61 21.21 26.65 30.07 29.6 30.37 37.91 44.95 44.26 39.59 39.01 40.69 38.61 37.09 36.85 38.79 41.7 41.97 46.39 51.42 34.76 18.32 18.1 21.32
5.23 5.68 5.67 9.13 17.84 28.11 32.28 34.39 37.86 41.7 31 17.92 12.83 9.66 14.36 19.63 22.9 25.38 22.57 20.73 17.69 23.54 17.88 15.82 13.62 10.06 8.99 12.05 14.6 19.99 32.83 45.04 53.57 57.6 51.58 45.93 41.23 33.23 21.8 19.04 22.47 28.4 39.96 49.48 53.98 60.48 68.8 68.98 62.91 64.97 70.54 79.55 93.34 68.95 20.61 8.2 17.43 24.45 29.93 28.89 28.44 35.94 43.87 44.61 41.73 43.96 48.94 45.1 39.8 35.52 32.86 36.25 39.05 45.03 51.78 37.96 23.19 20.24 20.43
