InputMaps/malcataAspect_250.grass
north: 40:14:17.01N
south: 40:12:39.7468N
east: 7:02:14.5154W
west: 7:04:21.43W
rows: 250
cols: 250
[rows 198 to 230 of 250, columns 0 to 73 of 250]
0 0 176.85 174.11 175.26 178.57 181.76 182.96 183.08 189.06 233.34 299.87 295.63 285.61 284.87 286.89 297.57 309.79 318.13 322.09 318.71 316.18 313.06 309.89 281.24 198.54 170.79 156.23 146.13 142.75 147.81 158.87 171.5 190.8 191.55 179.63 172.76 185.64 210.7 228.91 226.92 224.03 220.89 217.08 214.73 207.95 198.36 189.03 203.07 247.13 259.16 259.33 250.43 242.21 240.76 245.41 255.1 257.58 249.3 246.05 249.62 242.81 223.7 219 222.35 223.66 222.76 223.15 222.94 217.98 209.32 208.24 231.89 169.37
0 0 198.01 194.72 192.44 192.09 193.77 194.91 198.5 214.29 268.02 309.07 306.03 295.16 292.57 292.92 300.6 309.92 319.64 327.13 325.49 322.92 319.47 312.96 209.69 171.81 163.95 159.82 154.11 151.42 155.1 163.05 173.42 192.93 191.63 187.02 188.56 200.17 215.67 228.04 218.55 211.36 207.74 206.46 207.61 207.9 210.02 215.5 246.87 280.69 278.43 266.93 240.41 228.94 235.23 243.51 250.52 250.21 239.58 233.05 229.01 219.83 209.59 204.15 203.08 201.51 198.41 195.64 191.57 185.71 179.96 170.31 133.39 141.5
0 0 219.8 216 211.63 208.47 207.97 208.11 214.8 236.45 276.01 307.1 308.12 299.66 299.92 302.07 306.87 312.59 321.24 331.81 335.99 341 353.29 64.32 135.91 151.21 154.79 159.64 161.61 165.36 172.02 176.11 180.03 193.29 193.5 197.33 208.25 212.72 209.7 208.88 192.43 183.71 182.99 190.65 202.83 214.94 225.07 234.51 257.39 279.71 279.2 259.14 215.59 214.57 228.23 236.28 238.37 233.3 221.68 215.04 209.55 202.03 191.49 176.54 162.68 156.09 154.51 152.12 149.52 148.07 148.24 141.72 123.92 127.98
0 0 226.51 220.52 215.83 212.99 211.93 211.14 218.09 241.1 278.37 307.73 309.12 299.87 302.51 307.64 310.72 314.21 320.26 330.54 337.22 347.64 23.37 111.39 135.53 147.68 152.25 158.7 162.95 169.1 177.52 181 184.88 200.79 198.24 203.58 211.29 207.6 203.03 199.03 184.51 177.98 177.63 188.58 207.45 224.36 231.28 236.5 252.29 265.22 254.82 229.51 210.84 218.99 229.37 231.15 227.71 219.81 210.96 205.03 198.92 191.66 181.32 167.51 153.73 147.37 146.77 144.9 142.59 140.8 140.06 138.26 131.52 130.18
0 0 233.06 225.32 221.19 219.26 217.62 215.18 220.06 238.61 276.24 314.59 319.28 308.42 306.04 309.19 312.44 316.97 323.11 334.46 346.52 9.4 80.03 125.8 136.18 147.18 155.04 163.52 169.23 174.16 180.52 187.03 201.3 231.27 209.12 205.32 204.91 200.02 199.64 196.07 185.25 184.2 189.38 200.95 215.58 227.45 226.71 228.44 241.32 248.99 236.74 227.51 230.6 234.21 228.57 220.37 211.14 200.16 189.26 179.61 172.46 166.21 158.57 148.97 138.43 135.09 137.4 137.79 136.68 134.45 131.62 131.84 133.19 133.5
0 0 238.15 229.8 225.78 223.89 221.13 216.87 219.11 230.54 262.23 318.68 331.91 323.84 313.07 308.98 310.85 316.31 323.65 338.91 4.23 46.15 106.33 131.72 134.38 142.76 156.05 168.64 176.48 179.84 183.61 194.09 218.86 251.12 217.33 204.1 199.09 196.16 197.64 193.18 186.1 190.02 200.75 211.92 219.53 223.67 218.3 219.81 231.33 237.71 232.16 232.59 240.93 239.69 222.71 208.24 196.76 185.5 173.85 163.26 156.54 152.17 147.77 140.74 131.37 128.45 131.23 132.83 132.96 131.24 128.2 127.41 129.79 132.28
0 0 232.42 223.95 219.98 217.11 213.6 210.52 213.54 221.1 242.88 310.31 335.31 337.09 328.94 320.04 317.93 322.53 333.46 1.99 50.44 81.5 111.71 128.98 126.59 126.05 138.11 153.22 164.24 172.74 181.59 195.45 220.79 251.56 207.7 197.93 196.25 195.86 199 198.56 195.61 199.81 207.82 212.36 218.77 227.96 224.42 223.43 229.96 232.98 228.53 227.05 229.87 220.24 198.75 185.42 174.36 164.24 156.39 151.63 148.79 146.89 145.24 140.35 131.83 128.79 131.79 135.18 137.45 137.04 135.01 132.58 131.68 132.6
0 0 211.61 206.97 205.69 202.07 199.62 202.12 209.01 213.58 226.01 300.68 338.69 349.32 351.87 350.03 348.82 4.26 44.58 73.33 88.89 97.5 109.78 120.8 116.25 109.02 115.35 126.97 139.16 156.58 176.37 194.18 209.08 208.76 183.31 186.28 191.58 196.15 203.36 208.31 210.95 215.11 214.57 208.41 217.22 242.23 232.03 224.25 226.06 225.97 218.23 208.32 194.09 172.9 163.25 158.15 151.49 143.9 137.31 135.92 137.26 138.12 139.05 136.6 129.76 127.1 130.6 137.83 144.52 146.19 145.53 142.91 139.87 139.19
0 0 198.09 198.34 199.26 194.94 193.76 200.82 209.3 209.1 215.51 286.48 336.84 352.68 1.19 4.05 8.43 52.84 85.32 92.58 101.42 107.27 111.64 116.95 110.13 99.5 101.67 107.82 115.61 132.55 166.96 191.13 194.81 174.3 169.29 178.83 188.99 196.79 205.77 212.05 217.51 221.32 212.67 202.06 218.75 269.69 235.99 220.29 220.75 219.18 208.51 195.07 178.19 161.94 155.59 152.81 149.15 142.15 132.47 129.63 132.95 134.85 136.12 134.21 127.81 124.08 125.55 135.76 147.16 150.31 150.22 147.73 143.72 142.1
0 0 197.67 208.21 209.08 203.89 205.86 213.47 216.06 214.44 227.96 269.46 301.92 323.24 336.39 346.95 358.9 108.37 110.7 104.19 113 120.84 121.79 122.83 111.23 95.36 94.79 96.25 96 95.72 102.88 109.26 112.56 113.64 115.94 120.98 130.71 139.47 142.36 146.52 151.19 158.26 169.98 175.33 170.38 52.33 156.01 162.07 153.95 145.59 143.92 142.07 138.47 136.13 137.03 139.76 142.58 139.51 128.88 123.98 128.34 132 135.28 136.25 132.83 129.79 130.17 146.01 156.85 155.03 151.69 148.81 145.73 146.61
0 0 201.15 222.32 221.34 214.56 217.17 221.16 220.8 223.51 240.03 263.99 281.3 297.15 308.11 322.31 328.57 148.94 128.78 111.28 120.92 132.81 135.29 134.72 118.57 97.62 97.14 98.37 95.78 93.59 98.88 103.26 106.4 108.42 106.53 106.08 110.89 114.82 112.81 111.91 113.43 116.21 129.49 146.17 135.16 104.47 119.46 127.35 123.89 120.68 121.09 122.53 124.11 125.07 126.36 130.25 136.09 135.55 125.18 118.89 122.35 126.18 130.69 135.15 137.41 139.16 143.83 167.06 168.66 161.03 153.33 148.98 146.18 151.55
0 0 223.19 242.1 234.43 223.06 222.57 223.87 226.98 234.78 246.39 257.74 268.59 282.94 290.26 296.28 220.93 168.04 148.23 121.14 128.56 139.16 140.97 139.56 123.16 102.69 102.44 104.29 100.78 97.32 104.23 110.07 114.61 117.34 112.22 108.97 114.67 118.39 112.63 108.12 110.38 112.37 115.25 121.91 125.41 120.86 121.53 124.54 124.77 123.94 123.4 124.21 126.52 127.47 127.28 130.22 136.47 137.01 127.15 119.33 120.2 121.62 123.6 126.96 129.84 128.07 120.32 150.96 163.28 160.2 152.86 146.08 137.52 139.91
0 0 255.03 261.25 249.75 235 231.87 233.07 238.53 246.22 250.24 250.9 255.3 265.99 267.52 258.15 207.76 183.94 177.04 162.27 158.37 157.97 153.59 147.48 128.82 107.73 103.81 103.47 103.11 101.79 111.25 120.21 129.17 134.63 127.28 121.03 129.68 132.03 119.91 109.97 110.87 110.93 107.1 105.91 113.22 117.24 116.19 117.56 121.49 124.15 125.03 125.8 127.77 128.7 127.86 129.73 136.12 139.81 134.05 125.58 122.06 119.85 118.34 121.46 127.96 124.27 113.52 131.08 150.43 154.41 150.76 143.37 129.75 125.29
0 0 272.31 271.35 258.87 243.48 239.82 241.73 245.92 249.94 248.45 242.5 242.42 249.09 245.88 230.98 203.29 190.34 190.72 192.83 179.67 170.39 162.51 154.63 136.06 114.02 102.93 94.37 98.8 104.41 114.67 125.53 139.91 148.3 142.26 135.8 146.25 146.14 130.52 116.69 115.02 113.45 109.19 106.84 111.17 114.17 111.64 111.65 117.82 123.3 126.82 128.33 129.11 129.46 128.21 128.31 131.97 137.47 138.34 131.75 122.4 114.49 107.19 112.37 130.69 131.81 124.1 128.91 141.78 148.26 147.96 142.29 129.93 120.84
0 0 289.95 281.46 264.15 246.01 242.37 244.41 245.06 243.74 237.26 228.06 227.46 232.41 227.42 213.88 197.27 188.14 185.73 179.18 169.67 165.65 163.1 161.04 149.42 128.88 108.4 89.23 95.94 102.97 107.75 111.65 118.93 128.03 126.84 123.95 138.59 143.94 132.74 120.84 117.28 115.49 114.43 113.61 115.88 116.76 111.81 109.24 113.99 119.34 125.09 129.12 130.9 131.65 130.74 129.99 129.39 131.84 137.19 136.59 126.25 112.42 99.36 103.63 120.56 127.99 129.53 131.97 139.43 147.24 151.82 151.6 145.97 136.09
0 0 314.27 296.69 272.53 250.43 244.87 244.28 238.79 229.46 219.59 213.29 215.42 219.43 214.49 204.05 193.14 185.73 180.6 169.07 161.96 160.98 162.07 165.01 161.5 149.27 127.41 101.97 103.66 106.13 108.42 109.69 107.5 108.43 113.38 117.08 131.19 139.59 133.07 124.13 117.37 113.84 116.44 118.59 121.28 121.81 116.47 112.16 112.83 115.63 121.24 126.93 131.16 133.13 132.37 132.06 130.33 128.87 132.78 137.93 135.48 123.9 112.23 110.92 116.68 122.24 127.38 130.16 134.58 145.71 158.08 164.79 168.52 169.97
0 0 326.95 306.04 282.92 262.47 251.68 245.4 233.96 220.57 212.9 210.42 212.41 213.61 208.22 199.1 189.95 182.55 175.78 164.87 160.05 159.53 159.76 160.84 155.19 143.79 133.13 119.23 115.15 113.6 115.47 116.59 106.1 96.85 107.52 117.37 129.54 137.83 134.66 129.21 119.7 112.35 115.75 119.17 122.87 124.51 121.7 118.14 115.28 115.23 119.22 124.36 129.97 132.6 130.54 129.78 130.22 127.7 124.21 125.09 128.07 129.31 128.44 123.18 120.21 123 128.69 129.4 127.63 140.84 162.2 173.35 179.94 185.39
0 0 337.83 313.8 290.61 271.22 252.79 237.79 220.87 209.18 206.59 207.34 208.54 208.24 203.3 194.77 185.17 175.01 164.14 152.55 152.54 154.35 153.73 150.05 136.58 121.9 121.7 121.44 121.14 120.44 122.43 125.39 111.11 94.47 106.6 116.45 125.68 133.16 132.56 132.55 127.16 118.01 116.67 118.34 123.68 126.47 125.48 123.37 118.87 116.73 119.15 123.04 129.14 133.13 131.31 130.54 133.43 131.35 120.04 113 117.55 125.31 131.66 127.52 119.89 123.98 138.54 145.11 144.17 171.18 194.19 204.54 208.03 213.83
0 0 345.05 320.88 294.73 272.13 246.16 224.02 207.9 201.93 203.25 205.16 205.62 204.91 200.08 191.78 182.39 171.65 159.19 145.92 148.1 151.64 152.59 148.62 130.86 110 112.5 117.91 122.21 124.61 124.73 127.92 120.48 106.75 112.07 117.33 123.55 129.2 126.83 128.06 134.69 129.97 120.01 117.02 124.69 128.65 127.8 126.2 121.25 117.99 119.29 121.62 126.18 130.58 130.49 130.66 134.75 134.06 121.04 112.69 117.49 126.07 134.01 128.27 110.82 110.06 144.29 174.19 216.67 233.38 227.7 226.06 220.07 224.26
0 0 358.85 351.28 332.36 272.98 214.39 198.57 191.89 190.02 191.2 193.09 194.74 195.79 192.69 186.2 178.61 169.75 157.24 139.36 137.29 138.37 141.96 145.14 130.49 103.99 105.01 111.9 123.69 133.18 132.02 130.31 129.12 124.45 124.98 128.39 135.45 141.54 135.95 131.08 145.39 146.83 133.78 125.7 136.05 141 139.96 138.85 134.35 130.47 131.36 133.05 135.78 138.49 138.44 138.52 142.42 145 138.33 132.89 136.73 143.47 151 145.7 107.93 80.13 137.53 204.8 246.93 247.26 237.69 225.89 214.83 222.34
0 0 15.15 31.1 53.16 81.66 126.93 155.2 166.48 170.05 170.73 173.02 177.51 182.43 183.76 180.36 174.59 167.3 155.28 136.74 131.81 130.61 131.03 135.81 125.37 100.28 95.88 95.48 119.1 146.8 152.63 147.11 140.51 139.23 142.37 151.29 166.29 176.28 177.71 165.12 162.74 165.18 160.62 153.67 159.93 163.13 164.04 167.52 170.41 171.04 172.33 174.73 175.37 172.62 167.89 164.43 167.58 179.53 188.78 183.48 174.15 171.46 177.42 187.49 225.43 331.45 293.97 265.81 257.15 247.59 239.65 220.99 210.85 224.78
0 0 18.59 36.43 54.46 72.93 111.08 145.79 160.52 165.16 164.96 166.23 171.53 178.14 181.42 179.36 174.85 168.88 159.06 143.97 138.26 136.05 131.12 130.53 121.07 99.33 86.43 70.6 95.41 147.1 162.75 160.24 150.22 146.92 151.18 164.72 183.89 192.78 193.62 181.09 171.49 172.36 172.61 169.41 170.93 172.71 174.49 179.1 184.01 186.94 189.67 192.41 190.75 185.78 179.92 175.18 177.33 193.46 200.08 192.18 182.12 178.56 185.97 203.48 233.55 281.72 312.61 289.98 252.99 237.7 236.47 221.69 213.62 231.46
0 0 344.9 342.71 332.4 310.71 220.01 179.36 169.31 166.85 164.95 164.99 170.43 177.89 182.39 182.22 180.49 177.17 171.09 160.66 154.51 153.57 149.18 145.24 135.76 104.54 60.84 33.37 65.75 145.56 173.97 183.16 191.38 202.74 213.29 221.44 212.76 207.67 203.63 197.22 191.73 188.64 188.68 188.83 187.59 188.87 188.54 182.13 177.19 181.36 190.15 195.77 194.22 190.18 185.11 177.8 167.2 158.85 163.38 165.83 167.13 167.29 172.94 190.4 215.6 264.42 316.43 303.51 243.99 227.3 233.39 227.11 222.77 240.6
0 0 318.81 309.72 295.37 275.92 239.65 198.25 176.66 168.59 164.95 163.52 169.01 177.57 183.39 184.7 184.93 183.36 179.68 172.65 167.24 168.98 172.84 176.13 183.81 284.95 306.28 340.09 44.73 144.16 187.86 208.03 228.6 239.86 242.31 240.59 227.39 216.96 211.37 208.63 205.47 200.27 200.48 204.02 202.68 203.27 197.45 183.7 171.44 174.89 191.74 199.76 197.26 193.24 188.34 179.75 162.53 140.26 140.87 148.16 156.18 157.48 155.94 165.54 207.92 278.14 314.01 304.98 236 222.1 232.07 234.63 236.9 248.3
0 0 322.08 314.22 296.36 264.56 222.52 195.1 182.99 176.36 172.15 170.28 174.31 177.04 179.45 182.59 185.48 186.72 186.65 184.6 183.13 186.46 193.47 199.35 219.85 297.38 294.06 286.09 266.57 221.35 220.45 228.94 240.76 245.25 241.81 235.55 225.13 216.66 212.53 210.13 205.98 202.34 205.51 208.84 204.41 201.41 193.21 184.91 178.86 178.28 184.8 186.3 184.73 183.58 182.46 180.37 175.24 165.14 162.69 167.16 173.13 177.34 189.98 231.33 264.64 285.3 301.62 291.14 248.85 241.16 248.97 254.99 260.45 260.59
0 0 328.03 321.42 299.42 249.73 210.52 196.09 191.94 187.91 184.92 186.35 186.54 176.89 172.05 178.14 186.91 193.5 199.03 203.34 209.52 217.65 223.24 224.86 240.21 279.89 277.52 261.75 261.12 262.13 255.74 252.67 252.17 251.19 242.08 233.06 224.65 217.31 214.16 211.96 208.65 208.23 213.27 212.99 203.67 195.5 189.06 187.74 190.36 186.39 169.51 160.51 162.1 166.72 172.7 181.53 193.34 204.71 207.98 208.41 207.66 218.14 246.52 265.76 271.4 278.04 286.5 281.56 263.98 259.13 259.94 264.65 271.35 269.81
0 0 331.33 326.49 301.73 235.16 204.54 197.35 195.73 191.74 189.59 194.04 190.83 177.44 169.35 175.2 188.89 198.76 206.67 212.76 220.83 229.18 230.45 227.08 235.77 258.96 262.27 263.37 262.2 260.08 261.24 263.39 261.39 259.29 244.38 232.43 224.01 216.69 214.38 212.87 211.23 212.48 214.72 210.05 200.58 191.94 187.6 189.39 193.79 186.92 167.55 155.36 153.39 157.47 165.86 182.63 204.56 220.86 225.76 226.3 224.98 236.64 260.96 270.92 268.99 270.66 276.56 278.64 275.73 269.85 263.82 267.7 276.32 276.49
0 0 341.24 338.25 325.39 186.85 177.73 176.9 179.95 183.89 189.49 200.26 195.34 186.3 183.14 185.11 191.99 201.42 210.85 217.23 224.12 229.21 226.36 221.24 229.28 246.75 255.5 265.85 263.29 259.46 263.18 267.47 266.92 265.26 244.77 228.62 219.83 213.8 211.85 208.58 206.85 208.85 210.32 209.32 208.15 205.36 201.7 202.81 208.24 207.08 196.28 186.95 181.24 180.62 187.58 204.66 219.42 227.22 230.65 232.67 233.41 245.61 267.39 273.42 266.24 266.43 273.05 278.37 281.89 276.27 266.18 269.08 278.97 281.49
0 0 351.63 350.34 74.59 146.91 154.44 156.11 161.71 174.92 190.93 205.59 199.56 194.46 196.23 195.41 194.67 206.02 217.67 223.32 226.84 226.4 221.6 217.89 227.61 244.79 253.97 262.83 262.07 260.75 263.38 266.11 265.86 264.36 241.44 223.19 215.85 212.08 208.83 202.61 200.4 203.77 208.21 213.14 216.68 216.61 214.61 215.09 218.31 217.46 212.93 209.42 206.3 205.35 213.31 226.61 228.47 229.43 234.43 240.34 244.16 254.73 269.85 273.43 266.24 269.82 279.5 282.54 283.01 277.26 267.08 268.96 278.11 281.73
0 0 358.07 352.49 150.3 159.78 163.61 165.39 168.85 180.27 195.68 202.34 195.34 192.4 194.62 195.17 199.68 217.92 225.97 227.05 225.69 221.42 218.03 216.06 225.17 240.83 248.25 255.03 256.4 258.14 258.66 258.59 257.13 253.64 222.79 204.75 199.96 198.99 196.92 194.01 195.73 201.36 207.14 213.31 215.06 214.13 213.59 214.18 214.37 211.32 208 205.55 203.01 202.66 210.07 220.51 216.56 217.38 232.9 250.4 257.88 264.6 270.95 272.61 270.29 276.98 287.44 287.96 284.07 276.9 267.24 267.42 273.88 277.62
0 0 9.31 8.44 190.42 190.05 190.59 192.09 195.39 201.23 202.17 194.88 186 184.77 189.92 197.83 211.41 230.92 228.75 223.34 217.87 213.09 212.24 211.76 219.57 232.61 237.13 240.04 240.82 243.42 233.61 212.7 180.71 149.91 152.84 154.78 152.77 155.6 164.78 175.04 183.47 189.26 195.19 203.8 206.1 206.43 208.16 209.22 207.16 202.95 200.57 199.23 198.13 198.48 199.82 192.68 179.16 176.72 222.87 278.09 276.65 275.84 275.07 275.85 277.17 282.11 288.85 288.42 283.35 276.11 267.56 263.84 262.23 263.31
0 0 13.62 11.64 236.91 209.81 206.77 207.75 210.15 211.09 202.62 189.81 180.85 179.63 187.44 203.7 221.78 233.38 226.2 218.76 212.2 208.83 209.36 209.12 215.39 224.96 225.85 223.47 220.04 216.17 192.46 166.35 142.62 128.12 134.5 138.45 134.67 134.33 142.33 158.57 174.54 180.5 185.06 195.93 200.08 201.92 205.17 206.29 202.53 197.88 196.14 195.54 195.47 195.94 192.46 177.83 160.66 145.62 14.31 321.96 297.78 287.71 282.22 282.86 286.24 287.86 289.53 287.7 282.71 275.73 267.71 258.09 243.81 234.51
0 0 12.41 8.06 316.61 222.68 215.08 212.64 210.65 209.93 204.25 196.82 193.18 192.34 196.29 208.8 220.34 224.92 219.77 213.76 206.33 202.54 202.23 201.87 206.4 211.83 208.9 201.57 192.37 179.38 166.02 155.91 142.33 132.23 137.43 141.61 137.27 132.52 129.42 134.14 152.83 161.85 161.49 163.96 173.69 180.47 186.16 190.09 190.47 190.34 191.77 192.57 192.56 192.04 188.28 180.32 171.22 159.41 352.87 339.29 321.66 311.7 305.37 303.17 303.87 299.47 294.37 290.27 285.29 276.15 264.03 245 223.83 218.97
