InputMaps/malcataSlope_250.grass
north: 40:14:17.01N
south: 40:12:39.7468N
east: 7:02:14.5154W
west: 7:04:21.43W
rows: 250
cols: 250
[rows 0 to 34 of 250, columns 0 to 78 of 250]
0 0 0 0 0 0 0 0 0 0 0 0 0 0 0 0 0 0 0 0 0 0 0 0 0 0 0 0 0 0 0 0 0 0 0 0 0 0 0 0 0 0 0 0 0 0 0 0 0 0 0 0 0 0 0 0 0 0 0 0 0 0 0 0 0 0 0 0 0 0 0 0 0 0 0 0 0 0 0
0 0 0 0 0 0 0 0 0 0 0 0 0 0 0 0 0 0 0 0 0 0 0 0 0 0 0 0 0 0 0 0 0 0 0 0 0 0 0 0 0 0 0 0 0 0 0 0 0 0 0 0 0 0 0 0 0 0 0 0 0 0 0 0 0 0 0 0 0 0 0 0 0 0 0 0 0 0 0
0 0 22.65 23.31 23.8 23.99 24.32 22.35 18.73 16.88 20.92 31.19 34.41 33.71 36.11 40.19 40.23 37.16 36.07 36.19 43.45 56.14 47.53 40.51 41.98 49.51 58.79 65.88 66.71 65.07 63.9 62.46 46.6 35.02 38.31 51.65 63.51 62.99 55.18 49.19 41.66 31.05 21.12 14.93 11.41 14.02 18.76 25.23 31.14 32.11 26.54 20.86 13.65 12.08 35.19 44.96 30.32 24.97 32.66 37.98 39.93 36.95 29.49 24.3 21.61 21.37 24.36 29.37 33.35 35.51 36.2 32.76 28.54 27.74 33.3 38.06 39.77 30.72 27.89
0 0 27.25 27.14 26.34 25.2 24.16 21.75 18.74 17.33 20.6 28.95 33.04 33.68 35.24 37.26 36.46 34.03 34.96 37.88 42.39 50.25 47.79 45.1 45.59 49.53 54.63 57.13 54.9 51.47 50.15 49.62 37.7 31.16 39.87 52.11 53.81 50.48 45.18 41.21 35.79 29 21.94 16.31 12.82 12.57 13.51 16.89 24.68 28.77 23.26 18.53 14.11 17 35.91 42.67 29.52 24.22 30.74 35.88 38.86 35.59 26.14 20.21 17.96 17.12 18.53 21.53 24.51 27.74 31.74 31.45 29.48 29.46 34.18 36.13 34.51 27.26 22.88
0 0 34.51 33.18 30.11 26.82 23.98 21.43 18.96 17.84 20.68 27.61 32.95 34.91 35.67 35.73 32.43 29.02 30.82 35.64 40.54 47.86 51.33 52.24 51.38 49.42 46.34 42.01 36.26 31.72 32.77 36.29 29.86 28.92 40.54 47.6 38.35 32.27 29.98 29.23 27.02 26.74 25.27 20.58 15.91 12.81 10.31 11.96 20.69 25.05 18.85 15.48 17.54 23.04 32.04 36.24 32.4 29.94 32.46 34.23 35.4 31.69 23.02 16.76 13.43 11.47 10.33 9.83 10.85 15.07 22.6 27.48 30.44 32.3 34.23 32.05 27.03 20.52 15.27
0 0 37.13 35.37 31.51 27.52 24.34 22.27 19.69 18.14 20.28 25.7 31.67 35.17 37.03 38.3 33.49 27.86 27.55 31.09 36.59 44.62 51.43 54.2 53.04 48.62 41.94 34.08 26.82 22.19 25.51 32.14 32.14 35.55 42.08 42.66 32.11 25.51 23.9 25.57 23.02 24.41 26.04 23.37 19.39 16.81 14.94 16.7 22.01 23.05 16.11 14.34 22.99 28.14 24.27 26.49 37.67 40.83 35.85 32.09 30.04 26.14 20.72 15.5 11.3 9.43 7.69 5.72 6.12 9.77 17.05 24.73 30.47 33.12 32.65 27.83 20.83 14.96 11.6
0 0 36.33 35.55 33.43 30.26 27.37 26.31 24.53 22.01 20.83 21.42 24.25 28.18 32.83 38.14 34.17 28.35 27.51 30.05 34.18 37.92 40.96 43.62 44.78 42.82 38.37 32.69 27.42 24.17 26.11 31.42 35.42 40.66 37.62 32.52 23.55 15.73 12.46 18.91 14.66 11.92 13.93 17.14 18.08 19.25 19.47 20.35 22.07 20.59 12.1 11.53 26 30.79 19.03 20.78 41.38 49.02 37.98 30.09 26.61 22.92 19.21 14.59 10.25 9.4 9.22 8.3 10.87 15.18 19.54 23.83 27.29 29.18 28.57 24.6 18.64 12.52 7.2
0 0 35.59 35.72 35.32 33.26 30.45 29.5 28.93 26.11 22.13 18.8 19.29 23.84 29.37 35.34 31.64 27.03 27.88 30.95 33.89 33.39 31.57 33.63 36.87 37.58 35.64 32.69 29.67 28.31 28.67 29.89 33.82 39.71 32.8 25.79 18.89 11.21 2.17 13.4 10.31 7.87 13.81 18.34 19.33 20.17 20.81 21.66 22.62 19.65 6.87 7.17 25.92 34.49 24.18 22.43 40.52 50.02 43.53 36.4 30.58 24.51 18.68 13.16 9.17 9.24 10.27 10.67 16.32 21.14 22.7 23.4 24.51 25.55 25.36 22.87 18.89 13.12 5.18
0 0 37.06 37.95 38.75 38.35 36.04 34.41 34.42 33.26 30.59 27.45 26.83 29.42 32.19 35.84 33.53 30.64 30.56 31.24 32.18 31.86 29.48 31.28 33.85 35.96 36.04 34.23 31.09 29.49 29.02 29.04 32.45 37.62 30.33 23.19 17.46 11.26 2.71 11.47 12.73 13.39 15.86 18.15 18.32 18.62 20.22 21.85 22.96 18.52 1.59 8.02 21.57 33.61 29.43 28.98 40.11 48.66 48.86 45.81 40.85 34.43 28.06 24.88 24.23 24.74 25.12 25.2 29.35 31.87 31.51 31.14 29.96 27.55 24.14 19.61 15.34 12.39 13.19
0 0 40.13 42.63 45.48 47.51 46.49 45.04 45.82 46.83 46.58 44.18 41.81 41.48 40.95 43.16 45.31 43.86 39.49 33.7 29.49 28.1 25.16 26.3 27.83 32.11 36.24 36.97 34.21 32.47 32.64 35.01 37.58 38.32 30.21 22.85 17.37 11.95 6.03 11 15.08 18.18 18.9 19.56 17.85 17.02 19.95 22.12 21.56 15.76 6.58 13.52 18.3 32.59 37.34 40.59 47.71 56.01 61.74 63.95 63.37 61.33 59.16 58.69 58.5 57.87 56.98 55.37 54.4 52.17 49.67 47.31 41.2 31.91 22.42 14.88 12.64 16.2 21.94
0 0 41.82 45.2 48.83 52.19 51.94 50.56 51.68 53.64 54.96 53.9 51.18 49.43 46.02 46.9 52.12 52.11 45.86 37.13 29.74 26.39 22.91 23.69 25.27 30.45 36.04 38.51 35.96 34.03 34.91 39.62 40.87 37.3 29.09 22.17 16.81 11.84 7.75 10.77 16.24 21.23 22.76 23.23 18.42 15.66 20.17 22.57 18.56 11.69 10.21 16.84 17.11 29.87 40.32 46.32 52.04 60.04 68.08 73.24 75.67 76.49 76.46 76.83 76.47 75.18 73.68 71.1 67.21 62.41 59.09 55.82 48.41 36.82 25.09 18.7 19.51 23.59 27.96
0 0 28.8 27.91 27.84 33 36.77 36.79 36.74 37.35 39.54 42.73 43.9 44.11 37.36 31.8 34.07 36.59 34.17 30.28 24.86 20.84 16.51 15.95 16.32 18.59 18.99 23.4 22.67 22.28 25.37 32.68 31.07 25.09 17.88 11.59 7.07 4.05 3.38 7.83 14.2 20.32 23.07 24.14 18.06 14.97 20.95 23.43 16.74 11.03 12.31 16.51 13.21 16.37 24.51 32.09 37.03 42.75 49.71 55.25 58.68 60.49 59.99 58.56 57.45 57.21 57.62 57.14 55.05 51.57 47.87 44.57 43.9 40.68 33.72 28.64 27.58 27.64 27.67
0 0 14.12 8.12 4.76 10.82 18.72 21.91 20.96 20.04 23.64 31.22 36.3 39.18 30.83 18.67 18.88 25.82 26.23 24.73 19.81 14.94 9.94 6.72 7.46 10.6 2.17 8.04 7.77 9.37 16.97 27.64 21.22 12.45 5.98 3.55 8.33 12.17 15.75 19.85 22.59 22.83 19.97 18.06 16.15 16.93 23.29 25.99 18.93 14.6 13.35 13.01 9.02 4.88 7.53 16.17 22.14 26.29 30.89 35.64 39.68 42.89 42.56 38.94 36.42 37.18 39.62 41.58 41.86 39.82 35.48 32.64 37.21 42.51 43.24 38.61 34.05 30.11 26.74
0 0 14.95 8.87 4.53 6.87 13.35 18.21 18.71 17.95 21.88 29.59 35.87 40.44 33.69 22.3 22.05 27.84 26.82 23.95 18.97 13.93 9.48 4.99 4.79 9.44 3.9 4.95 8.1 11.04 18.83 28.76 18.06 8.78 3.89 4.45 8.22 11.88 15.63 18.72 19.25 17.53 12.67 9.1 11.42 15.36 22.84 26.37 19.46 15.35 12.7 9.43 6.32 4.35 3.78 9.81 17.43 22.26 24.91 28.87 33.02 36.72 38 34.79 31.46 31.89 33.49 34.56 34.24 32.12 28.55 26.77 30.09 39.1 48.94 45.84 37.84 30.79 24.97
0 0 19.13 15.21 10.07 8.84 8.19 11.18 14.15 15.59 20.99 29.25 37.03 43.56 39.78 30.89 29.16 32.13 29.49 25.51 21.33 16.03 9.53 4.66 5.77 11.3 10.28 12.25 16.47 19.29 22.63 25.74 13.14 6.51 7.89 9.77 7.96 8.58 10.21 9.66 9.45 9.62 6.73 4.5 5.72 10.72 20.76 26.59 21.7 16.88 12.7 8.44 5.05 3.47 2.66 2.76 10.69 15.95 17.51 21.27 24.44 26.25 28.37 26.38 22.58 21.98 20.71 18.01 14.9 12.77 13.61 15.27 16.97 30.18 48.5 46.82 37.24 32.46 28.61
0 0 21.77 19.17 14.41 8.66 4.41 5.88 9.28 13.14 19.36 27.85 36.76 44.91 44.23 38.15 35.53 36.14 32.29 27.54 25.01 21.48 11.53 3.45 8.43 15.36 16.4 18.78 22.58 25.01 24.06 17.7 8.47 5.24 9.83 15.42 11.53 8.81 5.67 3.39 10.07 12.83 9.58 5.76 1.56 6.5 17.27 25.56 23.84 19.18 13.88 9.39 5.58 2.25 1.41 1.65 6.66 9.81 11.16 15.91 19.57 20.9 22.58 20.65 16.6 15.44 13.59 9.82 5.5 8.51 15.54 18.05 17.24 27.64 44.88 41.06 30.76 32.66 33.78
0 0 24.41 23.19 20.5 16.23 12.67 11.73 12.65 14.08 16.17 21.54 29.51 38.19 39.54 36.94 35.66 36.13 33.88 29.92 28.62 28.29 18.38 14.03 18.03 23.29 24.19 25.43 26.86 27.01 23.93 16.56 9.6 6.99 8.97 18.25 13.57 9.15 6.21 8.23 10.86 15.46 15.21 11.82 4.63 7.3 10.17 18.26 19.14 17.92 14.35 10.61 7.74 6.26 5.54 4.94 6.9 8.15 7.51 9.1 14 17.49 18.26 15.2 8.58 6.46 11.06 12 9.82 12.75 18.4 18.66 15.44 24.01 39.54 34.12 21.42 24.19 30.32
0 0 26.81 27.83 27.71 26.18 23.91 21.5 18.86 15.69 13.52 16.03 23.39 32.51 34.69 33.93 32.12 31.95 34.73 34.49 31.63 31.52 28.4 28.5 30.6 33.53 33.33 32.95 31.66 29.12 25.44 22.17 15.97 7.66 10.2 17.6 11.38 13.13 17.6 15.38 13.49 17.55 21.64 20.39 9.88 5.26 5.21 11.9 12.97 14.1 13.68 11.43 9.3 11.28 13.4 13.59 13.15 10.98 5.46 5.01 12.92 16.85 16.23 13.61 10.44 13.95 19.09 19.3 17.08 17.55 19.27 16.96 12.37 20.41 35.35 30.36 16.71 16.43 22.57
0 0 25.97 27.93 28.82 28.24 26.4 23.75 20.41 16.36 14.24 16.35 23.21 31.9 33.72 32.75 28.47 26.14 32.99 38.31 33.09 30.52 32.24 33.98 35.08 36.85 35.85 34.62 31.92 28.19 24.71 23.26 19.21 13.6 13.37 14.66 7.97 15.81 19.13 16.87 13.39 15.78 21.99 24.42 13.74 4.62 6.71 9.81 9.35 10.45 12.59 11.38 8.51 11.68 13.42 13.53 14.15 13.38 8.83 10.13 16.07 18.17 16.46 15.55 16.88 20.13 22.32 21.24 19.18 18.45 17.48 13.94 9.56 17.25 31.81 28.7 17.56 13.94 15.11
0 0 21.88 24.2 25.48 25.08 23.1 20.67 18.33 15.87 15.51 17.86 24.41 32.82 35.42 35.28 30.06 24.75 29.87 39.27 36.82 38.24 43.68 44.6 42.6 40.74 37.01 33.43 27.98 21.86 17.6 17.58 17.77 18.55 16.89 16.04 13.22 15.43 10.71 12.8 8.83 7.78 14.94 22.4 15.86 9.71 9.21 9.28 7.82 7.51 9.88 9.06 3.95 5.34 1.62 4.75 12.17 16.3 16.33 19.08 23.41 24.62 22.33 21 22.25 22.76 22.23 21.44 20.37 19.15 16.5 12.86 10.34 16.11 28.07 26.21 18.1 12.48 9.12
0 0 18.42 21.02 22.76 23.06 21.23 18.73 17.05 15.78 15.81 17.65 24.03 32.56 37.17 38.97 34.41 27.05 27.5 35.25 38.8 46.92 53.67 53.46 48.77 43.46 37.34 31.82 24.97 19.81 15.64 15.4 15.03 16.62 19.08 21.04 18.42 10.96 4.98 8.98 6.14 3.25 11.06 17.43 15.37 12.94 12.03 10.96 9.15 8.21 8.65 6.93 1.16 3.54 8.83 15.01 20.54 23.6 24.56 27.24 31.12 32.05 29.18 26.21 24.21 22.62 22.6 22.57 21.59 19.8 16.33 13.07 12.63 17.02 24.27 22.37 16.64 11.28 6.43
0 0 14.8 18.2 21.31 23.98 23.87 21.46 19.01 17.33 16.62 17.2 22.2 29.58 35.09 38.43 35.31 29.78 27.6 30.16 33.32 40.32 43.44 43.51 40.43 35.85 30.38 24.88 20.95 23.19 19.28 16.68 14.57 14.64 17.27 18.96 17.96 12.92 8.85 8.28 7.83 6.91 9.72 12.99 14.01 13.89 13.31 12.69 11.79 10.47 8.14 5.74 3.45 4.96 10.02 15 20.14 23.99 25.61 27.57 30.27 29.4 25.47 23.91 23.22 23.15 25.26 25.08 22.82 20.54 17.89 15.31 14.63 16.72 20.32 18.64 14.76 10.18 5.47
0 0 9.75 13.97 18.57 23.9 26.71 25.78 22.1 18.82 17.86 18.24 21.89 27.75 33.65 38.22 35.66 31.49 28.81 27.96 27.22 28.76 26.17 26.61 26.77 24.29 20.07 14.85 16.26 23.96 19.45 16.63 17.45 17.22 17.02 16.56 16.84 16.74 13.53 10.71 9.93 9.72 10.1 11.22 13.05 14.22 14.07 13.99 14.06 12.92 9.26 6.55 6.18 7.43 9.84 13.7 21.11 26.23 25.97 25.52 26.9 25 20.98 22 24.38 26.28 28.76 27.71 24.54 22.32 21.31 19.95 17.76 16.75 18.42 17.6 15.42 12.05 8.87
0 0 10.05 13.22 17.09 22.73 27.58 29.53 25.2 19.31 17.93 18.52 21.4 26.14 32.49 38.59 35.79 31.34 29.08 27.48 24.87 22.84 18.94 19.33 21.08 20.05 17.32 14.3 17.23 23.03 16.62 14.49 18.49 18.85 17.29 15.91 16.46 17.76 15.92 13.14 11.31 10.54 10.54 10.89 12.68 14.16 14.17 14.44 15.39 14.98 11.64 9.08 8.53 8.63 8.62 12.92 25.68 31.47 26.15 22.94 24.3 23.74 21.74 23.24 25.74 27.91 29.81 28.23 25.1 23.04 22.65 21.93 18.96 15.95 17.12 17.27 16.23 13.6 11.04
0 0 14.71 15.74 16.24 18.94 23.96 29.96 27.88 22.43 21.47 21.17 21.31 22.23 26.39 33.29 30.34 26.7 27.93 28.15 25.11 20.27 15.05 12.44 12.08 12.55 14.25 16.38 18.37 21.19 14.8 10.88 11.74 11.89 9.71 9.13 11.06 12.53 12.33 12.22 11.33 10.67 10.81 11.06 12.49 13.65 13.95 14.8 16.36 16.96 15.71 15.21 15.36 15.48 14.89 16.57 28.17 32.16 22.34 18.5 20.87 21.64 21.55 21.53 22.11 24.97 27.86 26.82 23.57 20.47 19.06 18.22 16.33 14.03 15.64 16.23 15.36 12.54 9.67
0 0 17.81 17.64 15.6 15.98 20.6 27.39 27.77 25.44 25.5 24.41 23.14 23.71 25.53 28.43 22.54 19.95 26.15 28.93 25.93 19.33 12.38 7.44 6.14 6.9 11.81 16.86 17.14 18.05 14.91 9.55 11.25 17.43 18.53 20.09 21.41 20.88 20.4 20.49 20.17 20.56 21.15 21.2 21.24 21 21.61 23.09 23.67 23.18 22.64 22.84 23.05 23.27 23.19 22.65 23.55 24.77 22.51 20.31 19 19.2 21.61 22.61 23.02 25.19 27.38 25.8 21.69 17.76 15.77 14.78 13.84 12.69 14.51 15.01 13.94 11.14 8.32
0 0 17.97 17.63 14.24 14.61 18.89 23.13 22.97 20.66 20.3 19.74 22.38 29.06 28.43 25.08 17.94 16.61 20.84 23.76 22.52 18.59 13.89 10.54 7.94 5.96 10.73 16.17 14.62 12.97 12.11 10.34 17.77 26.01 24.51 23.19 22.74 21.57 21.88 22.69 23.04 23.7 23.49 22.41 21.36 20.67 22.82 26.11 26.97 27.05 27.79 28.26 27.12 25.36 24.08 23.07 19.43 17.48 24.83 27.38 21.03 18.38 22.88 26.94 30.08 31.25 30.32 26.73 22.24 19.43 18.27 17.1 15.54 13.29 12.17 11.04 9.97 7.49 4.47
0 0 17.59 16.03 10.67 11.76 16.13 17.89 16.47 12.39 11.29 13.3 20.76 30.14 26.91 20.45 17.37 14.05 11.32 13.78 15.5 16.37 15.22 14.05 11.21 9.24 12.66 15.93 14.45 13.42 16.52 21.21 29.36 35.9 31.7 27.19 25.26 24.59 26.22 28.02 29.13 29.96 28.41 25.23 22.2 20.83 25.87 33.15 35.99 38.22 40.26 39.88 35.3 29.11 25.82 25.89 25.38 25.99 37.79 42.59 32.64 25.58 29 34.81 37.85 37.11 33.65 28.75 24.72 23.52 23.25 21.95 19.49 15.18 7.91 3.13 8.3 10.39 12.66
0 0 16.58 13.87 8.19 11.69 15.54 15.36 14.36 12.21 13.44 17.26 22.49 27.34 20.78 14.55 17.85 14.87 10.94 12.25 14.46 16.57 17.16 17.64 14.95 13.3 15.3 15.54 16.25 19.15 25.03 31.69 37.81 41.18 34.81 28.47 26.51 26.8 29.2 31.53 32.98 33.67 30.91 26.67 22.45 20.68 29.51 40.76 43.22 45.75 47.89 46.3 39.63 31.31 26.63 28.02 29.82 34.15 49.63 53.56 40.33 31.45 33.62 40.65 41.67 39.24 35.06 29.88 26.23 25.83 26.2 25.12 22.37 18.19 12.05 6.81 11.46 15.68 20.04
0 0 10.95 7.24 2.34 11.44 15.14 14.31 14.27 14.82 16.18 17.59 19.99 23.07 16.25 8.5 10.76 15.69 15.05 13.07 14.61 16.91 18.85 20.92 18.72 17.34 18.22 17.7 19.97 23.7 27.43 31 32.98 34.27 27.24 22.81 24.79 27.08 29.62 31.52 32.61 33.17 31.24 31.2 32.88 37.3 47.61 56.71 54.63 52.16 47.2 38.07 30.61 27.78 24.72 24.34 24.03 28.85 43.37 41.04 23.16 25.14 33.52 40.01 38.55 35.45 31.29 25.82 22.43 23.2 24.78 24.18 22.07 21.57 22.02 13.97 2.58 2.21 6.06
0 0 4.55 2.27 6.79 12.57 15.26 16.2 17.01 17.07 15.22 12.73 17.42 23.47 17.85 7.09 9.04 16.3 15.8 13.21 15.07 17.97 21.05 24.33 22.91 22.2 22.5 22.58 24.75 25.99 25.89 25.82 27.4 29.73 23.55 20.39 24.61 27.8 30.02 31.1 32.01 32.83 32.37 36.65 45.89 58.3 69.15 71.92 65.35 57.76 44.87 29.22 20.92 22.47 22.63 18.63 17.79 23.05 30.53 28.42 13.06 20.41 33.99 36.27 34.18 31.27 26.88 21.62 18.75 19.99 23.34 23.34 21.25 23.1 27.38 22.9 16.58 15.46 16.93
0 0 1.05 4.36 9.34 12.16 14.3 17.14 17.5 16.04 11.56 5.58 12.68 22.82 21.09 13.52 12.36 14.36 14.22 13.48 16.07 19.44 23.09 26.85 25.91 25.49 24.16 23.32 24.55 23.68 21.75 20.2 24.12 29.16 26.48 25.14 26.21 27.24 28.54 29.24 30.67 31.7 31.15 35.18 45.95 58.13 64.63 63.43 56.31 47.86 38.06 30.92 18.55 18.15 18.87 14.65 16.45 21.72 18.9 19.42 24.98 29.08 30.18 28.2 28.49 26.82 22.52 18.52 16.59 15.88 21.55 23.4 21.02 22.37 26.32 22.76 17.34 16.22 17.53
0 0 3.85 7.52 11.75 12.46 12.75 13.64 15.21 16.16 10.47 2.15 6.91 18.21 22.86 21.89 17.7 15.49 18.35 20.06 21.58 23.76 26.82 30.13 30.02 30.04 25.45 22.5 22.12 18.47 16.15 15.92 20.91 26.7 28.22 29.42 25.99 23.2 23.41 24.26 25.86 26.02 24.39 26.44 35.17 41.29 38.41 32.93 25.37 14.98 18.09 27.96 14.72 7.87 7.45 5.84 14.16 19.4 11.39 12.52 30.59 34.19 21.43 17.17 21.68 22.85 20.8 18.67 16.38 6.59 13.46 20.38 20.22 20.73 23.03 18.61 12.41 10.89 11.79
0 0 8.27 9.63 14.69 13.43 10.54 5.13 12.77 20.78 15.22 3.67 3.06 10.26 21.11 27.78 22.81 19.74 24.43 27.61 28.19 29.06 31.52 34.47 37.14 39.78 31.25 24.34 20.33 13.78 11.74 14.28 17.68 21.52 28.13 33.55 28.12 23.35 23.7 24.47 23.71 21.98 21.08 22.43 27.77 29.81 24.47 20.59 18.7 14.51 12.2 19.3 14.41 7.65 6.96 1.71 15.31 19.05 9.11 9.76 26.32 32.02 24.4 21.59 24.32 27.29 28.34 27.86 26.34 14.75 3.89 15.77 20.77 21.66 21.92 16.46 9.29 7.03 7.9
0 0 13.68 11.22 14.96 9.96 3.66 4.14 8.8 21.56 20.39 12.08 9.53 12.06 18.69 29.25 26.05 21.79 23.14 26.97 28.24 29.35 32.61 36.37 43.37 50.1 37.87 24.36 12.82 3.47 7.78 13.88 15.44 16.99 26.22 34.67 29.05 24.09 25.43 25.87 21.34 17.72 18.54 19.65 22.42 24.81 23.84 22.54 21.62 20.83 17.46 14.12 15.9 16.51 10.04 8.46 17.4 19.18 8.23 7.73 19.53 24.23 21.07 19.64 20.51 23.03 25.56 27.77 30.22 21.65 5.67 8.53 19.55 22.57 21.67 15.78 8.47 5.54 5.6
