InputMaps/malcataAspect_500.grass
north: 40:14:17.01N
south: 40:12:39.7468N
east: 7:02:14.5154W
west: 7:04:21.43W
rows: 500
cols: 500
[rows 462 to 494 of 500, columns 74 to 147 of 500]
135.11 131.57 122.63 111.53 109.31 111.01 123.17 135.9 140.02 142.46 139.01 130.76 127.23 124.99 133.48 142.23 144.9 147.23 151.47 155.48 157.99 160.88 168.45 174.32 178.62 182.86 186.63 188.69 188.69 188.77 189.22 188.99 187.67 186.42 185.4 184.16 182.62 181.44 181.66 185.18 189.12 205.48 342.59 348.87 346.84 344.03 341.52 355.46 23.66 34.49 26.07 9.55 349.84 337.06 332.39 326.25 318.82 309.55 299.78 296.84 298.18 296.1 291.21 289.07 288.55 274.01 251.41 240.32 230.82 205.78 198.24 202.57 208.32 219.52
138.64 135.1 124.19 108.71 104.72 106.07 119.34 133.57 137.97 140.44 138.67 133.27 130.21 127.91 133.66 140.64 143.23 145.62 150.08 154.32 156.92 159.91 167.64 173.86 178.51 183.08 186.89 188.69 188.69 188.76 189.11 188.79 187.49 186.28 185.26 184.05 182.55 181.41 181.68 185.56 189.79 209.12 343.71 349.26 347.29 343.86 336.73 350.65 42.23 40.76 22.07 7.12 352.42 341.8 336.87 331.02 324.05 313.42 299.5 294.26 295.51 294.68 291.99 290.6 290.04 270.71 241.81 228.96 218.77 203.87 200.12 205.37 211.58 221.4
141.74 138.24 125.7 105.8 99.93 100.86 115.19 131.04 135.73 138.22 138.32 135.58 132.95 130.61 133.85 138.93 141.43 143.86 148.57 153.05 155.75 158.84 166.72 173.32 178.38 183.34 187.17 188.69 188.69 188.74 189 188.59 187.32 186.13 185.14 183.94 182.49 181.39 181.7 186.01 190.57 213.84 344.7 349.62 347.72 343.68 328.93 246.43 94.52 49.16 19.1 5.67 353.96 344.96 340.16 334.69 328.24 316.85 299.21 291.57 292.71 293.23 292.76 292.09 291.51 267.4 233.65 220.49 210.84 202.22 202.41 208.88 215.57 223.44
144.47 141.06 127.19 102.82 95.01 95.48 110.74 128.29 133.3 135.79 137.95 137.72 135.47 133.14 134.07 137.14 139.51 141.98 146.95 151.67 154.47 157.65 165.64 172.66 178.18 183.59 187.42 188.63 188.63 188.68 188.85 188.38 187.16 186.01 185.05 183.9 182.5 181.47 181.91 186.82 191.67 220.22 345.53 349.95 348.11 343.49 314.79 188.52 141.84 60.13 16.67 4.63 354.93 347.18 342.66 337.61 331.66 319.96 298.98 288.83 289.83 291.76 293.53 293.56 292.95 264.12 226.91 214.21 205.44 200.8 205.25 213.37 220.47 225.58
149.38 148.93 136.66 105.21 93.55 93.49 107.67 123.81 128.44 130.69 134.99 138.7 139.79 140.5 142.28 144.44 145.96 147.48 151.24 154.25 155.02 156.02 161.73 166.77 169.64 172.54 175.12 176.76 177.89 179.06 180.62 182.96 185.52 188.16 191.34 194.65 197.34 201.56 213.23 226.14 219.77 240.47 338.79 347.87 346.98 341.69 292.32 217.99 213.54 303.29 348.76 349.94 347.17 346.22 346.48 345.29 343.08 335.51 313.25 296.15 294.08 293.94 295.02 295.2 294.86 260.85 221.78 211.64 206.2 205.53 210.44 212.68 213.51 214.16
152.51 155.72 148.43 116.07 100.06 98.57 108.37 119.99 123.68 125.67 130.68 136.88 141.56 146.5 152.16 155.15 155.37 155.37 157.27 158.12 156.63 155.37 158.54 161.24 161.24 161.36 162.59 164.71 166.89 169.09 171.85 177.19 184.11 191.07 198.77 206.41 212.4 219.23 229.98 235.45 227.34 237.31 330.71 345.71 345.71 340.3 291.47 239.01 244.28 282.75 326.42 336.91 339.43 344.17 349 351.71 353.59 352.6 340.47 318.74 307.98 300.79 297.01 296.14 296.14 258.11 218.66 210.72 207.76 208.89 211.72 206.89 199.02 195.65
150.79 154.14 148.03 122.96 109.48 106.74 111.17 117.95 120.74 122.65 127.13 132.88 137.56 142.67 150.48 155.05 155.37 155.37 157.61 158.72 157.27 156.01 158.78 161.24 161.24 161.32 162.2 164.1 166.35 168.58 171.12 176.81 184.67 192.57 201.36 209.94 216.36 222.26 227.51 226.73 218.44 223.79 327.42 345.71 345.71 340.79 301.63 250.53 254.17 288.18 325.72 335.81 338.42 343.47 348.6 351.43 353.37 352.71 343.6 328 317.62 307.29 298.67 296.14 296.14 256.17 216.74 209.1 206.24 206.78 208.33 203.57 196.52 195.57
148.87 152.36 147.62 128.93 117.93 114.26 113.86 115.84 117.62 119.4 123.22 128.29 132.85 138.04 148.6 154.94 155.37 155.37 157.95 159.29 157.87 156.62 159.01 161.24 161.24 161.28 161.8 163.44 165.78 168.01 170.24 176.3 185.42 194.53 204.72 214.45 221.24 225.69 225.21 219.94 212.03 214.69 323.42 345.71 345.71 341.25 309.98 263.92 265.12 293.29 324.99 334.6 337.32 342.71 348.17 351.13 353.14 352.82 345.88 334.11 324.67 312.84 300.27 296.14 296.14 254.26 214.98 207.62 204.87 204.94 205.54 200.95 194.58 195.49
146.71 150.35 147.2 134.04 125.25 120.99 116.45 113.64 114.3 115.94 118.92 123.03 127.29 132.4 146.5 154.83 155.37 155.37 158.27 159.83 158.45 157.2 159.23 161.24 161.24 161.24 161.38 162.72 165.15 167.39 169.17 175.6 186.43 197.2 209.23 220.29 227.29 229.57 223.09 214.65 207.31 208.44 318.48 345.71 345.71 341.7 316.7 278 276.43 298.03 324.23 333.28 336.1 341.88 347.7 350.8 352.89 352.93 347.61 338.36 329.91 317.54 301.83 296.14 296.14 252.38 213.37 206.28 203.63 203.32 203.23 198.83 193.05 195.42
150.66 153.06 150.53 140.93 132.96 127.72 119.53 111.82 110.19 110.12 109.81 110.26 112.14 114.65 129.76 142.53 145.82 148.58 155.1 158.92 158.78 158.7 161.17 163.12 163.12 163.13 163.57 166.77 172.42 178.2 186.23 200.58 211.36 220.67 230 236.66 239.73 237.76 226.8 219.18 216.79 224.39 287.06 328.06 336.08 340.32 328.39 297.63 290.98 305.94 325.97 333.49 335.84 341.01 345.36 345.97 344.99 342.71 338.31 333.82 330.14 320.57 304.04 296.73 295.84 253.61 217.04 211.79 211.46 214.2 218.36 218.6 217.67 231.13
157.88 158.23 155.53 148.06 140.37 134.27 123.95 113.11 109.81 108.57 105 101.77 102.07 103.12 115.54 129.08 134.09 139.12 150.39 157.32 158.6 159.93 163.29 165.37 165.37 165.39 166.11 172.25 183.02 194.09 210.98 230.48 236.62 241.36 245.19 247.29 248.02 244.13 232.03 225.99 226.96 235.96 271.76 304.74 318.2 334.23 339.75 324.33 310.4 315.81 328.79 334.36 336.05 340.66 343.47 341.51 337.5 332.94 328.76 327.52 327.88 321.69 306.95 299.14 297.19 257.55 222.47 218.72 220.33 225.35 231.81 234.21 235.44 246.42
159.09 159.09 157.38 152.24 145.59 139.55 128.97 117.15 113.27 111.69 104.96 97.82 97.18 97.79 109.24 122.63 127.62 132.81 147.64 156.54 158.08 159.67 163.45 165.71 165.71 165.64 165.35 171.81 185.92 200.15 221.35 242.25 246.87 249.67 249.94 249.64 250.14 246.14 234.06 228.2 229.52 236.82 261.45 285.73 294.71 317.82 340.73 335.63 322.35 321.68 329.49 333.86 335.47 340.88 344.14 342.17 338.01 332.84 327.57 326.13 327.03 322.04 309.72 302.81 300.56 261.82 224.97 221.08 222.94 228.37 235.21 237.77 239.09 246.82
159.09 159.09 158.53 155.29 149.6 143.86 133.5 121.29 117.08 115.31 105.52 94.24 92.67 92.9 103.46 116.47 121.09 125.93 144.95 155.89 157.49 159.12 163.27 165.71 165.71 165.53 163.7 169.18 187.85 206.2 232.18 253.58 256.54 257.26 253.69 251.02 251.49 247.57 235.63 229.75 231.06 236.36 251.49 263.95 260.19 275.95 339.7 341.04 329.66 325.93 329.78 333.06 334.71 341.18 345.1 343.45 339.53 334.11 327.66 325.52 326.43 322.3 312.28 306.38 304.01 266.22 227.12 222.81 224.67 230.33 237.43 239.99 241.26 245.78
159.09 159.09 159.58 157.77 152.83 147.44 137.44 125.1 120.65 118.73 106.08 90.62 88.12 87.95 97.38 109.57 113.51 117.6 141.84 155.21 156.86 158.55 163.08 165.71 165.71 165.41 161.63 164.1 191.61 216.76 247.42 266.38 267.06 265.34 257.59 252.43 252.87 249.03 237.27 231.38 232.67 235.91 242.56 243.73 231.13 228.16 338.55 344.54 334.76 329.41 330.06 332.21 333.89 341.46 345.96 344.56 340.87 335.27 327.75 324.9 325.81 322.56 314.65 309.66 307.2 270.67 229.42 224.65 226.51 232.4 239.77 242.32 243.52 244.75
162.94 159.58 158.55 157.62 154.24 150.24 141.6 130.22 126.86 126.08 110.36 88.15 84.71 84.62 92.67 102.53 104.95 107.08 134.4 151.21 153.89 156.7 163.06 167.61 169.72 171.6 171.72 186.01 216.89 237.3 263.23 277.7 276.69 272.34 257.87 248.34 248.55 243.77 230.64 225.09 227.15 229.2 229.9 224.9 213.08 210.42 331.14 346.93 342.59 338.83 334.98 329.42 323.16 327.95 335.5 336.93 335.5 331.12 323.6 321.31 323.74 322.94 318.44 315.42 313.87 275.72 228.22 224.09 227.07 233.85 241.63 244.21 245.38 243.74
168.97 161.32 157.38 156.36 154.44 152.08 144.8 134.44 133.56 136.12 120.42 89.97 85.86 86.29 91.52 97.16 98.22 98.98 125.66 145.17 149.21 153.62 162.59 170.14 175.77 181.49 192.82 242.44 248.83 255.49 272.34 284.34 284.42 278.26 250.57 232.52 231.16 224.29 212.07 209.63 213.73 216.06 214.16 209.04 202.78 205.01 318.79 347.89 350.4 350.38 343.21 330.64 318.06 317.1 323.33 326.64 327.61 324.46 316.84 315.2 319.63 322.13 321.86 321.77 322.24 283.2 225.5 223.14 228.09 235.87 243.54 246.03 247.17 243.41
171.62 163.65 158.61 156.75 155.06 153.2 145.64 133.57 132.99 137.14 125.35 98.83 94.02 93.43 93.25 93.4 93.65 93.93 120.07 141.07 145.61 150.67 160.91 170.13 177.59 185.28 202.49 260.09 261.7 264.6 274.93 283.34 284.29 277.53 242.35 221.4 218.6 212.29 204.3 204.48 209.74 211.92 208.33 203.44 199.3 202.29 307.37 347.33 352.28 353.99 347.81 336.5 323.95 318.83 320.61 323 324.55 321.2 312.07 309.56 314.51 319.03 321.65 323.09 324.36 289.67 229.55 227.32 232.92 240.11 246.45 248.56 249.61 244.11
172.67 165.64 160.45 157.79 155.91 154.09 145.66 130.43 128.55 132.66 125.33 108.52 103.65 101.7 95.63 90.01 89.51 89.47 115.3 137.55 142.24 147.54 158.4 168.67 177.23 186.1 206.98 271.35 271.12 271.74 275.86 279.57 280.26 273.01 238.6 219.14 216.38 211.55 206.04 207.25 212.88 213.8 207.56 201.81 197.92 200.14 293.98 346.13 351.54 354.39 350.13 341.41 330.62 323.38 321.06 321.82 323.39 319.29 307.86 303.69 308.42 314.67 319.86 322.13 323.41 294.15 238.27 234.92 240.07 245.54 249.84 251.44 252.37 245.14
173.49 167.2 162 158.75 156.71 154.94 145.67 126.96 123.49 127.42 125.31 117.23 112.56 109.51 98 86.62 85.38 85.02 110.13 133.49 138.28 143.77 155.19 166.7 176.73 187.21 213.44 282.5 280.48 278.84 276.79 275.71 276.13 268.46 235.14 217.08 214.38 210.84 208.03 210.67 216.66 215.89 206.83 200.39 196.71 198.36 277.18 344.69 350.63 354.74 351.72 344.66 335.34 327.13 321.49 320.58 322.17 317.22 303.12 296.88 301.1 309.53 317.94 321.12 322.42 298.33 248.99 244.25 248.42 251.48 253.39 254.42 255.22 246.19
186.11 181.83 177.97 175.12 173.14 171.39 166.05 150.99 145.96 149.54 150.5 144.66 135.89 128.75 105.95 81 78.34 77.57 112.05 140.87 146.56 152.9 163.42 172.88 181 189.46 215.37 295.36 294.25 291.96 283.32 276.11 276.26 262.84 219.5 204.1 201.72 199.47 199.1 202.4 207.59 205.61 196.99 192.21 189.83 191 268.23 341.24 338.48 346.04 349.41 346.96 341.95 336.17 330.18 328.7 330.73 326.21 309.53 299.8 304.95 318.36 330.86 335.47 337.82 320.96 254.17 246.9 252.08 253.01 252.5 253.29 254.32 241.74
205.34 204.27 203.72 203.39 202.54 201.48 207.85 226.84 231.52 227.14 218.3 207.7 198.17 187.85 178.25 22.19 22.35 25.84 159.67 176.38 181.91 187.27 189.49 189.75 190.7 192.15 204.63 319.9 16.61 54.69 68.1 70.18 61.66 110.15 175.67 177.73 176.88 176.11 175.63 175.36 175.08 176.07 177.63 178.18 178.29 178.9 312.35 339.72 326.2 333.43 344.19 348.11 349.68 350.3 350.14 351.59 354.4 356.01 357.07 2.51 9.59 11.97 12.39 15.14 18.91 31.35 81.54 156.27 237.99 239.59 235.16 237.83 241.33 222.82
212.49 212.49 212.93 213.31 212.88 212.19 220.05 237.04 239.78 235.84 228.67 220.89 215.12 208.98 222.96 290.62 301.23 306.08 221.76 199.72 203.03 206.07 201.98 197.14 194.75 192.73 195.2 154.2 102.68 94.61 82.3 71.98 67.59 80.57 152.62 165.71 165.71 165.66 165 162.89 159.87 162.21 168.67 171.73 172.99 172.83 352.67 343.2 328.66 330.7 341.24 347.8 352.7 356.98 0.95 4.64 7.61 13.35 30.64 48.9 48.9 40.01 32.81 33.75 37.11 49.48 71.48 76.95 66.98 130.21 193.06 206.48 217.78 205.3
212.49 212.49 212.77 212.92 212.44 211.75 218.61 232.65 234.1 229.86 223.5 216.86 211.46 205.73 217.22 282.49 293.68 297.79 221.65 201.11 204.61 207.69 201.94 196.44 194.14 192.09 192.22 174.43 138.14 116.77 85.03 61.79 55.79 64.25 150.3 165.71 165.71 165.78 165.55 163.79 160.9 162.69 168.56 171.54 172.83 172.12 356.02 346.99 335.02 333.19 340.36 346.66 352 356.71 1.02 4.89 8.02 14.01 31.41 48.9 48.9 41.36 35.05 36.24 39.68 48.43 59.16 55.55 38.5 33.26 200.17 214.56 226.98 210.84
212.49 212.49 212.61 212.55 212.01 211.32 217.26 228.72 229.13 224.77 219.15 213.46 208.44 203.1 212.68 273.83 285.15 288.02 221.54 202.69 206.4 209.51 201.89 195.79 193.57 191.5 190.21 176.9 153.51 132.88 87.77 53.23 46.55 51.39 147.59 165.71 165.71 165.91 166.05 164.6 161.84 163.14 168.44 171.35 172.66 171.24 357.27 349.4 339.33 335.32 339.4 345.29 351.16 356.39 1.09 5.18 8.49 14.73 32.22 48.9 48.9 42.78 37.57 39.05 42.56 47.41 49.33 41.25 25.57 14.4 221.4 228.13 240.05 219
209.1 209.24 209.53 209.87 210.05 210.16 216.08 226.32 226.99 223.94 220.44 217.05 214.01 210.85 224.38 266.23 271.58 271.83 239.44 218.81 219.79 220.27 208.47 201.35 200.51 199.97 202.38 200.36 185.83 169.99 93.01 22.09 14.82 11.38 174.5 176.92 174.82 172.91 171.44 169.49 166.75 167.16 171.62 175.26 178.25 183.18 350.33 350.67 345.87 343.59 346.43 352.35 359.17 5.74 11.87 15.82 18.01 25.07 44.02 57.05 55.15 48.79 42.84 42.67 44.48 44.12 38.84 28.39 14.33 0.02 284.16 259.93 262.82 239.05
199.26 199.84 201.04 203.24 205.75 208.19 215.68 226.7 229.2 228.76 228.3 227.95 227.73 227.53 241.71 263.9 265.68 265.11 252.25 239.29 237.59 235.38 222.23 215.02 216.68 218.71 224.95 229.78 226.6 227.21 264.78 306.97 308.84 299.98 231.67 202.71 196.53 189.86 184.13 180.62 177.89 177.08 180.75 186.97 194.54 216.66 333.32 350.43 357.04 3.87 10.68 17.56 24.36 30.94 36.3 38.04 37.7 43.88 58.84 65.47 62.04 55.78 48.94 45.27 42.77 35.91 25.25 13.82 1.38 343.85 295.92 279.11 277.07 260.5
192.57 193.47 195.5 199.46 203.95 208.16 216.83 228.22 231.58 232.31 233.03 233.72 234.39 235.03 246.23 260.61 261.16 260.06 251.82 243.08 241.01 238.44 228.64 223.44 225.96 228.58 233.82 237.51 236.5 238.81 263.59 289.49 291.34 284.27 238.25 211.56 204.77 197.25 190.69 186.85 184.27 183.28 187.59 196.79 207.64 233.82 318.92 348.29 5.11 19.73 28.74 34.97 40.6 44.9 46.89 46.63 45.51 49.97 60.37 63.64 59.48 54 48.32 43.48 38.5 28.5 16.8 6.48 356.12 340.42 305.12 290.2 286.21 271.26
192.77 193.69 196.15 201.01 206.05 210.5 219.03 229.5 232.53 233.26 233.97 234.65 235.31 235.95 244.78 255.36 255.01 253.22 246.46 239.6 237.43 234.91 228.78 226.04 228.55 230.97 234.29 236 234.97 236.98 259.74 284.57 286.01 277.49 231.52 208.05 201.81 195.29 189.91 186.55 184.08 183.34 188.97 201.19 213.95 238.99 307.65 343.58 7.24 25.82 34.09 39.71 45.5 48.06 47.05 45.49 44.37 47.76 55.41 56.77 52.06 47.45 43.6 39.44 34.6 24.97 14.36 5.49 356.71 344.06 317.08 302.34 296.58 280.1
192.98 193.91 196.85 202.81 208.51 213.2 221.46 230.83 233.51 234.24 234.94 235.61 236.26 236.9 243.35 250.35 249.2 246.83 241.5 236.36 234.11 231.66 228.91 228.9 231.38 233.54 234.78 234.54 233.49 235.23 255.98 279.43 280.39 270.5 225.85 205.2 199.46 193.73 189.23 186.28 183.91 183.4 190.95 208.48 223.29 244.78 291.59 333 12.4 36.65 41.47 45.61 51.38 51.56 47.2 44.39 43.27 45.7 50.98 50.83 45.89 42.04 39.58 35.99 31.35 22.18 12.54 4.77 357.15 346.58 325.36 311.94 305.38 288.48
194.1 194.82 198.15 205.45 211.91 216.79 224.38 232.05 234.01 234.4 235.04 235.92 236.75 237.53 242.04 246.26 245 242.95 239.58 236.46 234.72 232.94 232.94 234.48 235.63 236.49 235.26 233.34 232.41 233.94 252.07 273.25 273.73 261.72 216.83 199.43 194.34 189.47 185.88 183.62 181.85 181.69 190.57 216.02 232.28 248.11 273.05 305.79 30.51 52.49 47.52 49.3 55.17 52.47 44.66 40.99 40.21 42.27 46.44 46.29 42.74 40.85 40.13 37.28 32.97 24.3 15.64 9.52 3.76 357.24 343.55 329.6 320.04 300.91
198.08 197.87 201.33 210.29 217.53 222.35 228.11 232.38 232.31 231.12 231.7 233.93 235.74 237.31 241.48 245.41 245.88 246.04 245.14 243.95 243.51 243.1 243.38 242.97 240.95 238.56 235.22 233.04 232.65 234.07 246.88 261.18 257.61 232.85 191.16 182.69 179.4 176.28 173.86 173.11 173.63 173.84 175.11 190.69 211.07 227.08 240.7 237.25 152.39 52.78 31.42 33.75 42.11 37.8 29.51 27.68 29.06 33.22 40.56 45.19 47.15 49.31 50.08 47.92 44.33 37.08 30.57 28.17 26.87 29.41 31.87 22.45 7.68 348.65
200.76 199.89 203.81 215.15 223.44 228.09 231.02 231.11 229.09 226.46 228.07 233.31 236.33 238.58 243.27 247.87 249.45 250.63 249.61 248.09 248.07 247.99 246.25 243.04 239.59 235.51 233.21 233.21 233.21 234.11 239.74 241.58 226.01 191.85 173.17 170.86 169.14 167.25 165.13 164.99 167.19 167.5 160.18 142.62 142.62 141.19 140.5 157.86 198.61 311.81 351.18 1.75 11.74 14.12 13.06 15.2 19.24 26.47 39.27 49.33 54.82 56.51 54.51 51.59 48.4 43.39 39.68 39.47 40.22 43.58 45.52 39.35 29.13 19.8
200.44 199.58 204.34 218.79 228.67 233.22 232.79 229.11 226.33 223.68 227.6 236.55 240.07 242.17 246.88 251.46 252.86 253.87 251.15 248.12 248.07 247.87 243.28 237.3 233.46 229.35 229.95 233.21 233.21 233.18 232.26 225.57 209.76 187.58 174.08 171.14 169.46 167.52 164.97 164.38 166.66 167.01 159.65 142.62 142.62 138.51 125.24 122.25 232.67 321.06 349.73 2.12 14.18 16.02 14.24 16.41 20.72 29.35 45.77 57.37 62.29 59.48 52.41 48.02 44.78 41.47 39.81 40.1 40.85 41.75 39.81 33 23.82 14.97
