InputMaps/malcataSlope_300.grass
north: 40:14:17.01N
south: 40:12:39.7468N
east: 7:02:14.5154W
west: 7:04:21.43W
rows: 300
cols: 300
[rows 105 to 139 of 300, columns 0 to 77 of 300]
0 0 52.05 51.79 59.09 70.25 74.13 66.85 53.51 47.06 43.49 37.1 30.8 26.79 26.13 29.21 35.93 41.12 44.69 47.16 49.68 52.59 54.38 54.97 53.57 48.85 42.14 37.71 35.69 31.38 33.46 36.26 39.55 38.58 33.68 34.54 34.54 31.98 29.09 30.12 34.26 35.84 32.53 28.06 26.38 26.63 28.23 30.77 34.1 36.5 35.53 33.32 30.69 27.5 23.54 21.15 20.25 22.36 28.16 29.25 22.51 17.62 16.52 15.46 13.09 9.42 6.05 7.38 13.41 16.31 19.63 25.48 36.02 40.74 28.59 16.83 13.05 7.73
0 0 53.32 49.55 50.9 59.24 70.56 71.98 61.41 56.33 55.18 51.21 45.87 41.84 40.72 41.87 45.32 48.91 51.66 53.36 53.78 52.94 51.38 50.51 49.39 46.88 43.42 40.94 39.38 36.26 37.25 39.21 39.76 36.55 31.45 31.78 32.75 32.73 32.01 33.89 36.99 36.82 34.42 31.14 28.94 27.48 26.75 26.7 28.68 31.63 32.01 31.17 29.64 28.05 25.59 24.68 25.3 28.7 35.2 35.46 25.71 19.87 18.48 16.15 12.91 9.76 8.04 9.13 12.47 13.67 15.4 23.15 40.12 47.82 28.89 11.5 11.59 11.6
0 0 53.99 48.52 43.61 46.78 61.34 70.51 68.53 68.08 69.29 67.97 64.2 60.63 59 58.45 58.82 59.63 60.8 61.3 58.8 53.04 47.55 44.95 44.22 44.71 45.75 46.02 44.8 42.28 42.38 42.72 39.91 33.91 28.61 28.4 30.26 33.04 35.58 38.38 39.8 38.09 37.09 35.11 32.41 29.03 25.63 22.57 22.49 25.12 27.24 28.29 28.28 28.95 28.5 30.01 33.27 36.82 41.95 40.84 29.35 23.42 21.55 17.46 13.23 11.07 10.92 12.35 14.75 14.65 16.13 24.31 40.89 48.05 28.11 10.06 12.56 16.52
0 0 54.1 49.02 43 44.07 54.82 64.73 67.94 69.95 72.05 71.86 68.32 64.55 62.71 61.82 61.58 61.79 62.61 62.92 60.03 53.46 46.99 43.89 43.18 44.25 46.26 46.99 45.51 43.42 43.47 43.34 39.38 32.68 28.01 27.63 29.59 32.83 36.39 39.45 40.31 38.32 37.81 36.34 34.02 30.48 26.73 23.22 21.5 22.57 25.69 28.15 29.26 32.01 33.25 37.16 42.67 44.27 46.28 43.55 30.64 24.16 21.77 17.59 13.15 11.34 11.52 14.38 19.43 19.08 20.19 26.54 38.76 43.67 26.55 11.07 15.16 21.4
0 0 63.48 63.17 56.74 51.61 53.14 57.07 58.42 59.39 61.25 61.36 56.58 51.1 48.43 47.33 47.31 48.5 51.69 55.27 56.46 54.23 49.71 46.42 44.31 43.24 42.8 41.9 40.13 38.81 39.51 40.28 39 36.03 33.48 32.63 32.93 34.11 35.44 35.96 34.34 30.81 30.31 29.54 28.65 26.11 23.14 20.12 16 13.66 16.91 21.26 24.53 31.22 35.76 43.01 50.75 49.87 47.38 41.73 25.48 15.93 12.98 11.76 8.76 7.01 6.92 13.18 22.4 22.89 23.59 27.49 35.85 39.28 25.84 13.42 17.81 24.49
0 0 76.83 83.25 77.4 64.68 56.01 51.36 46.93 44.98 46.84 48.2 41.69 32.85 28.52 26.91 27.1 29.75 36.97 44.62 50.71 54.24 53.24 50.16 46.07 41.79 37.78 34.7 32.79 32.4 34.07 36.09 38.45 40.65 41.17 39.82 37.71 35.89 33.73 30.34 25.29 20.35 20.23 20.89 22.56 22.01 21.37 20.6 15.67 12 16.86 23.45 28.57 36.61 42.07 48.69 54.95 50.82 43.78 36.28 20.14 8.48 1.63 6.3 4.42 1.06 1.07 10.39 20.3 23.95 27.19 29.87 35.32 37.69 27.47 17.48 20.14 25.17
0 0 79.73 89.47 89.39 74.05 60.19 51.82 44.38 40.82 43.72 47.49 40.37 29.13 23.44 21.05 21.05 24.99 35.74 43.05 48.58 53.7 54.39 51.85 47.16 41.79 36.53 32.56 30.57 30.6 32.99 35.18 38.21 41.8 43.44 42.11 39.21 36.38 33.1 28.27 22.13 18.06 18.14 19.89 23.13 23.9 25.23 25.81 20.14 16.16 21.43 28.25 33.35 40.74 45.67 50.22 54.1 47.67 37.39 29.56 17.42 9.06 3.48 5.76 4.09 1.05 1.82 7.3 14.54 21.85 28.8 31.45 35.23 36.89 29.28 21.44 21.57 23.24
0 0 60.28 68.76 83.66 74.76 63.06 56.72 49.95 44.86 47.13 52.83 47.36 37.67 33.27 31.26 30.93 34.01 43.71 46.05 46.23 50.28 52.17 51.87 49.16 45.4 41.1 37.03 34.34 32.89 32.98 32.04 31.94 32.87 32.96 31.36 27.86 24.37 20.9 16.49 11.61 10.75 12.57 17.08 23.02 25.76 29.09 30.73 24.89 20.76 25.78 32.05 36.41 42.56 46.46 48.91 50.86 43.17 31.18 23.62 14.72 8.47 2.5 4.23 3.88 2.04 1.15 4.87 9.46 18.42 28.35 31.33 34.12 35.48 30.38 25.17 23.47 22.32
0 0 29.01 37.32 65.99 65.82 61.68 61.42 58.53 52.29 52 57.59 55.51 50.23 48.74 47.99 47.14 47.22 51.13 47.61 42.7 45.1 48.17 50.78 51.4 50.5 48.07 44.38 40.7 36.45 31.65 25.91 21.43 18.4 16.73 16.2 12.18 8.22 8.14 11.59 15.68 19.95 23.12 27.91 33.41 35.58 36.42 35.33 30.01 27.2 31.56 36.47 39.45 43.61 45.87 46.39 46.79 38.82 26.95 20.48 14.03 9.63 5.81 6.5 7.34 6.92 5.93 6.24 7.61 15.97 27.06 30.1 32.21 33.39 30.02 27.22 26.08 24.72
0 0 16.69 26.63 49.88 54.6 57.33 61.51 62.47 57.5 54.84 57.85 57.41 54.7 54.6 54.49 53.44 51.92 52.13 46.82 41.37 42.91 46.22 49.76 51.93 52.52 51.01 47.6 43.53 38.09 30.79 23.25 17.41 13.39 13.48 15.77 13.22 11.68 14.84 20.26 24.9 28.32 30.97 35.41 40.16 41 38.77 35.01 31.52 30.9 34.57 38.31 40.28 42.88 43.92 43.34 42.77 35.35 24.62 19.13 14.04 10.65 7.74 7.88 8.94 8.91 8.02 7.8 8.07 15.53 25.87 28.49 29.95 30.88 28.11 26.34 26.24 25.59
0 0 22.98 27.37 39.56 45.19 48.45 51.34 54.02 53.17 50.07 50.99 51.95 52.65 56.54 59.69 60.19 58.48 56.03 49.95 44.72 44.45 46.08 48.48 50.32 50.98 49.4 45.84 41.48 36.14 29.36 22.49 16.65 13.06 15.45 18.96 17.18 16.1 19.47 25.16 29.35 30.95 31.92 35.2 38.64 37.76 33.61 29.72 29.78 32.12 35.41 38.65 40.34 41.9 42.03 40.35 38.4 31.64 22.43 17.75 13.23 10.16 7.13 6.26 6.78 6.74 6.13 6.74 7.81 15.18 24.49 26.6 27.41 27.78 24.47 22.01 21.55 21.12
0 0 31.23 33.31 37.48 38.74 37.67 36.31 39.59 43.14 39.43 38.8 42.17 49.17 60.8 69.7 73.06 71.71 66.37 57.94 51.1 47.74 46.44 46.79 47.67 48.03 46.17 42.36 37.69 32.75 27.58 22.14 16.77 14.32 18.09 21.71 21.09 21.05 24.75 30.55 34.14 33.3 31.71 32.88 34.06 31.45 26.54 23.92 28 33.33 36.42 39.57 41.25 41.67 40.73 37.14 32.62 26.75 20.03 16.52 12.33 9.37 5.68 3.4 3.36 4.79 6.09 7.25 7.84 14.55 23.09 24.93 25.5 25.46 21.34 17.68 15.28 13.26
0 0 34.29 36.82 38.63 37.82 36.08 33.94 35.89 38.87 32.24 29.72 35.66 48.77 64.81 74.81 79.2 78.13 71.59 62.03 54.4 49.59 46.82 46.05 46.6 47.22 45.56 42.14 37.86 33.45 29.39 25.21 21.13 19.54 21.75 23.76 24.22 25.32 29.1 34.83 37.83 34.54 30.88 30.54 29.93 27 23.11 21.79 28.6 36.08 38.73 41.48 42.6 41.3 39.08 33.3 25.87 21.38 18.21 16.14 12.02 9.06 4.73 2.51 3.81 7.13 9.15 9 8.02 13.73 21.85 23.8 24.83 25.01 20.78 16.93 12.4 7.48
0 0 33.86 35.71 37.97 38.65 40.12 40.22 40.71 42.69 37.88 38.04 44.69 57.32 68.69 70.84 71.97 70.4 65.44 58.32 52.49 48.64 45.7 43.18 42.37 43.38 42.88 41.17 38.44 35.02 32.04 29.29 26.8 25.39 25.09 25.27 26.66 28.54 31.91 36.98 38.88 33.36 29.29 29.55 28.68 26.81 25.41 26.09 34.48 43.5 45.31 45.85 44.36 40.03 35.92 28.36 19.69 16.83 16.83 16.04 12.2 9.62 4.88 4.08 5.79 9.29 10.74 8.7 6.75 12.52 20.51 22.71 24.35 24.91 21.11 17.69 11.36 2.47
0 0 34.47 33.77 35.42 36.97 41.33 47.05 53.24 60.62 63.92 66.04 67.54 70.34 69.6 59.99 55.2 52.43 50.99 49.14 47.16 45.62 43.1 37.67 33.52 34 35.2 36.6 36.53 34.49 32.85 31.91 31.17 30.2 28.56 27.68 29.14 30.84 33.26 36.89 37.51 31.37 28.52 30.53 30.79 31.43 33.94 38.18 48.15 58.07 57.72 52.37 45.16 36.98 30.64 22.5 15.31 14.33 15.68 15.47 12.8 11.54 6.33 7.64 8.8 10.61 10.65 7.84 5.8 11.79 19.26 21.51 23.51 24.48 22.56 21.05 15.09 11.06
0 0 37.3 34.25 34.02 33.97 37.84 48 60.07 72.01 80.12 82.48 80.26 75.45 66.39 52.75 46.13 42.67 42.67 43.58 43.92 43.85 43.1 38.82 32.21 29.67 31 35.04 37.05 35.21 33.67 33.7 34.08 33.66 32.17 31.32 31.86 32.47 33.91 36.11 36.43 33.27 32.82 33.69 33.21 35.51 40.99 47.6 58.55 68.73 64.93 53.86 42.41 32.52 25.27 18.17 13.33 13.15 14.18 14.1 13.55 14.07 7.29 13.12 12.76 10.72 8.9 7.34 6.39 11.75 18.11 20.18 22.29 23.66 25.23 27.03 21.25 18.12
0 0 41.94 37.58 35.29 32.81 33.93 42.72 53.8 65.38 74.33 77.1 74.76 68.66 58.8 48.33 44.09 40.92 40.21 40.8 40.97 40.59 42.7 44.17 36.49 29.7 29.55 34.9 38.21 35.8 33.67 34.43 35.88 36.17 35.51 35.28 34.74 34.02 34.78 36.13 36.89 38.24 41.14 39.44 36.84 39.59 45.99 52.06 61 68.82 59.4 45.19 35.12 27.43 21.72 16.7 13.44 12.53 12.37 12.11 13.38 14.85 3.99 18.69 17.38 11.99 9.18 8.96 9.44 13.13 17.52 19.03 21.06 22.69 27.94 33.08 26.16 19.64
0 0 46.56 42.06 39.01 35.59 33.38 36.08 41.87 51.11 58.57 61.03 58.85 52.8 43.75 37.05 36.13 34.36 33.39 33.41 32.86 31.43 37.4 45.59 39.17 30.49 28.94 35.13 39.7 36.56 33.27 35.02 38.19 39.54 39.25 39.12 37.54 35.47 36.21 38.53 41.01 45.96 51.29 48.46 45.6 48.95 53.74 56.02 58.81 60.09 44.02 27.54 22.93 20.89 19.59 17.65 15.31 13.21 11.27 9.59 10.5 12.62 8.13 25.34 24.13 19.32 19.08 20.21 20.34 20.79 21.24 20.93 22.52 24.22 30.34 36.09 28.6 19.83
0 0 49.13 44.56 41.25 38.11 33.8 32.01 35.35 44.31 48.61 50.39 48.59 43.36 35.6 30.94 30.91 30.04 29.02 28.96 28.8 27.58 35.39 45.31 41.48 35.07 34.14 39.96 44.44 39.66 34.21 36.64 41.56 43.58 42.46 41.38 38.8 35.65 37.35 42.39 46.95 53.29 59.18 55.83 52.92 55.94 57.88 56.26 53.11 48.14 31.74 16.5 15.49 17.29 19.01 18.67 16.69 13.81 10.54 6.87 4.88 9.31 16.49 30.85 29.54 25.88 27.17 28.84 28.28 26.97 24.95 23.3 24.95 26.99 31.18 34.64 28.11 20.6
0 0 51.2 45.78 42.01 40.02 36.78 35.16 39.28 48.64 47.92 48.08 46.73 43.34 37.67 32.45 30.36 28.77 27.18 27.32 28.64 28.87 36.22 44.77 43.28 40.89 41.15 45.17 48.22 41.06 33.39 36.88 43.49 45.79 43.44 41.54 38.53 34.93 38.18 46.21 51.99 57.88 63.19 58.78 54.3 55.25 54.53 51.59 46.32 38.57 26.21 16.27 15.53 16.98 18.17 16.91 15.33 12.8 9.49 5.36 1.89 8.24 20.31 32.7 31.44 27.63 27.54 27.38 26.07 24.55 22.29 20.97 23.75 26.42 29.02 30.95 26.64 21.94
0 0 56.77 50.87 47.77 48.26 48.14 48.41 49.82 51.68 42.07 38.46 37.67 38.14 37.17 33.04 28.92 24.59 20.62 20.65 24.4 27.12 36.25 45.31 45.46 46.03 47.27 49.38 50.55 42.33 34.34 38.54 45.46 47.42 44.41 42.35 39.38 36.03 40.68 50.77 57.06 61.35 64.65 57.87 49.97 47.31 43.67 40.63 35.81 29.37 21.99 16.11 14.75 14.25 13.1 9.99 9.68 9.19 7.69 6.24 9.3 15.29 26.24 35.95 33.98 28.16 24.31 20.52 17.88 16.85 16.22 17.08 21.46 24.5 26.43 28.18 25.4 21.91
0 0 61.35 54.62 51.97 54.34 56.59 58.47 56.78 49.84 36.41 31.84 31.52 34.26 36.07 34.55 31.17 24.86 18.79 19.07 24.08 27.82 39.7 51.34 51.63 51.44 51.42 50.89 49.94 42.88 36.72 40.69 46.27 47.52 45.04 43.62 40.86 37.91 43.4 54.44 60.63 62.75 63.79 55.63 45.8 41.35 36.51 33.65 28.93 23.89 19.7 15.83 13.84 11.47 8.12 4.66 5.24 6.91 8.74 10.57 16.43 23.1 31.71 38.79 35.31 26.74 20 14.67 11.6 11.22 12.3 14.9 19.77 22.58 24.81 27.19 24.42 20.25
0 0 61.75 53.91 50.56 52.83 55.25 57.2 54.86 46.42 36.51 33.66 33.16 35.15 36.65 37.5 36.89 29.66 21.94 21.58 25.91 29.42 43.93 57.96 56.36 53.63 52.3 50.01 47.89 43.27 39.48 42.32 46.02 46.81 45.49 44.87 41.92 38.7 44.28 55.74 61.67 61.94 61.63 53.35 43.23 38.83 34.25 31.33 25.43 19.83 16.26 13.13 11.5 9.28 6.03 3.64 3.73 6.4 11.31 15.14 22.69 29.83 35.33 39.63 34.44 24.37 18.18 14.2 11.99 11.79 13.47 15.93 19.74 21.82 24.47 27.27 23.59 18.24
0 0 58.89 52.77 47.88 46.74 47.11 48.49 47.69 43.86 40.04 39.17 38.3 38.83 38.74 40.47 42.1 35.2 26.77 25.55 29.02 32.41 48.29 63.26 60.5 56.53 54.8 51.88 49.87 47.15 44.44 45.73 47.6 47.78 46.72 45.88 41.82 37.14 41.56 52.26 57.25 56.74 56.51 47.1 35.05 30.47 26.24 23.58 17.08 11.13 8.14 4.35 2.8 3 4.32 4.13 3.63 6.44 14.31 19.88 28.18 34.73 36.49 37.8 30.88 20.19 17.39 16.62 15.97 16.21 18.27 20.36 22.75 23.75 25.79 27.92 23.43 17.57
0 0 53.83 51.65 46.5 41.96 40.22 41.17 41.77 42.25 42.91 43.91 43.21 43.41 42.43 43.61 45.62 40.72 34.18 32.63 34.52 37.28 52.05 65.51 63.01 59.93 58.55 55.57 54.21 51.65 47.98 48.04 48.92 48.62 46.94 45.16 39.79 33.62 36.75 46.45 51.81 54.6 56.81 45.26 31.5 29.1 28.76 29.92 28.8 25.7 21.94 17.99 14.98 12.7 11.4 10.14 9.7 11.48 18.45 23.7 30.93 36.25 36.25 36.25 28.83 17.92 17.27 18.88 19.4 20.1 22.5 24.33 25.72 25.89 26.84 27.65 22.92 17.45
0 0 49.2 50.36 47.29 42.1 39.86 40.85 41.19 41.56 42.48 44.34 44.42 46.12 46.08 46.61 47.81 45.51 42.6 40.98 40.12 41.15 53.94 65.5 64.35 63.15 61.99 58.12 56.08 51.73 46.5 46.59 47.55 47.17 44.93 42.66 36.87 30.28 32.43 40.42 45.59 52.37 57.95 43.85 27.1 24.8 25.53 27.46 28.49 27.04 23.34 19.2 15.99 13.2 11.54 10.38 9.98 11.92 19.47 24.77 31.38 36.21 36.18 36.15 29.36 18.99 17.59 18.74 19.17 20.05 22.95 24.65 25.36 25 25.31 25.44 21.14 16.36
0 0 36 39.88 40.48 36.18 33.29 32.85 31.02 29.61 30.28 34.11 36.11 41.31 43.99 45.5 47.08 47.65 48.72 48.16 46.23 46.6 56.66 65.12 64.79 64.98 63.08 56.32 51.27 44.73 38.66 40.15 42.75 43.42 40.77 37.9 33.56 30.03 32.91 37.32 39.6 47.32 54.91 42.12 27.62 25.53 25.23 25.57 26.85 28.28 28.07 26.6 24.74 21.85 18.45 15.75 14.84 16.14 22.23 26.5 31.68 35.46 34.96 34.52 27.97 17.28 14.31 14.49 15.13 17.27 22.14 24.45 24.5 23.19 22.7 22.31 18.76 15.36
0 0 23.34 29.45 33.45 30.48 27.06 24.97 21.65 19.55 22.3 29.86 34.1 41.46 45.54 47.78 49.86 51.31 53.03 52.88 51.78 52.62 58.8 62.94 63.31 64.96 62.14 51.78 44.12 40.33 36.95 38.89 42.32 42.92 38.03 33.49 32.91 34.54 37.61 37.32 34.62 37.96 44.04 38.68 31.77 29.19 26.85 25.09 24.79 27.63 31.48 33.14 32.84 30.27 25.6 21.02 19.42 20.15 24.41 27.23 30.83 33.47 32.53 31.8 26.21 16.75 12.82 11.13 11.4 15.36 22.63 24.93 23.61 21.17 20 19.26 16.8 15.17
0 0 20.02 27.28 32.61 30.42 27.1 24.68 22.45 21.67 25.7 33.79 37.82 44.53 48.27 50.51 52.58 53.48 54.51 55.06 55.88 57.44 59.17 59.1 60.75 64.35 61.04 47.37 37.39 38.15 39.55 42.02 46.07 46.04 37.88 30.98 34.87 41.28 40.77 34.03 27.21 25.99 29.35 31.65 31.59 30.03 27.65 25.72 23.71 25.91 30.52 32.94 33.09 31.29 27.36 21.58 19.42 20.03 23.7 26.04 28.91 30.96 29.94 29.14 24.97 18.15 15.04 12.2 11.66 16.76 25.44 26.59 23.19 20.02 18.47 17.36 15.9 15.74
0 0 22.96 27.02 31.86 30.02 24.4 17.93 15.87 18.16 26.51 37.29 42.36 48.81 52.33 54.32 55.89 55.7 55.24 55.37 56.45 56.99 54.97 52.98 56.54 61.84 58.3 42.95 32.67 37.16 41.92 44.18 47.45 46.02 35.31 27.3 34.9 43.77 38.04 24.61 17.36 16.7 17.51 20.5 23.18 23.13 21.86 21.34 18.77 20.08 23.52 26.67 28.98 30.73 30.92 26.85 24.34 23.02 23.44 23.31 24.9 26.64 25.55 24.89 22.58 18.44 15.44 10.29 7.97 16.49 25.5 24.16 18.06 15.8 16.36 16.77 16.97 17.97
0 0 27.18 27.77 31.21 30.25 24.12 16.67 19.1 24.86 35.28 46.75 51.78 56.33 58.32 58.61 58.27 55.99 53.14 51.87 52.16 52.54 52.49 52.36 55.77 60.77 57.59 43.33 33.69 38.6 43.73 44.45 45.15 43.31 34.82 28.22 35.66 44.19 37.07 21.57 14.13 14.14 14.24 15.99 18.06 17.42 15.51 15.49 13.63 14.66 16.52 19.85 24.04 28.86 32.73 31.92 29.55 26.16 22.56 19.02 19.63 21.93 20.83 20.71 21.41 21.33 20.58 17.39 13.62 18.74 24.48 21.65 14.37 12.7 15.37 17.43 18.9 20.16
0 0 27.43 27.82 30.59 31.6 30.12 26.76 28 31.52 41.22 52.02 55.64 57.79 58.41 57.48 56.03 52.68 48.4 46.38 45.85 46.04 50.07 53.71 56.18 59.85 57.16 45.57 37.7 41.32 45.14 43.77 41.08 38.93 34.52 30.92 36.59 43.14 36.48 22.28 15.43 15.39 15.47 15.69 15.77 14.39 12.01 12.4 12.68 14.65 16.34 19.29 23.2 27.76 31.74 32.09 30.1 26.38 21.28 15.84 15.26 17.91 16.12 15.59 18.07 20.5 21.49 22.52 23.11 23.61 24.13 21.18 15.57 14.22 16.48 18.23 19.47 20.35
0 0 15.17 16.04 18.65 22.92 31.24 35.33 37.74 40.88 49.67 58.75 60.5 60.27 59.69 57.58 55.04 50.79 45.37 42.51 40.76 40.03 46.89 53.69 55.75 58.71 56.71 47.85 41.81 43.64 45.52 42.38 37.18 35.11 34.23 33.29 37.2 41.97 36.73 25.56 20.32 19.87 19.45 18.34 17.62 17.12 16.26 17.22 17.93 18.39 18.44 19.63 21.7 25.12 29.52 31.92 31.7 29.32 25.42 20.8 19.76 22.75 21 18.2 16.77 16.31 16.86 23.59 29.72 27.71 25.3 22.75 17.59 14.38 13.91 13.64 13.92 14.95
0 0 5.43 10.23 15.46 24.31 38.7 45.78 48.26 51.18 57.99 64.11 64.16 62.57 61.31 58.11 54.55 49.73 43.69 40.26 37.42 35.6 43.24 51.3 53.66 57.17 56.26 50.12 45.91 45.02 44.07 40.27 34.28 32.49 33.52 34.3 37.02 40.78 38.44 32.21 29.57 29.5 29.42 28.49 27.52 26.67 25.44 25.08 24.24 22.44 20.55 19.93 20.27 22.52 27.21 31.49 33.21 32.49 30.55 27.75 28.94 35.7 37.72 38.44 37.93 33.65 26.85 26.72 31.03 29.18 28.67 26.11 18.48 11.6 8.8 8.95 11.57 14.58
0 0 7.03 12.57 18.53 28.36 44.18 51.73 53.92 56.56 61.31 65.06 64.62 62.86 61.39 57.1 52.62 47.37 40.8 36.88 33.21 30.72 38.73 47.39 50.62 55.42 55.81 52.4 50.02 45.86 41.56 37.62 31.6 30.02 31.88 33.31 34.48 36.7 36.04 32.52 30.91 30.91 30.91 30.02 29 28.05 26.7 26.14 25.15 22.94 20.7 19.91 20.24 22.36 26.85 31.09 33.39 33.08 31.72 28.88 30.87 40.01 41.26 41.59 40.68 35.65 27.49 23.53 26.94 28.5 32.75 28.54 16.92 9.52 4.4 5.17 10.51 16.57
