core/test/InputMaps/malcataAspect_350.grass
north: 40:14:17.01N
south: 40:12:39.7468N
east: 7:02:14.5154W
west: 7:04:21.43W
rows: 350
cols: 350
[rows 99 to 131 of 350, columns 148 to 221 of 350]
343.05 344.8 340.76 332.75 338.33 344.88 347.91 347.83 342.82 334.39 326.96 321.79 319.22 320.09 319.51 319.52 322.6 323.95 322.09 321.29 325.25 330.66 335.22 337.35 331.49 319.05 313.85 313.17 314.92 323.32 331.38 334.33 339.25 343.88 345.87 345.68 351.87 8.63 170.86 190.85 238.67 321.35 331.91 339.47 345.61 349.29 354.8 3.73 14.96 34.25 52.27 20 11.09 12.03 11.15 0.9 345.52 333.04 325.9 324.9 327.82 331.07 323.96 297.33 282.24 321.32 340.12 344.33 344.29 340.2 334.34 323.51 313.36 304.99
2.98 5.86 9.46 9.71 2.48 357.77 354.37 350.44 344.79 336.78 328.74 322.31 318.99 319.16 318.32 317.5 319.14 319.56 315.49 310.92 312.06 316.11 322.97 331.08 332.53 325.03 316.47 310.52 309.21 317.49 328.22 335.78 344.7 350.36 352.85 353.94 358.6 4.12 221.35 229.06 268.94 299.67 306.83 314.46 322.46 326.35 330.8 341.95 357.08 10.86 14.95 5.36 7.21 13.36 15.07 9.4 1.31 353.29 346.02 342.35 342.81 346.6 345.43 323.1 296.16 324.18 343.9 355.52 1.54 358.09 349.64 338.16 326.4 315.69
3.13 6.09 9.24 8.7 2.26 357.92 354.71 351.43 346.86 339.9 332.27 325.81 322.45 322.17 321.09 319.67 320.3 320.3 315.02 308.09 308.43 310.4 315.15 325.74 333.45 330.58 321.09 311.3 307.5 314.4 324.26 332.22 343.21 349.82 352.41 353.33 358.31 3.91 318.74 270.91 286.16 300.29 304.68 311.69 319.37 322.78 324.13 334.16 355.94 11.82 12.49 5.57 8.24 15.44 14.9 8.24 1.14 354.01 347.21 343.2 342.16 345.36 345.15 330.3 311.25 322.65 339.81 354.44 1.56 358.32 350.95 341.22 331.13 322.96
357.59 0.33 1.88 0.3 357.34 356.15 355.28 354.05 351.04 345.74 339.21 332.67 328.53 327.59 326.99 326.26 327.34 328.72 324.57 316.32 315.2 313.56 313.97 325.84 338.67 340.13 333.28 322.04 314.2 316.39 321.17 324.71 334.61 342.67 345.61 341.59 328.24 323.75 309.75 296.46 294.46 297.02 297.88 301.77 306.68 307.48 300.73 294.46 299.56 303.55 304.18 315.74 330.14 338.8 349.22 351.93 350.17 346.44 341.74 338.54 335.36 334.74 330.84 318.15 308.77 312.04 320.68 330.74 343.25 346.78 344.51 339.93 335.03 332.08
348.52 350.91 350.92 349.19 350.45 353.35 355.79 357.12 355.58 352.11 347.22 341.03 335.82 333.84 334.1 335.3 338.54 343.73 345.9 342.73 338.97 332.14 325.7 333.97 346.09 350.83 350.27 343.56 332.05 325.25 321.91 319.06 323.79 331.45 334.9 326.84 307.9 303.2 300.35 297.55 295.44 294.37 293.34 293.87 295.37 294.69 287.03 280 280.78 282.56 283.74 289.6 297.8 301.24 316.72 329.9 334.5 335.4 333.83 331.91 327.43 323.17 316.2 305.7 301.34 302.31 303.7 306.36 319.76 330.31 333.96 335.43 336.95 340.74
344.79 347.2 347.06 345.71 348.02 352.11 355.78 358.09 357.05 354.26 350.24 344.8 339.38 336.2 336.09 337.78 341.58 348.89 354.8 355.07 350.59 342.62 333.01 337.76 348.29 354.12 356.11 352.11 341.76 332.05 325.37 320.46 320.27 324.98 329.2 323.84 311.01 305.27 301.77 299.51 297.66 296.01 294.54 292.67 291.74 291.01 284.92 279.5 279.38 279.61 279.96 284.76 291.51 294.04 306.61 320.15 326.69 330.61 331.38 330.19 326.42 322.1 314.24 303.26 299.29 300.69 301.55 302.29 311.69 321.91 327.57 331.64 335.85 342.29
344.84 347.45 347.77 346.89 348.78 352.4 355.9 358.23 357.31 354.79 351.33 346.74 341.6 337.36 336.15 337.14 339.7 347.16 354.35 355.26 351.43 343.75 333.25 337.47 347.63 353.69 356.12 353.26 345.4 336.69 329.78 324.88 320.86 321.5 326.53 325.65 318.53 311.76 306.34 303.09 301.17 299.44 297.87 293.87 290.63 290.1 285.57 281.46 280.55 279.08 278.45 283.25 290.06 292.54 302.56 314.56 321.59 328.16 330.93 330.26 327.79 324.44 316.31 304.03 299.42 301.84 303.7 303.76 309.05 316.81 323.03 328.28 333.23 339.69
3.17 5.06 7.17 8.47 7.26 4.92 2.65 0.36 359.5 358.89 357.8 355.82 353.25 350.59 349 348.43 348.21 350.88 354.2 354.56 352.8 347.51 337.56 339 347.19 353.2 356.95 357.92 356.36 353.88 351.5 349.56 346.1 341.7 339.47 335.62 329.2 321.36 314.41 311.18 310.59 310.01 309.45 303.86 298.02 297.97 293.98 289.94 288.23 284.9 282.64 287.1 293.2 294.56 300.93 308.55 312.42 318.77 323.35 324.68 325.16 324.79 318.45 306.36 301.85 306.05 310.4 312.13 315.89 320.72 324.75 327.76 329.41 331.31
20.9 21.65 24.53 26.99 22.92 15.37 8.31 2.29 1.49 2.64 3.51 3.64 3.67 3.55 2.52 0.89 358.81 356.16 354.38 353.83 353.75 350.74 342.4 341.04 346.81 352.61 357.7 2.01 5.64 9.3 12.41 14.63 14.83 8.07 356.09 345.91 338.02 329.77 321.42 318.44 320.38 322.44 324.62 320.68 314.53 316.2 314.17 311.11 310.15 305.8 299.09 298.46 300.64 299.69 302.35 305.83 306.84 311.24 315.89 318.68 321.5 323.57 318.92 307.39 303.31 308.74 315.68 321.24 327.33 330.19 330.25 329.83 328.01 324.62
20.9 21.65 24.53 26.99 22.04 14.01 7.43 2.22 1.52 2.7 3.55 3.64 3.65 3.49 2.45 0.86 358.86 356.32 354.52 353.86 353.75 350.98 343.69 341.82 346.19 351.92 357.5 2.16 6.04 9.83 12.91 15.15 13.81 6.67 356.76 347.95 340.73 332.47 321.86 316.7 318.66 320.75 322.97 318.51 311.49 313.36 312.76 311.11 313.45 314.85 310.05 306.07 305.17 303.36 304.1 305.92 306.56 309.6 313.3 316.42 319.95 322.4 317.4 305.04 300.54 304.81 310.69 316.73 325.64 330.19 330.59 330.94 329.6 324.04
21.29 19.04 18.81 18.48 13.13 7.46 3.8 1.2 0.85 1.51 1.61 0.77 359.45 357.25 353.77 349.71 345.12 342.66 342.55 342.03 340.8 334.02 323.48 323.82 329.47 335.9 342.61 349.48 354.45 358.45 1.8 4.64 4.72 1.45 356.92 352.38 347.79 341.52 331.19 324.05 324.83 325.41 325.74 318.96 309.22 309.31 308.35 307.57 313.74 320.34 318.02 312.84 310.16 308.11 307.56 308.42 309.57 312.25 316.12 321 326.83 331.32 328.69 317.57 313.03 317.56 324.71 334.45 345.81 350.31 351.31 351.96 351.55 349.42
20.99 12.81 5.57 358.25 354.01 354.66 356.93 359.03 359.31 358.72 357.33 354.7 350.75 345.15 338.15 330.17 321.05 317.96 321.15 322.2 320.06 310.13 299.47 300.82 304.98 309.27 314.97 323.05 328.44 331.83 335.23 338.7 345.17 351.49 356.46 359.57 0.01 359.12 356.61 351.69 347.27 342.2 336.61 325.04 310.48 306.55 302.17 300.21 310.29 322.33 323.18 318.6 315.6 314.26 313.25 314.29 318.18 323.46 331.31 342.34 353.81 3.56 14.22 29.92 38.65 41.78 46.79 49.05 41.56 37.27 38.08 37.62 38.57 47.61
18.55 8.69 359.08 349.24 344.95 347.31 352.65 357.79 358.47 357.24 355.24 352 347.15 340.99 333.8 324.32 311.63 306.27 312.29 316.16 314.43 303.46 292.05 293.16 295.83 298.57 303.3 310.81 315.72 318.47 321.47 324.75 332.71 344.01 355.66 3.64 6.57 8.63 10.79 8.4 1.22 353.15 344.63 331.52 315.22 308.74 299.98 294.65 307.69 323.68 326.36 321.98 318.44 317.49 315.3 315.32 321.81 330.29 343.93 2.08 16.79 28.12 42.35 57.33 62.36 64.94 68.4 67.98 59.19 53.74 54.48 54.4 55.58 62.25
15.65 7.3 359.21 350.59 345.77 346.5 351.79 357.72 358.5 357.32 355.51 352.6 348.19 342.98 336.87 327.12 310.97 302.15 311.46 318.37 317.18 304.65 290.49 291.38 293.23 295.3 300.08 307.94 313.04 315.79 318.83 322.18 328.45 339.87 354.64 4.01 6.76 8.71 10.24 7.54 1.07 354.06 346.67 335.17 320.33 313.3 300.6 290.77 306.71 325.51 328.73 323.72 318.9 317.49 312.65 308.6 314.46 321.61 336.84 3 22.45 35.55 48.9 59.34 62.36 66.49 71.7 71.18 61.79 55.9 56.98 57.71 59.26 63.61
11.88 6.75 1.29 353.65 346.98 343.43 344.15 351.26 354.31 354.52 354.62 353.59 351.23 348.67 345.66 339.16 323.27 309.52 320.18 329.21 330.64 319.72 300.67 299.5 298.88 298.48 301.02 307.14 312.2 315.88 319.76 323.7 327.58 334.29 345.88 356.16 0.7 3.43 4.12 0.65 356.16 353.72 352.39 347.46 335.45 324.1 305.12 288.92 302.44 323.16 331.7 332.37 332.78 337.08 338.65 342.84 0.58 25.5 51.64 58.33 57.26 58.48 63.33 67.27 68.69 73.75 79.38 78.97 71.44 66.64 68.8 71.98 74.84 76.28
8.91 6.61 3.27 356.47 348.52 341.07 336.51 343.86 349.31 351.11 353.43 354.42 354.19 354.26 354.58 353.32 346 332.32 335.72 343.41 349.38 349.25 336.4 325.52 316.97 310.33 306.7 307.26 310.87 316.24 321.79 326.73 329.6 330.7 335.13 345.37 352.59 356.72 357.38 353.85 350.88 352.59 358.13 0.08 351.59 337.11 314.56 293.47 299.96 316.96 331.41 342.41 357.22 16.15 38.95 61.58 67.81 76.98 83.31 80.6 74 70.62 71.81 73.57 74.55 79.88 85.39 85.04 79.44 75.81 79.03 84.64 87.6 85.45
8.25 6.36 3.29 357.2 349.8 341.97 336.55 342.83 348.3 350.36 353.18 354.55 354.64 355.09 355.93 355.63 350.71 339.83 338.93 344.76 352.1 355.05 347.45 336.13 326.47 318.57 311.17 305.31 305.51 311.87 318.82 324.37 328.6 330.17 333 342.47 350.37 355.34 356.43 353.35 350.14 351.68 358.98 1.91 354.82 342.53 322.87 301.93 301.72 309.89 323.35 338.95 3.87 32.95 57.67 73.98 77.88 85.27 90.22 85.88 76.72 71.88 73.46 76.02 77.23 83.42 89.67 89.28 84.38 81.08 85.89 94.9 98.19 92.06
7.76 5.68 2.53 357.14 350.43 342.03 334.81 339.31 344.9 347.38 351.38 353.76 354.62 355.71 357.05 357.56 354.9 347.52 344.3 347.33 353.97 357.34 352.38 343.57 335.48 328.32 319.18 307.27 302.95 310.38 318.99 325.37 331.96 335.45 337.93 345.67 353.04 358.36 359.66 357.2 354.26 354.9 1.24 2.98 357.71 349.43 335.61 317.36 312.2 311.52 325.77 0.51 48.86 68.67 78.43 83.92 85.68 91.03 94.76 89.59 78.66 72.79 74.86 78.16 79.44 86.27 93.29 92.99 88.93 86.07 92.66 105.1 108.76 98.75
6.54 3.74 0.38 355.98 349.84 339.19 327.12 326.67 331.81 335.47 343.56 350.12 354.5 358.66 2.38 6.09 10.28 10.68 7.85 7.07 7.56 6.98 4.3 0.71 357.12 353.55 348.8 339.7 332.55 338.71 346.5 353.75 0.07 3.38 5.79 7.72 10.64 13.38 12.84 11.23 11.5 13.08 12.05 7.69 6.35 7.87 13.74 25.66 37.27 64.23 80.45 85.57 89.69 90.61 89.62 88.66 89.05 91.43 93.47 89.81 80.82 75.55 77.12 79.69 80.38 86.5 93.77 94.38 93.35 92.31 100.56 116.02 120.67 107.06
5.55 2.32 358.93 355.24 349.87 339.76 327.33 321.37 322.36 325.87 336.22 346.22 354.02 1.17 7.07 13.27 21.12 24.83 23.39 21.14 17.26 13.67 12.31 12.31 12.31 12.31 14.35 21.12 25.4 20.88 21.01 25.13 25.81 26.25 28.12 25.72 24.95 24.84 22.23 20.9 22.75 23.79 17.92 11.35 13.71 22.47 41.29 62.95 73.4 88.43 94.55 94.59 94.97 94.84 91.73 88.64 88.56 89.26 89.88 87.15 80.36 76.2 77.04 78.46 78.46 83.1 89.23 90.82 97.52 101.63 109.39 124.8 129.97 114.91
5.25 2.19 359 355.53 350.94 343.34 333.51 324.56 320.69 323.2 333.31 344.04 353.08 1.32 7.82 14.32 21.38 24.03 22.31 19.75 16.02 13.16 12.31 12.31 12.31 12.31 14.19 20.04 23.01 20.34 22.63 27.64 27.93 28.09 29.91 27.05 26.07 25.6 22.43 20.9 21.9 21.29 15.51 11.54 15.86 26.11 49.14 73.53 83.6 98.32 103.25 101.17 99.56 98.72 93.12 87.54 87.05 86.37 85.65 83.27 77.93 74.64 74.87 75.31 74.81 78.12 82.43 84.52 100.3 110.45 116.03 128.66 132.78 117.43
3.23 359.98 357.13 354.91 353.04 350.46 346.74 341.25 336.57 337.72 344.68 353.32 1.74 8.41 13.28 18.8 24.79 27.02 25.71 23.63 20.81 18.99 18.02 16.8 15.8 15.06 16.68 23.03 27.42 28.99 37.26 45.11 42.13 37.73 36.26 31.08 29.36 28.51 25.1 24.15 26.37 28.48 27.9 30.43 37.88 47.25 68.65 85.67 92.1 103.65 108.17 105.75 103.26 102.26 94.64 86.74 85.89 83.74 81.69 79.94 76.57 74.81 74.44 73.39 72.09 74.7 78.43 81.38 101.36 113.95 117.16 127.69 134.3 122.06
0.41 356.81 354.24 353.66 355.4 359.19 4.44 10.11 14.07 13.26 12.25 14.79 18.9 20.5 21.67 25.1 29.79 31.99 31.23 29.76 28.02 27.09 25.65 22.92 20.73 19.05 20.38 28.01 34.84 42.03 57.92 66.41 57.02 46.63 42.24 35.91 33.98 32.91 29.64 29.72 34.41 40.83 45.32 53.24 61.63 67.09 80.62 90.51 94.5 102.99 107.61 106.31 104.28 103.9 96.04 87.3 86.13 82.1 78.61 78.02 77.44 77.61 75.75 72.01 69.41 72.99 78.61 82.52 102.5 114.73 114.91 120.72 129.9 125.41
359.46 355.85 353.22 353.04 356.07 2.85 12.8 22.09 26.35 24.49 22.67 24.14 26.26 25.5 25.08 27.66 31.69 33.76 32.93 31.36 29.9 28.89 26.98 23.96 21.73 19.97 21.25 29.5 37.38 49.01 72.21 80.15 61.94 46.09 41.6 37.33 36.75 35.71 32.64 33.15 39.52 48.53 54.37 63.14 71.14 75.02 84.99 92.19 95.01 101.33 105.19 104.21 102.32 102.15 96.42 89.79 88.22 81.89 76.7 77.42 79.81 81.56 76.87 69.26 65.16 70.94 79.89 84.6 106.01 118.44 114.83 111.37 114.04 113.82
359.55 356.23 353.56 353.19 356.13 3.76 16.06 24.57 25.72 23.31 22.94 25.86 27.81 26.45 25.7 28.16 31.9 33.78 32.63 30.67 29.15 27.75 25.51 22.7 20.85 19.37 20.68 29.11 37.35 53.29 85.53 92.71 63.34 42.18 38.44 37.02 38.47 37.61 34.76 35.43 43.22 54.49 60.68 69.56 77.37 80.33 88.04 93.53 95.43 99.79 102.55 101.41 99.31 98.97 96.2 92.85 90.88 82.21 75.25 77.19 82.52 85.73 77.66 65.81 60.34 68.49 81.21 86.75 110.53 123.48 116.07 100.72 88.84 89.36
3.24 6.6 11.47 16.91 21.94 30.12 37.56 37.73 34.94 33.93 35.6 37.37 35.27 30.51 27.83 29.31 32.75 35.05 34.2 32.49 31.59 30.33 28.04 25.57 24 22.26 23 30.28 35.67 49.82 94.65 107 48.97 27.51 29.38 33.84 39.05 40.52 41.15 45.24 55.91 67.45 72.03 78.47 84.05 85.7 90.93 94.69 95.52 97.58 98.9 97.27 94.65 94.03 94.36 94.48 92.47 81.84 73.24 75.65 82.36 86.44 74.57 59.77 56.69 69.05 83.69 88.88 111.46 127.74 121.2 90.84 62.06 62.85
7.68 18.26 29.66 38.26 43.38 49.31 51.85 47.4 43.03 43.03 44.44 43.87 39.51 33.11 29.24 30.01 33.72 36.78 36.13 34.55 34.16 32.73 30.13 27.9 26.43 24.42 24.5 30 31.97 38.83 86.17 127.93 10.78 11.31 21.9 32.52 40.88 45.91 51.81 58.91 69 77.61 80.39 84.4 87.92 89.02 93.18 96.19 96.13 96.36 96.59 93.88 89.64 88.08 90.64 93.75 91.97 80.51 71.13 72.63 77 78.92 67.56 57.35 59.66 74.03 86.79 90.48 107.1 124.49 121.82 73.73 39.82 40.51
9.44 21.9 33.5 41.28 45.76 50.14 51.85 47.84 43.88 43.89 43.43 41 37.05 31.83 28.6 29.68 34.18 37.79 36.7 34.65 34.15 31.96 28.75 26.57 25.08 23.09 22.96 27.37 28.38 32.42 60.58 78.2 11.59 14.03 26.57 37.8 45.9 53.9 64.99 72.64 79.22 84.52 86.04 88.38 90.46 91.4 95.46 98.35 97.52 96.17 95.53 91.25 84.47 81.61 86.16 92.06 90.4 78.95 69.66 69.76 70.31 68.76 65.54 66.29 70.22 80.99 89.92 91.89 100.39 110.77 104.62 61.16 36.63 33.04
18.27 30.13 39.53 45.2 48.3 50.5 50.94 46.88 42.79 42.26 40.05 36.68 33.85 30.38 28.42 30.26 35.38 38.77 36.64 33.79 32.93 29.9 26.15 24.03 22.83 21.56 22.15 26.99 28.91 33.1 50.45 48.77 20.27 25.61 42.12 54.81 63.15 72.3 83.35 87.95 89.39 90.83 91.12 91.9 92.66 93.42 97.14 99.95 98.69 96.07 94.69 88.77 79.61 76 81.96 89.64 88.06 76.47 67.18 66.31 64.49 61.78 66 76.96 81.75 87.53 92.52 92.91 93.47 94.7 84.25 48.03 29.49 22.77
37.65 43.2 47.13 49.53 50.39 49.64 48.12 43.11 37.86 35.69 32.52 30.21 29.77 29.02 29.26 32.33 37.26 39.01 35.17 31.26 29.7 25.84 21.74 19.73 19.38 19.96 22.56 29.63 34.24 39.7 50.52 44.23 39.59 58.28 71.69 81.08 85.6 88.92 93.31 94.99 94.35 93.76 93.54 93.63 93.75 94.24 96.8 99.17 98.3 95.39 93.69 86.45 76.03 73.21 78.68 84.56 82.49 71.32 62.74 62.1 61.13 60.96 70.53 85.48 90.12 91.61 93.2 92.33 85.04 76.01 60.93 31.65 15.92 7.54
48.66 50.78 51.62 52.21 51.29 48.02 45.01 39.43 33.5 30.23 27.5 26.88 28.05 29.04 30.65 34.01 37.66 37.78 33.36 29.23 27.31 23.04 18.85 17.02 17.48 19.5 23.32 31.6 37.38 41.44 45.51 36.38 52.37 97.61 97.18 101.85 102.23 99.43 97.96 97.35 96 94.38 93.94 93.94 93.94 93.98 94.22 94.68 94.27 92.43 91.27 84.97 76.49 75.02 76.49 76.57 73.29 65.26 59.81 60.35 62.18 64.59 75.56 90.16 94.42 92.88 91.37 89.22 74.79 57.99 42.32 21.02 7.93 359.94
51.82 53.61 53.57 53.61 51.53 46.46 42.76 37.46 31.86 28.77 27.19 27.56 28.85 30.18 32.07 34.76 36.72 35.89 32.01 28.43 26.64 22.26 18.06 16.42 17.43 20.04 23.84 31.89 37.38 38.73 37.29 27.2 59.35 129.19 119.22 120.45 118.06 110.06 102.81 99.6 97.41 94.69 93.94 93.94 93.94 93.41 90.79 88.5 88.34 88.18 88.06 84.55 79.95 79.3 74.79 68.19 64.27 60.99 59.81 61.48 65.92 69.6 80.13 93.77 97.53 93.13 88.5 85.11 65.7 46.13 32.7 17.22 6.77 359.94
49.98 51.73 48.5 44.29 38.64 31.96 28.79 25.28 21.77 20.27 21.32 24.94 28.38 30.6 32.05 32.94 31.87 28.49 23.49 19.2 16.29 12.93 11.52 12.52 15.7 19.78 24.69 35.4 44.55 50.53 57.78 62.25 88.11 109.85 110.34 116.11 119.21 114.13 105.57 101.18 99.15 96.1 95.15 94.81 94.51 93.4 88.18 83.77 84.14 85.53 86.34 84.9 82.93 82.43 73.53 63.57 61.43 62.98 65.32 67.33 72.3 75.54 83.92 95.83 99.5 92.58 84.57 79.64 56.34 39.02 32.05 23.84 18.09 16.88
