core/test/InputMaps/malcataHeight_250.grass
north: 40:14:17.01N
south: 40:12:39.7468N
east: 7:02:14.5154W
west: 7:04:21.43W
rows: 250
cols: 250
[rows 32 to 63 of 250, columns 0 to 71 of 250]
0 1001.51 1001.85 1001.35 1000.17 999.08 998.07 996.39 994.3 992.43 990.68 990.38 990.77 989.06 986.46 984.15 981.95 980.44 979.14 977.57 975.94 973.5 970.91 967.44 963.82 960.37 956.93 955.1 953.41 952.1 950.8 949.27 947.71 944.38 941.03 937.36 933.79 931.19 928.64 926.44 924.2 921.71 919.38 917.74 915.54 911.19 907.09 903.76 900.81 898.89 898.92 903.44 906.26 905.69 905.81 907.11 906.86 904.26 902.78 902.78 900.15 894.45 890.77 889.19 886.93 884.05 881.61 879.52 877.6 875.8 876.47 878.68
0 999.79 1001.31 1001.03 999.25 997.92 996.9 996.19 995.67 993.86 991.33 990.5 990.5 989.78 988.76 986.43 983.64 982.6 982.09 980.36 978.33 975.67 972.87 969.21 965.4 960.69 955.87 953.39 951.11 950.52 950.01 948.5 946.95 944.41 941.79 937.73 933.77 930.98 928.18 925.39 922.67 920.39 918.15 916.12 913.77 910.21 906.89 904.35 902.08 900.55 900.26 902.81 904.85 905.86 906.68 907.19 906.39 903.6 902 902 900.01 895.69 892.62 890.84 888.79 886.5 884.22 881.93 879.35 876.56 876.13 877.15
0 998.08 1000.78 1000.71 998.34 996.75 995.74 995.99 997.05 995.3 991.97 990.62 990.23 990.5 991.06 988.71 985.33 984.76 985.03 983.15 980.73 977.83 974.84 970.98 966.97 961 954.81 951.68 948.81 948.95 949.22 947.72 946.19 944.44 942.54 938.09 933.75 930.76 927.73 924.35 921.15 919.06 916.91 914.49 911.99 909.22 906.69 904.94 903.35 902.22 901.61 902.18 903.43 906.02 907.56 907.28 905.93 902.93 901.23 901.23 899.87 896.93 894.46 892.48 890.66 888.96 886.82 884.34 881.1 877.33 875.79 875.63
0 996.67 999.02 999.3 997.87 997.01 996.55 996.88 997.7 996.52 994.22 993.03 992.38 992.52 992.97 991.2 988.61 987.76 987.44 985.23 982.55 979.8 977.03 973.5 969.85 963.56 956.96 953.52 950.33 949.75 949.28 947.49 945.69 943.89 941.98 938.1 934.33 931.7 929.01 925.87 922.92 921.02 919.09 916.97 914.82 912.55 910.3 908.08 906.27 905.53 905.01 905.01 905.8 908.15 909.31 908.38 906.78 904.15 902.23 901.25 899.68 897.42 895.41 893.66 892.02 890.5 888.33 885.66 882.25 878.32 876.42 875.77
0 995.38 996.75 997.45 997.6 997.85 998.18 998.21 998.06 997.66 997.13 996.39 995.55 995.06 994.73 993.76 992.56 991.12 989.61 987.01 984.13 981.67 979.3 976.34 973.28 967.06 960.45 956.83 953.44 951.53 949.68 947.49 945.29 943.1 940.87 937.98 935.16 933.12 931.02 928.47 926.05 924.35 922.69 921.16 919.55 917.69 915.5 912.29 909.86 909.52 909.28 909.28 909.74 911.11 911.42 909.9 908.18 906.14 903.96 901.61 899.48 897.61 895.99 894.63 893.19 891.66 889.39 886.51 883.14 879.41 877.46 876.62
0 994.15 994.63 995.7 997.25 998.5 999.54 999.39 998.48 998.82 999.86 999.52 998.5 997.5 996.51 996.19 996.12 994.23 991.79 988.9 985.91 983.67 981.59 979 976.33 970.26 963.78 960.01 956.45 953.41 950.39 947.81 945.25 942.81 940.4 938.36 936.38 934.93 933.41 931.3 929.27 927.72 926.26 925.19 924.03 922.48 920.35 916.39 913.48 913.4 913.34 913.32 913.42 913.77 913.26 911.22 909.37 907.8 905.38 901.85 899.27 897.8 896.52 895.46 894.15 892.63 890.26 887.21 883.88 880.35 878.37 877.36
0 993.27 993.56 994.64 996.39 997.84 999.08 999.49 999.36 1000.11 1001.35 1001.07 1000.05 999.19 998.4 997.7 997.03 995.61 993.96 991.55 988.94 986.45 983.97 980.48 976.83 971.53 966.04 962.34 958.78 955.92 953.1 950.34 947.6 945.95 944.28 942.24 940.31 939.45 938.39 935.69 933.13 931.38 929.68 928.22 926.7 924.96 922.87 919.69 917.2 916.53 916 915.78 915.35 914.52 913.26 911.22 909.22 907.25 904.69 901.36 899.06 897.99 896.72 895.26 893.76 892.24 889.87 886.82 883.61 880.27 878.37 877.36
0 992.39 992.48 993.59 995.53 997.18 998.61 999.58 1000.24 1001.4 1002.83 1002.62 1001.6 1000.88 1000.29 999.2 997.94 996.99 996.13 994.19 991.98 989.22 986.35 981.96 977.32 972.8 968.29 964.67 961.11 958.44 955.81 952.86 949.94 949.08 948.16 946.12 944.24 943.97 943.36 940.07 936.98 935.03 933.11 931.25 929.38 927.43 925.38 923 920.92 919.66 918.65 918.24 917.28 915.27 913.26 911.22 909.06 906.7 904 900.87 898.86 898.17 896.91 895.06 893.38 891.85 889.48 886.43 883.33 880.2 878.37 877.36
0 992.32 992.1 992.93 994.64 996.3 997.94 999.32 1000.56 1002.26 1004.22 1004.17 1003.16 1002.27 1001.43 1000.09 998.57 997.57 996.74 994.77 992.52 989.52 986.36 982.11 977.68 974.07 970.55 967.3 964.07 961.5 958.96 955.7 952.49 951.87 951.17 948.92 946.82 946.39 945.62 942.28 939.13 937.1 935.07 933.04 931.03 929.1 927.18 925.26 923.41 921.78 920.36 919.41 917.94 915.4 913 910.86 908.56 906.02 903.4 900.68 898.93 898.31 897.05 895.13 893.42 891.89 889.7 886.98 883.94 880.68 878.67 877.43
0 992.89 992.28 992.61 993.72 995.25 997.08 998.79 1000.42 1002.76 1005.51 1005.72 1004.71 1003.4 1001.98 1000.48 998.96 997.51 996.08 993.68 991.04 987.81 984.45 981.19 977.95 975.34 972.8 970.17 967.53 964.99 962.45 958.8 955.2 954.38 953.48 950.83 948.31 947.08 945.66 942.72 939.91 937.88 935.84 933.81 931.84 930.12 928.39 926.67 924.91 923.08 921.28 919.55 917.55 915.01 912.54 910.2 907.79 905.25 902.88 900.75 899.23 898.41 897.15 895.42 893.8 892.28 890.42 888.29 885.26 881.6 879.2 877.57
0 993.46 992.46 992.29 992.81 994.2 996.23 998.25 1000.28 1003.27 1006.8 1007.28 1006.26 1004.54 1002.52 1000.87 999.34 997.44 995.42 992.59 989.55 986.09 982.54 980.27 978.21 976.61 975.06 973.05 971 968.48 965.94 961.9 957.91 956.9 955.78 952.75 949.79 947.78 945.71 943.16 940.68 938.65 936.62 934.59 932.66 931.13 929.6 928.07 926.41 924.38 922.21 919.69 917.16 914.62 912.08 909.55 907.01 904.47 902.36 900.82 899.52 898.51 897.25 895.72 894.19 892.67 891.14 889.6 886.58 882.53 879.73 877.71
0 991.33 991.27 991.52 992.03 993.64 996.06 998.71 1001.51 1003.81 1005.83 1006.32 1006.07 1004.84 1003.19 1001.35 999.44 997.29 995.07 992.49 989.83 987.86 986.03 983.7 981.28 979.49 977.77 975.41 972.99 970.46 967.92 964.25 960.61 958.63 956.57 952.95 949.41 946.8 944.18 941.44 938.87 937.22 935.54 933.7 931.97 930.63 929.44 928.68 927.69 926.04 924 921.08 918.03 914.72 911.48 908.37 905.33 902.4 900.24 899.1 898.29 897.85 897.06 895.92 894.48 892.76 890.73 888.44 885.1 881.04 878.11 875.89
0 989.12 990.05 990.75 991.25 993.09 995.9 999.19 1002.78 1004.35 1004.79 1005.3 1005.84 1005.12 1003.86 1001.84 999.53 997.14 994.72 992.42 990.15 989.72 989.67 987.24 984.43 982.42 980.51 977.76 974.95 972.4 969.86 966.58 963.3 960.34 957.32 953.1 948.97 945.77 942.6 939.67 936.99 935.73 934.41 932.77 931.23 930.1 929.24 929.27 928.96 927.7 925.82 922.51 918.93 914.83 910.88 907.17 903.62 900.3 898.08 897.34 897.01 897.16 896.87 896.12 894.76 892.85 890.29 887.21 883.55 879.49 876.44 874.02
0 987.14 988.9 989.97 990.48 992.23 994.89 998.21 1001.96 1003.38 1003.5 1004.33 1005.5 1005.46 1004.91 1003.07 1000.77 998.22 995.6 993.52 991.56 991.69 992.23 989.81 986.92 984.8 982.77 979.87 976.9 974.49 972.11 969.38 966.62 962.83 958.99 954.34 949.76 945.89 942.1 938.89 935.96 934.63 933.28 931.84 930.53 929.75 929.31 929.98 930.27 929.57 928 924.44 920.44 915.56 911 907.02 903.23 899.76 897.45 896.71 896.22 896.02 895.71 895.28 894.05 892.1 889.34 885.94 882.2 878.21 875.27 872.96
0 985.5 987.85 989.19 989.7 990.88 992.55 995.01 997.98 1000.13 1001.82 1003.43 1005 1005.91 1006.54 1005.45 1003.73 1001.17 998.36 996.39 994.63 993.81 993.17 990.93 988.43 986.35 984.32 981.6 978.83 976.81 974.82 972.87 970.88 966.49 962.09 957.24 952.41 947.75 943.22 939.62 936.23 934.12 932.15 930.9 929.88 929.69 929.8 930.85 931.65 931.73 930.72 927.16 922.9 917.22 912.24 908.45 904.86 901.58 899.14 897.8 896.18 894.21 893.09 892.86 891.83 890.07 887.62 884.62 881.15 877.36 874.86 873.14
0 983.87 986.81 988.42 988.93 989.54 990.22 991.82 993.99 996.87 1000.14 1002.53 1004.49 1006.35 1008.17 1007.82 1006.7 1004.13 1001.11 999.26 997.7 995.93 994.11 992.05 989.94 987.9 985.87 983.34 980.76 979.12 977.53 976.37 975.13 970.16 965.18 960.14 955.06 949.61 944.33 940.34 936.51 933.6 931.02 929.97 929.22 929.63 930.28 931.73 933.03 933.9 933.43 929.88 925.35 918.89 913.47 909.88 906.49 903.41 900.82 898.9 896.14 892.39 890.47 890.44 889.6 888.04 885.9 883.29 880.1 876.51 874.45 873.32
0 982.92 985.32 987.04 988.2 989.07 989.74 991.14 993.01 995.45 998.19 1000.79 1003.3 1005.59 1007.79 1007.5 1006.32 1004.2 1001.8 1000.1 998.58 996.5 994.3 992.53 990.82 988.82 986.79 984.29 981.75 979.41 977.07 976.68 976.23 971.8 967.34 962.42 957.43 951.68 946.18 942.6 939.03 935.5 932.32 930.82 929.74 930.25 930.92 932.13 933.14 933.68 933.16 930.25 926.16 919.72 914.51 911.44 908.25 904.88 901.94 899.59 896.97 894.03 892.46 892.3 891.51 890.15 888.04 885.34 882.42 879.35 877.55 876.54
0 982.13 983.74 985.53 987.48 988.8 989.66 991.02 992.69 994.43 996.19 998.86 1001.96 1004.57 1006.96 1006.58 1005.2 1003.64 1002.03 1000.49 998.96 996.72 994.33 992.87 991.55 989.6 987.56 985.06 982.52 979.24 975.92 976.3 976.63 972.99 969.29 964.57 959.74 953.8 948.19 945.2 942.05 937.92 934.16 932.07 930.52 931.03 931.61 932.41 932.98 932.92 932.24 930.12 926.62 920.37 915.5 913.02 910.03 906.27 902.94 900.19 897.99 896.44 895.47 895.11 894.33 893.17 891.04 888.14 885.49 883.01 881.43 880.42
0 981.45 982.52 984.31 986.71 988.36 989.47 990.84 992.36 993.59 994.65 997.3 1000.71 1003.47 1005.97 1005.68 1004.39 1003.35 1002.38 1000.97 999.45 997.12 994.63 993.36 992.3 990.33 988.25 985.66 983.02 979.34 975.61 976.1 976.57 973.76 970.87 966.44 961.89 955.98 950.43 947.66 944.62 940.1 935.89 933.16 931.12 931.67 932.16 932.43 932.5 932.04 931.27 929.79 926.9 921.19 916.89 915.05 912.31 908.19 904.6 901.69 899.87 899.32 898.76 898.2 897.38 896.32 894.1 890.96 888.38 886.21 884.81 883.89
0 981.17 982.43 983.99 985.79 987.43 988.93 990.45 991.97 993.33 994.59 996.9 999.72 1002.17 1004.47 1004.85 1004.55 1003.89 1003.12 1001.75 1000.22 998.06 995.76 994.36 993.1 990.93 988.65 985.68 982.65 980.27 977.92 976.48 975.04 973.21 971.29 967.45 963.5 958.39 953.43 949.66 945.82 941.49 937.3 933.79 931.16 931.91 932.31 931.59 931 930.74 930.17 928.89 926.65 922.51 919.51 918.45 916.11 911.8 908.35 906.03 904.44 903.68 902.93 902.18 901.16 899.9 897.37 893.84 890.75 887.98 886.6 886.08
0 980.88 982.34 983.66 984.88 986.49 988.39 990.06 991.58 993.07 994.52 996.5 998.73 1000.87 1002.97 1004.02 1004.71 1004.43 1003.86 1002.52 1001 999 996.9 995.35 993.89 991.53 989.06 985.7 982.28 981.2 980.23 976.86 973.5 972.67 971.7 968.46 965.12 960.79 956.42 951.67 947.01 942.88 938.72 934.41 931.2 932.15 932.46 930.76 929.5 929.44 929.06 927.98 926.4 923.84 922.12 921.86 919.91 915.4 912.09 910.37 909 908.05 907.1 906.15 904.94 903.48 900.65 896.72 893.12 889.76 888.4 888.27
0 979.62 980.88 982.01 983.02 984.78 987.07 989.3 991.48 993.15 994.54 996.28 998.18 1000.08 1001.98 1003.42 1004.7 1004.91 1004.8 1003.66 1002.27 1000.13 997.83 996.09 994.43 991.99 989.45 986.09 982.66 981.78 981.01 976.98 972.96 970.88 968.78 966.39 963.89 960.22 956.46 952.04 947.72 944.05 940.27 935.96 932.51 932.35 931.9 930.52 929.34 928.68 927.88 926.73 925.51 924.13 923.02 922.36 920.57 917.04 914.38 912.85 911.56 910.55 909.6 908.71 907.56 906.17 903.36 899.43 895.64 891.96 890.47 890.34
0 977.86 978.73 979.68 980.7 982.68 985.37 988.35 991.51 993.41 994.61 996.15 997.85 999.55 1001.26 1002.94 1004.61 1005.37 1005.84 1004.98 1003.79 1001.35 998.66 996.7 994.84 992.38 989.84 986.66 983.43 982.18 981.01 976.98 972.91 968.47 964.18 962.77 961.22 958.14 955.02 951.58 948.2 945.12 941.89 937.97 934.47 932.53 930.97 930.58 929.85 928.21 926.65 925.31 924.29 923.89 923.05 921.4 919.64 917.7 915.93 914.41 913.12 912.1 911.25 910.56 909.6 908.41 905.8 902.07 898.24 894.36 892.67 892.34
0 975.86 976.43 977.31 978.43 980.66 983.71 987.35 991.36 993.44 994.44 995.78 997.28 998.8 1000.33 1002.2 1004.2 1005.43 1006.43 1005.86 1004.89 1002.25 999.27 997.08 995.02 992.57 990.08 987.06 984 982.34 980.75 976.8 972.77 966.3 960.14 959.51 958.72 956.16 953.61 951.07 948.54 946.05 943.38 939.9 936.4 932.9 930.34 930.74 930.33 927.72 925.44 923.91 923.06 923.55 922.95 920.46 918.76 918.23 917.28 915.75 914.5 913.57 912.87 912.4 911.62 910.57 908.15 904.63 900.81 896.78 894.9 894.36
0 971.22 972.58 974.46 976.76 979.5 982.55 985.82 989.24 990.98 991.78 992.93 994.24 995.7 997.22 998.8 1000.41 1001.4 1002.2 1002.06 1001.69 999.8 997.61 995.19 992.73 990.77 988.88 985.72 982.45 980.03 977.65 974.67 971.64 966.75 962.01 960 957.93 955.17 952.44 949.9 947.46 945.56 943.52 940.82 938.08 935.17 932.77 931.99 930.5 927.1 924.27 922.75 921.83 922.13 921.62 919.72 918.29 917.57 916.5 914.98 914.18 914.24 914.23 914.15 913.35 911.91 909.53 906.4 902.98 899.34 897.37 896.44
0 966.58 968.73 971.62 975.1 978.33 981.38 984.3 987.13 988.53 989.13 990.08 991.19 992.59 994.12 995.41 996.62 997.36 997.97 998.26 998.48 997.36 995.95 993.3 990.44 988.97 987.67 984.37 980.91 977.73 974.56 972.54 970.5 967.19 963.88 960.49 957.14 954.18 951.28 948.74 946.38 945.07 943.66 941.75 939.76 937.43 935.2 933.24 930.67 926.49 923.11 921.58 920.6 920.7 920.28 918.98 917.82 916.9 915.73 914.2 913.86 914.9 915.58 915.9 915.09 913.25 910.91 908.18 905.15 901.91 899.85 898.52
0 963.13 966.07 969.63 973.69 977.23 980.38 983.15 985.69 986.99 987.6 988.35 989.17 990.13 991.15 992.02 992.83 993.41 993.92 994.18 994.39 993.5 992.38 990.29 988.05 986.81 985.7 982.7 979.54 976.49 973.43 971.49 969.56 967.12 964.6 960.64 956.76 953.81 950.92 948.48 946.23 945.12 943.87 942.05 940.16 938.03 935.87 933.63 930.68 925.8 921.88 920.16 919.08 919.28 919.03 918.02 917.04 916.13 915.04 913.71 913.52 914.64 915.46 915.97 915.25 913.42 911.36 909.12 906.47 903.52 901.52 900.09
0 960.82 964.55 968.47 972.53 976.18 979.52 982.38 984.92 986.35 987.15 987.7 988.12 988.27 988.3 988.62 989.04 989.53 990.04 989.83 989.45 988.29 986.98 986.22 985.55 984.31 983 980.71 978.34 976.26 974.2 971.49 968.78 966.54 964.22 960.45 956.77 954.02 951.33 949.09 946.98 945.67 944.16 941.74 939.34 937.01 934.85 933.2 930.52 925.05 920.6 918.48 917.27 917.86 917.87 916.85 915.96 915.24 914.43 913.5 913.15 913.49 913.91 914.41 913.9 912.47 910.91 909.27 906.97 904.22 902.41 901.19
0 958.51 963.03 967.3 971.37 975.13 978.67 981.6 984.14 985.7 986.7 987.04 987.07 986.41 985.46 985.23 985.25 985.65 986.16 985.48 984.5 983.08 981.57 982.15 983.06 981.81 980.3 978.72 977.15 976.04 974.96 971.49 968.01 965.97 963.84 960.27 956.79 954.24 951.74 949.7 947.73 946.22 944.44 941.43 938.52 936 933.82 932.77 930.35 924.3 919.32 916.8 915.46 916.45 916.71 915.69 914.87 914.35 913.82 913.29 912.79 912.34 912.35 912.86 912.56 911.52 910.47 909.41 907.48 904.92 903.31 902.28
0 957.44 961.65 965.47 968.99 972.1 974.92 977.68 980.4 982.5 984.26 984.83 984.83 984.37 983.72 983.15 982.59 982.71 983.04 982.29 981.28 979.99 978.65 978.39 978.3 977.1 975.76 974.93 974.14 972.6 971.04 967.69 964.33 961.93 959.55 957.46 955.33 952.6 949.87 947.11 944.49 942.79 940.94 938.44 935.86 932.95 930.37 928.8 926.45 922.01 918.31 916.32 915.09 915.37 915.45 915.17 914.87 914.55 914.22 913.9 913.57 913.25 913.34 913.84 913.55 912.54 911.52 910.51 908.81 906.64 905.18 904.17
0 956.47 960.28 963.6 966.52 968.93 970.96 973.53 976.45 979.13 981.67 982.5 982.5 982.32 982.07 981.16 980.02 979.85 979.97 979.19 978.17 977.05 975.91 974.66 973.39 972.23 971.09 971 971 968.93 966.78 963.61 960.45 957.65 954.97 954.47 953.76 950.84 947.84 944.29 940.97 939.07 937.16 935.26 933.06 929.76 926.73 924.57 922.28 919.61 917.33 915.93 914.83 914.32 914.19 914.69 914.95 914.82 914.7 914.57 914.44 914.31 914.5 915.01 914.72 913.7 912.69 911.67 910.21 908.43 907.12 906.11
0 954.24 957.66 960.71 963.46 965.58 967.25 969.67 972.58 975.4 978.16 979.4 979.89 980.08 980.15 978.79 976.92 976.43 976.36 975.48 974.39 973.48 972.6 970.73 968.7 967.64 966.69 967.03 967.46 965.39 963.2 960.44 957.67 954.83 952.14 952.23 952.05 948.86 945.57 941.51 937.71 935.47 933.36 931.91 930.06 926.71 923.61 921.28 919.21 917.83 916.53 915.45 914.48 913.74 913.62 914.57 915.05 914.84 914.72 914.72 914.72 914.72 915.04 915.69 915.5 914.56 913.69 912.89 911.74 910.36 909.24 908.3
