core/test/InputMaps/malcataAspect_350.grass
north: 40:14:17.01N
south: 40:12:39.7468N
east: 7:02:14.5154W
west: 7:04:21.43W
rows: 350
cols: 350
[rows 297 to 329 of 350, columns 148 to 221 of 350]
301.14 305.23 316.3 324.84 327.46 326.35 323.17 314.83 304.05 300.67 292.87 284.66 284.61 288.55 292.11 295.51 303.78 317.13 334.67 349.82 0.1 10.73 23.57 35.08 43.83 48.35 53.41 62.69 67.05 67.49 69.08 68.74 81.02 95.74 95.12 91.13 88.44 95.92 110.39 119.64 140.64 154.33 155.64 148.76 138.98 131.22 77.72 51.56 47.47 37.6 35.88 38 39.74 42.77 50.18 57.25 60.54 75.09 88.36 89.21 91.3 92.66 92.7 92.68 92.88 86.91 78.1 72.6 55.32 32.06 8.61 345.84 330.1 329.84
304.27 303.79 308.97 312.88 313.14 312.98 312.64 306.73 297.82 294.77 290.59 286.18 284.34 283.04 283.01 283.78 284.71 286.93 294.47 301.53 301.93 298.82 297.22 299.47 301.69 304.02 303.25 297.42 293.54 290.07 286.15 288.23 276.5 253.22 247.13 235.58 198.91 159.52 167.48 184.79 192.03 193.7 198.96 209.13 219.45 224.56 269.91 331.92 2.06 9.93 13.75 19.24 25.5 32.58 42.94 52.74 58.37 73.09 85.64 86.4 88.86 90.38 89.55 88.22 87.66 78.92 66.97 59.12 40.68 19.48 0.06 342.03 329 329.1
309.55 307.24 309.16 311.11 311.11 311.11 311.11 306.3 298.91 296.22 294.47 292.03 288.33 282.01 278.14 277.72 276.14 275.74 286.62 298.99 300.11 294.17 289.16 290.38 291.75 293.31 293.01 289.98 288.12 281.95 272.64 269.76 261.01 248.22 242.7 234.22 219.95 202.81 202.34 219.55 207.84 204.11 209.87 220.4 228.58 232.26 255.73 290.73 342.11 3.24 9.17 16.28 25.18 34.38 46.14 56.64 62.03 72.73 80.79 82.12 86.96 90 88.17 85.31 84.11 72.35 57.47 48.51 31.25 14.03 359.27 344.68 332.84 330.66
314.1 311.48 311.44 312.13 312.13 312.08 311.94 307.83 301.52 298.77 298.62 297.72 292.72 281.68 273.85 272.38 268.83 266.6 280.96 298.77 301.21 293.2 285.34 286.18 287.07 288.16 288.53 287.56 286.87 277.3 262.11 255.12 248.02 239.71 233.64 225.75 215.12 208.34 220.41 242.9 216.37 209.12 215.18 224.04 229.28 231.88 244.57 257.65 317.79 359.61 7.24 15.65 26.63 37.05 49.22 59.6 64.05 70.49 74.39 76.59 84.66 89.82 86.73 81.94 79.98 64.23 47.23 38.97 25.02 12.62 2.89 352.89 343.34 339.23
316.6 316.48 317.06 317.55 317.59 317.32 316.39 312.31 306.05 301.69 300.41 300.12 295.65 281.69 270.91 268.81 264.54 262.16 275.63 293.1 296.88 289.38 281.05 281.15 280.9 280.96 281.7 282.41 282.68 271.71 254.35 245.08 240.81 238.33 234.2 231.29 229.12 232.45 247.67 258.69 228.59 216.28 222.38 229.14 232.41 235.34 242.35 246.23 275 336.2 351.46 359.24 7.48 15.32 24.31 32.91 36.42 41.19 44.16 49.49 69.31 85.4 74.45 60.07 57 33.64 24.01 24.52 20.51 17.12 17.03 18.22 17.71 16.3
316.1 318.64 321.36 322.62 322.91 322.75 321.21 317.85 312.48 306.8 302.22 300.19 296.58 281.84 270 267.82 263.68 261.73 273.41 288.61 292.57 286.43 279.29 278.92 277.51 276.57 277.72 279.66 280.59 267.29 246.72 235.54 233.69 236.42 233.57 234.48 236.8 240.62 249.45 253.3 235.03 225.76 232.28 235.95 237.04 239.86 243.1 243.85 263.38 315.69 335.93 342.25 345.2 345.71 342.85 336.4 330.69 324.86 324.22 324.56 306.61 286.14 288.37 295.22 301.97 339.15 0.21 14.44 19.73 22.18 27.83 34.08 37.38 39.76
313.84 316.78 320.65 322.62 323.41 324.1 322.93 321.54 318.53 313.11 305.42 300.19 296.58 281.84 270 267.82 263.68 261.73 272.52 286.7 290.43 285.25 279.29 278.6 275.86 273.84 275.59 278.94 280.59 262.73 237.09 224.69 224.63 231.22 228.73 232 236.8 238.73 242.29 241.29 235.91 238.39 245.74 244.12 241.71 243.32 242.19 239.34 255.59 308.16 331.82 340.17 344.8 345.71 343.6 338.59 332.95 324.14 319.15 321.2 310.91 297.84 291.77 288.12 289.99 331.22 0.28 19.06 22.97 24.46 30.04 35.11 37.38 41.14
307.05 307.66 310.1 310.88 310.83 311.55 310.53 311.13 312.41 311.32 304.69 298.81 296.9 282.43 269.59 267.33 263.09 261.29 272.46 286.62 290.16 285.25 279.77 278.69 273.81 269.82 273.05 280.18 284.01 254.4 220.92 210.18 212.66 223.43 223.22 228.58 233.83 232.67 230.81 224.95 225.89 242.01 251.89 240.12 231.37 231.57 226.85 222.94 241.82 310.86 335.74 344.24 348.99 349.91 348.81 345.86 341.57 331.73 320.02 318.07 310.21 301.68 290.63 278.75 275.21 298.19 328.45 353.75 9.56 16.36 24.96 31.91 36.49 43.85
302.39 300.79 301.44 301.1 300.38 300.75 299.84 299.47 301.04 303.2 298.53 292.85 293.79 281.1 267.31 265.67 262.93 262.26 274.75 289.11 292.24 286.22 279.8 277.85 267.47 256.34 260.8 284.13 301 223.06 195.1 192.78 198.81 214.48 218.84 224.66 226.39 220.8 213.47 203.45 197.19 192.29 170.59 166.93 165.16 160.06 163.49 174.67 193.71 342.37 351.83 355.11 356.8 357.11 356.85 356.07 354.47 347.8 331.64 320.31 310.61 303.08 290.08 275.25 270.59 279.47 290.84 300.51 331.32 353.49 10.65 25.77 37.46 49.61
304.82 302.42 302.27 301.44 300.4 300.45 299.44 296.22 294.16 295.85 289.89 281.29 281.98 272.82 262.69 263.82 266.83 268.36 279.13 291.08 293.48 285.71 277.36 273.7 254.95 233.79 229.99 267.84 327.93 187.37 183.55 186.06 193.9 213.41 219.75 222.39 219.4 212.19 203.63 193.8 184.09 161.12 132.97 140.85 144.13 138.09 134.89 142.34 138.03 3.78 360 360 360 360 360 360 359.49 354.74 340.82 327.32 316.92 309.14 294.25 275.85 270 274.87 280.79 285.49 308.17 335.69 2.7 28.64 46.26 58.68
309.66 306.97 306.39 305.24 303.97 303.74 302.56 296.03 288.97 288.86 280.04 267.18 265.71 261.74 258.24 262.8 272.75 276.48 283.46 291.78 293.47 284.05 273.7 268.18 243.2 220.07 214.18 234.91 308.66 187 183.74 186.45 195.22 218.69 223.97 221.18 214.58 207.84 200.16 191.64 183.26 166.94 146.53 147.93 148.81 141.66 129.2 123 86.6 3.34 360 360 360 360 360 360 359.5 355.38 344.94 333.62 324.14 316.47 300.22 277.55 270 272.44 275.46 277.91 291.5 317.98 5.37 47.45 64.37 70.5
311.47 310.44 311.08 311.02 310.66 311.19 310.69 301.25 287.77 285.34 272.09 255.31 253.88 254.59 255.23 262.94 279.17 283.77 283.52 285.75 288.92 281.74 270.03 260.61 226.79 208.03 205.51 207.18 138.28 149.08 163.49 171.82 176.84 180.18 181.07 184.73 191.36 199.8 207.44 214.16 222.6 229.37 226.25 210.48 202.31 204.55 226.51 262.64 284.89 313.13 320.25 322.7 328.55 333.42 338.34 345 352.71 358.22 359.93 358.95 355.11 348.36 332.88 294.75 277.55 274.87 273.11 273.14 274.31 276.5 279.18 289.79 83.01 76.66
311.11 311.81 314.03 315.49 316.57 318.46 319.27 308.58 288.38 283.25 266.51 249.53 249.97 251.41 251.49 263.13 286.82 291.87 282.6 273.23 270.89 267.75 262.22 246.84 211.22 200.94 201.15 192.31 149.8 135.78 142.67 153.23 154.98 141.18 135.45 137.36 156.93 195.73 224.69 239.49 245.21 245.53 243.61 238.43 236.12 241.23 257.15 269.99 279.49 297.24 303.41 303.11 305.77 310.44 315.8 325.44 342.59 1.11 14.96 23.04 22.88 18.92 15.5 357.72 315.2 289.8 277 274.73 269.14 264.25 260.83 250.43 233.42 218.4
311.11 311.82 314.05 315.51 316.61 318.5 319.32 307.48 284.32 278.15 263.71 249.5 249.22 247.91 245.59 262.53 296.35 302.4 283.48 258.47 246.16 245.97 254.63 240.44 210.17 200.91 199.02 187.97 163.75 143.75 137.28 145.56 151.77 146.23 138.47 125.71 124.16 223.9 253.6 260.27 253.49 243.53 238.95 238.34 240.53 245.33 259.2 270 280.6 299.94 306.43 302.9 300.61 303.34 305.87 312.05 333.62 1.58 19.13 26.51 22.74 17.67 12.98 358.81 333.73 305.82 283.8 279.4 268.23 258.57 252.06 234.62 214.11 196.25
314.35 315.06 317.21 318.33 318.93 320.33 320.67 307.33 281.04 273.96 262.65 252.17 251.74 249.37 247.17 264.16 296.78 306.04 282.9 246.25 231.79 236.28 252.37 242.09 217.14 207 203.39 193.4 178.56 162.49 147.08 151.53 163.71 165.94 161.18 139.93 351.57 300.55 288.01 282.42 261.93 241.69 235.82 240.52 248.17 252.76 263.87 271.63 280.3 296.27 302.21 296.5 289.48 288.96 286.48 282.58 290.46 319.77 347.92 4.14 6.02 3.81 359.78 350.97 339 318.66 292.08 285.84 266.5 249.89 240.52 221.25 207.67 203.59
324.83 325.51 327.21 327.06 325.97 325.75 324.67 309.81 281.39 274 265.24 257.8 257.8 256.51 256 266.75 286.99 298.47 277.55 239.44 229.74 239.21 254.28 247.94 229.9 219.38 214.48 206.34 199.29 199.13 209.31 213.82 211.18 214.11 224.93 259.56 291.03 295.43 299.76 297.61 270.07 241.3 236.3 247.51 259.93 263.51 271.51 276.13 280.51 289.54 293.44 287.18 278.3 275.8 271.93 266.42 266.97 277.52 288.79 302.73 324.01 331.98 332.62 333.58 336.23 329.86 308.85 308.65 249.26 213.37 211.62 207.86 212.08 226.18
333.01 333.7 335.09 334.06 331.68 330.22 328.17 313.56 286.01 278.31 269.44 262.19 262.48 262.4 262.66 268.02 278.03 285.46 267.18 236.61 230.82 240.59 252.33 247.25 233.23 224.02 219.03 212.03 208.07 213.38 228.06 229.75 230.27 239.3 247.53 263.07 275.57 284.78 301.46 305.55 277.81 244.35 239.74 256.51 271.8 273.62 279.96 282.94 284.24 288.88 291.02 283.6 272.58 268.87 264.86 259.56 259.4 268.71 278.23 287.57 306.71 316.56 317.71 320.49 329.69 331.45 322.44 58.44 115.55 144.32 174.16 205.33 226.82 244.87
333.01 334 336.16 335.58 333.25 331.75 329.73 316.69 292.06 284.3 274.15 265.69 266.22 267.39 268.21 268.81 269.75 270.29 255.23 234.8 230.8 238.58 247.29 242.4 230.29 222.26 217.49 210.86 207.07 211.36 222.38 221.97 230.15 251.72 256.08 260.41 262.25 274.47 302.84 310.61 284.69 249.75 244.2 266.07 283.72 283.82 289.44 291.58 290.47 291.9 292.57 282.94 268.11 262.77 258.14 252.21 251.5 262.54 274.55 283.87 303.85 314.28 313.46 312.32 320.45 316.45 229.1 140.68 121.35 127.45 166.75 238.62 257.19 262.15
321.11 322.82 327.05 327.93 326.37 326.41 326.91 317.51 297.27 290.35 278.99 268.73 269.43 271.58 272.93 269 261.22 255.56 243.43 229.63 225.51 230.15 235.42 228.59 216.47 209.11 205.13 201.44 200.88 207.11 219.79 223.71 239.34 263.57 263.17 258.51 253.75 266.01 297.43 310.86 290.36 254.97 249.24 276.41 294.57 293.02 297.46 300.15 299.12 299.44 299.72 286.16 263.16 255.33 249.76 243.27 243.05 256.82 271.62 280.97 301.08 311.04 306.98 298.73 297.55 280.48 252.91 250.08 259.24 268.18 271.26 276.93 278.67 274.99
310.07 312.26 318.07 320.21 318.65 318.83 321.36 315.56 299.92 294.83 283.37 271.72 272.23 274.23 275.73 267.61 251.54 243.03 233.42 221.99 215.99 215.84 215.21 205.2 194.67 189.14 187.12 188.51 193.29 203.7 221.86 231.3 247.7 265.35 263.88 257.18 251.98 262.54 288.41 304.63 291.98 262.72 257.59 287.65 303.86 300.57 302.03 305.35 307.89 310.86 313.07 295.53 257.01 246.67 240.64 234.36 236.07 253.02 270.23 279.74 299.56 308.61 302.76 292.05 287.73 274.85 261.4 261.68 267.77 272.47 273.45 276.02 277.66 276.77
308.14 310.68 317.4 320.05 317.4 315.33 317.13 312.62 299.74 295.8 285.38 274.4 274.26 274.29 274.45 265.06 246.94 238.46 228.84 217.34 210.95 209.13 206.31 197.11 188.85 184.33 182.89 185.74 192.73 205.68 227.49 238.28 250.71 261.94 260.47 255.48 251.88 260.13 280.15 294.38 288.88 273.69 269.67 298.29 311.51 306.6 302.82 302.79 306.95 312.1 315.74 298.53 257.21 246.86 239.42 232.24 234.53 252.26 270 279.56 299.3 308.14 302.81 293.34 289.21 277.19 264.99 265.24 270.78 274.97 274.81 274.86 275.06 276.77
307.94 310.93 318.64 322 318.56 313.95 314.22 310.58 300 296.82 287.22 276.99 276.1 273.64 271.95 261.71 242.49 233.63 222.81 211.15 205.2 202.99 199.77 192.38 186.35 183.09 182.47 186.47 195.34 210.89 235.76 246.29 253.16 258.15 257.02 254.66 253.25 258.86 271.62 280.44 282.85 283.14 281.14 305.02 315.92 310.37 301.8 296.58 299.46 304.27 308.5 294.02 261.13 252.29 242.99 234.3 236.24 252.77 269.32 278.75 299.02 308.7 304.97 297.47 293.68 281.31 268.63 268.7 274.02 277.89 276.51 273.9 272.45 276.52
306.68 310.43 319.91 325.87 324.38 319.43 318.79 316.1 307.21 304.41 293.57 281.09 279.28 272.01 265.72 245.83 215.8 204.21 194.57 188.2 185.23 183.11 180.25 177.2 175.83 176.86 179.93 187.97 201.66 221.73 247.87 256.27 257.29 257.21 257.18 258.33 259.7 262.21 266.45 268.66 275.2 283.75 284.37 301.69 312.13 307.92 298.2 290.09 287.8 286.21 287.29 280.5 265.19 260.61 251.68 242.72 243.46 254.32 265.06 273.08 295.97 311.74 315.11 312.59 307.87 292.07 276.28 275.27 279.25 281.74 278.92 274.02 271.31 275.76
304.98 308.97 319.22 327.44 328.76 325.57 325.15 323.41 316.45 314.1 301.09 283.71 280.29 259.06 231.61 192.6 176.1 169.7 167.71 168.88 169.17 167.67 165.71 165.84 167.08 171.17 177.46 190.5 211.61 235.6 259.24 265.01 261.4 257.74 258.67 262.9 266.18 265.76 264.28 263.02 272.07 284.7 286.58 300.42 310 307.12 300.06 293.15 286.51 277.3 272.38 270.21 265.97 264.75 255.62 246.23 246.06 251.92 256.87 261.65 284.2 307.3 325.17 332.96 327.43 310.52 292.17 287.05 287.3 287.35 283.01 276.06 272.31 276
303.65 307.13 316.26 324.21 325.66 322.48 322.16 321.23 315.93 314.05 299.02 278.19 272.12 242.72 214.24 189.12 176.65 170.78 168.36 168.97 169.17 167.67 165.71 165.68 166.25 170.16 177.02 194.6 226.22 250.87 269.55 272.89 264.96 257.78 259.44 266.93 272.21 268.67 261.67 257.2 270.28 288.84 291.69 304.14 312.69 310.46 306.73 301.88 290.98 271.92 259.49 260.62 265.18 266.89 255.73 244.56 243.7 246.01 246.61 248.41 265.52 284.89 316.31 335.37 332.16 320.09 306.29 298.95 295.93 293.95 288.39 279.3 274.28 277.28
304.44 307.57 315.53 322.74 323.85 320.18 319.02 317.94 314.71 315.86 300.49 271.27 257.34 207.4 181.18 167.06 163.43 160.6 160.23 162.67 164.46 163.9 162.51 162.9 163.08 167.28 175.36 201.38 251.26 268.56 280.03 281.06 268.42 257.33 260.04 271.22 278.52 272.12 260.53 254.55 269.65 289.88 293.61 305.32 313.22 311.43 310.58 309.24 297.02 266.3 245.9 250.05 262.44 267.01 251.96 238.11 237.31 237.37 235.34 236.1 248.89 260.42 299.78 333.18 334.58 328.24 319.28 311.52 306.43 302.67 295.6 283.97 277.35 279.15
307.47 310.48 317.5 323.63 324 319.53 316.9 313.46 309.84 316.38 302.5 225.16 168.11 157.53 150.91 145.21 146.44 146.24 147.38 151.51 155.64 156.88 156.71 157.81 157.31 161.73 171.63 220.1 288.07 288.04 291.19 290.26 272.85 257.45 261.6 276.76 285.68 277.31 263.31 257.63 271.49 288.38 292.26 304.56 312.64 310.67 310.29 312.7 303.61 257.38 230.25 236.95 252.97 258.24 236.62 222.63 224.5 224.68 222.91 225.56 238.06 247.47 284.41 327.04 334.4 334.72 331.14 324.92 319.59 314.64 306.07 292.09 283.47 282.47
308.13 311.03 317.44 322.98 323.23 319.1 316.32 309.03 298.3 303.67 265.68 175.72 151.93 151.62 148.08 142.68 142.47 142.11 142.19 145.14 149.91 152.5 153.5 154.66 152.32 155.21 166.26 305.68 316.15 304.31 299.89 297.3 278.29 260.53 265.51 283.11 292.5 283.84 269.71 263.91 274.98 288.13 291.44 305.32 314.16 311.42 307.51 308.2 300.73 247.61 222.52 228.67 239.15 237.35 219.69 213.85 218.74 218.9 217.38 221.27 233.23 241.69 275.99 322.56 332.86 337.29 336.89 332.03 327.59 322.8 314.38 300.9 291.58 286.81
306.4 309.09 314.99 320.34 321.14 318.3 316.32 304.56 281 273.72 218.01 177.39 160.3 157.25 153.22 146.96 144.55 143.27 141.55 142.1 146.52 150.23 152.31 153.09 147.84 146.29 154.45 339.8 329.64 314.96 305.61 301.64 283.3 265.22 270.39 289.02 298.25 290.21 277.19 271.13 279.11 288.92 291.44 307.22 316.87 313.28 303.96 297.98 288.7 242.46 222.52 225.95 229.64 223.58 216.14 218.72 223.56 220.7 217.38 220.78 230.8 237.26 269.35 319.59 330.94 337.79 338.93 334.59 330.88 326.73 319.25 307.75 299.07 291.14
304.8 308 314.26 320.49 323.41 323.95 325.26 311.22 261.4 233.84 187.78 166.63 153.47 153.48 153.29 150.05 148.27 147.31 144.64 143.26 147.98 154.58 162.34 170.46 179.87 207.38 260.81 317.02 322.63 314.54 305.68 300.48 285.57 272.34 275.38 287.5 293.93 288.33 279.31 274.77 280.2 287.23 288.89 304.09 317.3 318.14 307.47 294.04 279.64 218.24 204.29 206.77 208.15 204.36 202.79 204.06 201.15 196 194.63 198.43 208.14 218.15 264.2 327.69 336.78 343.39 344.9 341.6 338.4 333.87 326.37 316.68 310.56 302.47
302.08 305.8 312.53 320.01 325.6 330.4 336.74 328.05 218.81 192.67 174.17 162.02 150.27 149.64 151.46 151.32 151.24 151.19 148.07 145.04 150.44 160.19 177.08 198.56 228.4 253.77 273.89 304.79 314.77 312.53 307.36 302.08 289.95 279.59 280.53 288.04 292.17 287.02 278.43 274.05 279.27 286.07 287.53 298.22 312.23 319.13 310.85 282.12 213.4 175.67 177.02 180.26 184.06 187.99 189 180.28 166.02 161.03 163.57 166.12 169.05 183.5 274.42 341.72 345.28 349.31 350.29 348.03 345.33 340.56 332.7 323.13 320.12 319.56
297.83 301.11 306.9 313.96 320.21 326.23 333.82 320.97 207.45 189.06 175.11 165.88 155.17 151.35 151.38 151.38 151.38 151.38 146.87 140.47 145.12 154.07 176.87 210.03 242.12 260.15 278.02 305.25 314.47 315.19 313.55 308.81 298.24 288.64 288.02 293.3 296.12 289.73 278.46 272.55 278.82 287 288.79 293.26 301.67 307.39 289.3 235.4 190.5 174.05 175.37 178.83 183.06 187.75 187.84 179.45 167.52 160.47 160.87 162.97 163.5 181.77 309.35 343.06 345.71 349.85 350.9 348.87 346.87 342.92 334.99 322.16 314.67 319.8
292.2 294.67 298.67 303.68 308.49 313.87 321.92 297.98 202.73 182.76 172.91 167.9 160.49 156.22 155.49 156.14 156.81 157.48 153.3 145.72 152.97 167.89 213.82 242.81 259.59 267.09 280.82 301.93 308.96 311.38 312.66 309.37 301.3 293.91 293.11 297.2 299.59 292.65 279.02 271.68 278.49 287.49 289.82 288.32 288.77 290.39 260.28 215.94 193.21 179.81 177.59 177.92 178.25 178.83 177.15 171.59 163.91 157.17 155.99 157.72 153.91 199.26 320.07 337.92 339.88 346.05 348.98 348.4 348.48 346.77 340.87 327.06 312.94 320.95
