core/test/InputMaps/malcataSlope_500.grass
north: 40:14:17.01N
south: 40:12:39.7468N
east: 7:02:14.5154W
west: 7:04:21.43W
rows: 500
cols: 500
[rows 315 to 349 of 500, columns 234 to 311 of 500]
32.86 37.95 33.86 27.89 17.35 10.8 8.66 6.45 5.05 6.64 9.1 12.29 18.67 23.96 26.47 31.13 37.94 42.22 43.98 47.72 52.75 55.19 55.74 53.26 48.46 45.37 43.51 39.82 36.68 36.95 38.37 39.16 39.54 40.19 40.95 40.57 38.72 36.43 34.11 32.41 31.81 31.75 31.75 34.73 38.59 38.29 37.71 40.04 41.91 39.93 38.36 38.08 38.24 37.86 37.68 37.87 38.09 38.09 36.68 29.39 23.93 25.1 23.92 17.65 18.4 20.03 21.96 26.03 29.35 28.75 24.83 20.85 24.51 26.82 28.56 28.75 27.56 25.97
25.39 36.87 35.6 31.56 21.93 16.21 14.72 12.74 11.4 12.61 14.04 16.7 23.21 28.8 31.44 36.13 42.78 47.05 49 52.44 56.6 58.46 58.76 55.67 50.47 47.69 46.33 43.96 42.05 42.24 43.15 43.31 43.01 43.07 43.28 42.05 39.62 37.2 34.83 33.23 32.59 32.05 31.49 33.79 37.06 36.45 35.6 36.82 37.74 36.01 34.66 35.2 36.1 35.73 35.66 36.88 38.01 38.01 36.97 31.65 27.68 28.52 26.5 17.85 17.41 19.66 22.01 26.7 30.87 30.71 27.02 22.86 25.43 25.85 25.68 24.63 23.47 22.46
11.09 29.6 31.9 32.19 28.09 26.1 26.08 25.5 24.6 24.27 23.68 24.52 30.46 36.54 39.62 44.5 51.03 55.44 57.83 60.93 63.81 64.65 64.34 61.03 56.53 55.05 55.03 54.07 52.73 52.21 52.03 51.05 49.58 48.48 47.53 45.22 42.31 39.81 37.39 35.51 34.13 32.46 30.74 31.8 34.21 33.03 31.67 32.42 33.42 32.36 31.59 33.06 34.69 34.41 34.43 36.21 37.81 37.75 36.99 33.31 30.55 31.01 28.29 17.77 15.89 19.34 22.51 27.87 33.13 33.94 31.51 26.92 25.56 22.17 18.87 16.42 15.73 15.91
6.27 20.96 24.66 28.84 30.32 31.03 31.83 32.07 31.35 30.13 28.49 28.39 34.85 41.87 45.07 49.99 56.45 60.88 63.45 66.01 67.6 67.61 66.96 63.81 60.05 59.37 60.11 59.61 58.19 57.17 56.4 54.79 52.68 50.96 49.38 46.61 43.59 41.08 38.63 36.48 34.54 32.23 29.87 30.03 31.79 30.27 28.62 29.43 30.81 30.07 29.58 31.66 33.81 33.6 33.68 35.6 37.28 37.17 36.63 34.25 32.49 32.79 30.02 19.35 16.07 19.93 22.98 27.92 33.71 35.08 33.81 29.14 24.74 19.09 14.32 12.1 12.18 12.92
3.77 12.35 17.91 24.64 29.1 30.85 31.66 32.01 31.39 30.08 28.43 28.29 36.34 44.65 47.66 52.43 58.73 63.03 65.51 67.3 67.64 67.11 66.46 63.64 60.3 59.74 60.47 59.72 57.98 56.89 56.12 54.43 52.25 50.52 48.93 46.2 43.35 40.86 38.4 36.11 33.99 31.63 29.22 28.88 30.19 28.56 26.8 27.75 29.38 28.6 28.1 30.51 33.01 32.8 32.88 34.79 36.47 36.35 36.05 34.89 34.11 34.4 31.9 22.03 18.03 21.54 23.61 27.11 32.82 34.24 33.71 29.69 24.44 18.71 13.62 11.71 12.57 13.28
1.47 5.35 14.04 22.42 28.3 30.69 31.5 31.96 31.46 30.11 28.47 28.2 37.94 47.63 50.46 55.05 61.12 65.26 67.66 68.64 67.69 66.62 65.96 63.46 60.56 60.12 60.85 59.82 57.79 56.62 55.84 54.09 51.87 50.12 48.52 45.88 43.23 40.8 38.33 35.91 33.62 31.21 28.77 27.9 28.71 26.96 25.09 26.12 27.96 27.14 26.62 29.38 32.22 32.01 32.08 33.98 35.66 35.54 35.47 35.53 35.74 36.01 33.79 24.83 20.64 23.77 24.8 26.51 32 33.45 33.62 30.62 25.48 20.04 14.24 11.4 13 13.69
3.88 9.78 15.87 21.6 25.7 28.05 28.99 29.75 29.97 29.72 29.32 29.92 40.96 51.23 53.32 57.14 62.58 66.26 68.26 68.14 65.92 64.6 64.28 62.18 59.42 58.65 58.89 57.15 54.57 53.28 52.5 50.68 48.48 46.85 45.37 43.05 41.12 39.4 37.63 35.7 33.67 31.51 29.32 28.17 28.61 26.92 25.11 25.95 27.54 26.44 25.67 28.41 31.32 30.94 30.9 32.84 34.6 34.5 34.65 35.83 36.84 36.94 34.81 26.45 21.79 24.38 24.04 23.38 28.84 30.29 31.1 29.74 26.11 21.94 15.84 11.53 13.7 14.27
17.87 19.83 20.07 19.57 18.94 20.41 21.76 23.23 25.3 28.24 31.53 35.41 46.52 55.12 55.3 57.43 61.81 64.65 65.68 64.22 60.94 59.93 60.56 58.82 55.36 53.29 52.14 48.97 45.41 43.91 43.15 41.22 39.08 37.79 36.73 35.15 34.82 35.11 35.38 35.21 34.32 33 31.63 30.85 31.41 30.32 29.08 29.36 29.63 27.65 26.01 27.67 29.74 28.78 28.47 30.88 33.18 33.18 33.61 35.59 37.2 37.26 35.55 28.59 23.39 24.2 20.97 14.99 21.09 22.45 23.94 25.02 24.45 22.68 17.37 12.45 14.82 15.04
27.16 25.04 21.14 17.21 14.48 15.22 16.85 18.78 22.26 27.52 33.23 39.68 50.1 56.43 55.29 56.58 60.93 63.61 64.09 62.05 58.47 57.74 58.93 56.81 52.12 48.95 46.89 43.09 39.23 37.67 36.93 34.91 32.81 31.76 30.96 29.96 30.58 32.15 33.79 34.86 34.79 34.04 33.22 32.75 33.5 32.86 32.09 31.82 30.78 28.08 25.67 25.99 26.87 25.34 24.9 28.4 31.72 31.86 32.48 34.86 36.87 37.28 36.75 33.04 29.39 28.83 23.21 9.95 15.85 17.11 19.11 22.04 23.47 22.95 18.14 13.09 15.46 15.46
27.24 24.18 20.11 16.41 14.46 15.09 16.73 18.81 23.04 28.8 34.3 41.06 50.36 55.27 54.11 55.8 61.09 64.28 64.75 62.88 59.55 58.9 60.06 57.03 51.2 47.67 45.55 42.12 38.76 37.33 36.58 34.62 32.61 31.58 30.78 29.99 30.55 32.08 33.73 34.84 34.82 34.08 33.26 32.64 33.23 32.57 31.8 30.95 29.12 26.25 23.61 23.13 23.25 21.46 21.01 25.68 30.08 30.23 30.86 33.25 35.28 35.7 36.09 35.91 35.05 34.58 28.19 11.22 14.81 16.16 18.4 22.09 24.11 23.6 18.57 13.08 15.46 15.46
27.5 24 19.89 16.22 14.44 15.14 16.78 19.14 24.62 31.12 36.27 42.8 50.63 54.14 52.95 55.04 61.26 64.95 65.42 63.71 60.64 60.08 61.22 57.26 50.31 46.49 44.31 41.22 38.32 37.01 36.25 34.35 32.43 31.42 30.61 30.01 30.6 32.11 33.75 34.83 34.86 34.13 33.32 32.54 32.98 32.31 31.53 30.21 27.75 24.72 21.85 20.55 19.82 17.69 17.14 22.97 28.44 28.6 29.24 31.64 33.68 34.13 35.43 38.79 40.73 40.33 33.2 13.09 13.89 15.32 17.74 22.13 24.75 24.26 19.01 13.06 15.46 15.46
25.92 22.97 19.62 16.38 14.58 15.54 17.09 19.7 26.34 33.11 37.14 42.46 48.46 50.79 49.67 52.33 59.7 63.95 64.35 62.69 59.73 59.16 60.23 55.19 47.12 43.38 41.64 39.23 37 36.01 35.45 33.78 32.1 31.26 30.6 30.25 30.92 32.36 33.93 34.85 34.92 34.21 33.39 32.43 32.6 31.77 30.84 29.12 26.4 23.46 20.61 18.84 17.57 15.22 14.27 20.48 26.59 26.63 27.23 29.69 31.76 32.14 34.25 41.12 45.89 45.6 37.68 14.22 11.5 13.17 15.96 21.39 24.97 24.83 19.85 13.79 15.56 15.06
15.51 15.52 15.75 15.47 15.37 16.89 18.02 20.14 25.88 30.42 30.7 32.68 36.9 39.03 38.47 42.76 52.39 57.42 57.52 55.54 52.14 51.09 51.77 44.74 34.48 31.85 32.61 32.36 31.75 31.99 32.56 31.85 31.05 31.05 31.19 31.51 32.28 33.38 34.53 34.99 35 34.31 33.49 32.18 31.5 29.86 28.14 26 23.89 22.1 20.38 19.94 20.57 20.37 20.55 24.01 27.21 25.67 25.14 27.5 29.69 29.65 31.96 41.02 47.76 47.79 39.74 14.42 3.02 4.62 8.93 16.95 22.7 24.55 22.45 17.9 16.1 12.57
7.25 8.65 11.57 14.05 16.1 18.01 18.8 20.26 24.01 26.16 24.44 25.49 30.38 33.31 33.19 38.6 49.6 55.11 55.11 53.29 50.11 48.84 49.06 40.91 28.58 25.67 27.73 28.35 28.32 29.32 30.76 30.62 30.34 30.98 31.79 32.6 33.41 34.22 35.03 35.11 35.09 34.42 33.61 32 30.45 28.11 25.7 23.46 22.05 21.24 20.53 21.7 24.79 27 29.25 31.26 30.61 27.01 24.72 27.06 29.95 29.73 31.49 39.15 44.97 45.21 38.92 18.68 7.54 3.47 2.4 11.28 18.21 22.21 23.99 21.52 16.39 9.83
5.6 7.45 10.7 13.71 16.38 18.26 19.04 20.28 22.69 23.54 21.61 22.92 28.9 32.5 32.38 37.99 49.39 55.11 55.11 53.76 51.39 50.47 50.68 43.01 31.31 28.4 30.27 30.21 29.41 30.17 31.57 31.12 30.55 31.13 31.93 32.74 33.55 34.36 35.17 35.11 35.2 34.55 33.75 32.04 30.12 27.72 25.28 23.2 21.95 21.13 20.42 22.04 26.01 28.13 30.11 30.42 27.72 23.68 21.12 24.79 29.17 28.93 30.18 35.78 40.05 40.31 35.53 19.55 8.88 5.82 2.33 7.25 14.12 19 22.76 22.24 17.39 11.42
4.61 7.6 10.8 13.98 16.81 18.55 19.32 20.3 21.48 21.1 18.92 20.4 27.43 31.69 31.56 37.38 49.19 55.11 55.11 54.22 52.66 52.1 52.31 45.12 34.09 31.23 32.94 32.2 30.57 31.09 32.45 31.68 30.78 31.3 32.1 32.9 33.71 34.51 35.31 35.12 35.31 34.71 33.9 32.17 29.99 27.56 25.1 23.07 21.87 21.05 20.33 22.42 27.4 29.42 31.08 29.66 25.46 20.99 17.95 22.56 28.39 28.15 28.87 32.41 35.12 35.43 32.17 20.44 11.59 9.46 6.64 5.73 11.54 17.17 21.89 23.38 20.55 15.83
4.74 9.01 11.79 14.73 17.29 18.76 19.51 20.22 20.31 18.89 16.47 17.99 25.98 30.89 30.75 36.76 48.97 55.1 55.1 54.66 53.91 53.7 53.89 47.16 36.78 33.99 35.52 34.03 31.51 31.75 33.07 31.96 30.72 31.2 32.04 32.87 33.71 34.54 35.37 35.03 35.37 34.83 34.05 32.37 30.07 27.63 25.19 23.09 21.9 21.11 20.41 22.95 28.98 30.84 32.07 28.88 23.93 19.16 15.46 20.39 27.6 27.35 27.55 29.06 30.23 30.56 28.81 21.26 14.85 13.32 11.04 8.28 11.5 17 21.13 24.6 24.89 21.27
6.24 10.31 11.44 12.7 13.97 14.92 15.6 16.23 16.46 15.94 15 17.33 25.51 30.45 30.15 36.05 48.3 54.44 54.38 54.31 54.22 54.18 54.18 47.57 37.02 33.14 33.29 29.59 24.42 23.45 24.36 21.78 19.41 20.8 23.06 25.26 27.31 29.29 31.28 31.58 32.96 33.28 33.3 32.44 30.67 28.66 26.64 24.97 24.74 25.19 25.64 27.95 32.22 31.84 30.62 24.61 19.99 16.33 13.1 18.18 26.46 26.1 25.96 26.36 26.65 26.6 25.16 20.29 16.82 17.26 16.4 13.16 11.74 11.98 10.48 18.01 24.57 23.93
7.67 10.65 10.65 10.79 11.33 11.98 12.51 13.08 13.67 14.28 14.91 18.11 25.61 29.87 29.33 34.83 46.64 52.57 52.49 52.77 53.31 53.65 53.85 48.06 38.7 35.22 35.22 31.74 26.45 24.33 23.89 19.55 14.4 14.57 16.98 19.6 22.26 25.09 28.03 28.35 30.43 31.58 32.37 32.43 31.33 29.74 28.13 26.77 27.57 29.21 30.8 32.63 33.88 31.13 27.71 20.27 16.81 14.38 11.73 16.23 24.94 24.48 24.36 25.02 25.6 25.6 24.83 22.56 21.66 23.02 21.67 15.62 9.96 5.59 2.81 16.92 24.64 24.58
8.52 10.65 10.65 10.9 11.76 12.63 13.14 13.67 14.24 14.83 15.44 18.32 24.77 28.34 27.77 33.02 44.39 50.11 50.03 50.54 51.49 52.02 52.23 46.95 38.4 35.22 35.22 32.55 28.44 26.73 26.33 22.63 18.22 18.26 20.23 22.17 24.23 26.8 29.57 28.69 30.24 31.39 32.19 32.5 31.66 30.11 28.52 26.77 27.72 29.35 30.94 32.33 32.27 29.38 25.92 19.57 17.35 15.01 11.97 14.68 23.39 22.89 22.95 24.41 25.6 25.6 25.35 24.68 24.77 25.96 23.05 14.43 9.48 4.68 6.46 17.69 23.82 23.76
9.45 10.65 10.65 11 12.21 13.3 13.78 14.29 14.83 15.4 15.99 18.53 23.95 26.83 26.22 31.22 42.15 47.65 47.57 48.31 49.67 50.39 50.6 45.84 38.1 35.22 35.22 33.37 30.45 29.15 28.78 25.71 22.08 22.09 23.75 25.04 26.47 28.78 31.38 29.19 30.08 31.22 32.03 32.58 32.07 30.56 29 26.77 27.96 29.58 31.15 32.06 30.94 27.9 24.43 19.27 18.21 15.99 12.66 13.24 21.84 21.32 21.55 23.81 25.6 25.6 25.87 26.81 27.91 28.97 24.47 13.57 11.36 7.82 10.11 18.45 23 22.94
10.45 10.65 10.65 11.1 12.65 13.98 14.44 14.93 15.45 15.99 16.56 18.74 23.13 25.33 24.69 29.43 39.91 45.19 45.1 46.08 47.86 48.75 48.98 44.73 37.8 35.22 35.22 34.18 32.46 31.57 31.23 28.79 25.94 26.01 27.43 28.13 28.94 30.98 33.41 29.85 29.95 31.07 31.88 32.66 32.55 31.1 29.55 26.77 28.3 29.9 31.43 31.82 29.9 26.75 23.29 19.38 19.35 17.28 13.73 11.96 20.32 19.75 20.15 23.21 25.6 25.6 26.38 28.94 31.09 32.04 25.93 13.1 14.72 12.2 13.75 19.22 22.18 22.12
12 11.13 10.89 11.17 12.71 13.9 13.95 14.1 14.46 14.92 15.38 17.55 21.99 24.54 24.61 29.35 39.01 43.75 43.46 44.19 45.73 46.41 46.46 42.59 36.37 34.15 34.3 34.12 33.68 33.42 33.28 31.57 29.24 28.56 28.69 27.71 26.85 27.82 29.42 22.27 20.96 23.11 24.98 27.05 28.39 27.7 26.85 23.28 23.66 23.18 22.65 21.41 19.41 17.29 14.95 13.56 16.85 17.15 15.82 14.42 20.9 20.01 20.08 23.01 25.32 25.04 26.11 29.99 32.76 32.97 24.28 6.01 15.71 15.26 16.49 19.28 20.74 20.78
12.93 11.51 10.95 10.92 12.2 13.15 12.86 12.92 13.61 14.24 14.53 16.93 22.13 25.5 26.44 31.32 39.91 44 43.71 43.88 44.32 44.19 43.8 40.12 34.51 32.52 32.71 32.93 33.19 33.53 33.92 33.7 32.88 32.24 31.79 30.29 28.6 28.27 28.57 17.02 10.68 13.86 16.97 20.4 23.56 23.69 23.57 19.42 17.7 14.9 12.19 9.63 7.95 7.09 5.97 6.73 12.27 15.04 16.87 18.28 22.87 21.69 21.19 22.82 23.97 23.06 24.24 29.41 33.01 33.03 23.56 2.49 16.94 16.99 17.3 17.87 18.27 18.75
12.26 11.1 10.47 10.34 11.52 12.39 12.06 12.37 13.8 14.89 15.15 17.86 23.83 27.64 28.63 32.9 40.09 43.43 43.16 42.69 41.91 41.16 40.66 37.43 32.6 30.9 31.09 31.36 31.71 32.14 32.65 33.68 34.44 34.21 33.76 32.86 31.86 31.54 31.66 19.5 10.06 12.78 16.04 19.09 22.91 23.19 23.17 19.27 16.27 13.03 9.85 7.43 6.21 5.48 4.66 5.12 9.33 12.99 16.13 18.98 22.28 21.01 20.22 20.89 21.17 20.02 21.47 27.87 32.34 32.38 23.07 3.54 17.23 17.23 16.75 15.6 15.09 15.76
11.46 10.61 9.95 9.76 10.84 11.66 11.3 11.88 14.1 15.67 15.92 18.97 25.73 29.95 30.86 34.38 40.09 42.66 42.38 41.25 39.26 37.94 37.4 34.66 30.65 29.27 29.46 29.75 30.12 30.57 31.11 33.3 35.6 35.78 35.36 35.13 34.98 34.83 34.93 22.65 11.68 13.66 16.75 18.71 22.86 23.19 23.17 19.78 16.13 12.85 9.61 7.01 5.9 5.12 4.44 4.85 7.93 12.01 15.81 19.21 21.29 19.97 18.94 18.74 18.23 16.89 18.6 26.21 31.52 31.56 22.41 3.67 17.23 17.23 16.03 13.24 11.83 12.68
10.78 10.16 9.47 9.21 10.18 10.94 10.56 11.4 14.4 16.46 16.7 20.09 27.64 32.29 33.13 35.88 40.09 41.9 41.61 39.81 36.63 34.73 34.14 31.89 28.7 27.63 27.84 28.14 28.53 29.01 29.58 32.92 36.77 37.36 36.95 37.41 38.09 38.11 38.21 25.82 13.9 15.22 18.04 18.49 22.81 23.19 23.17 20.4 16.65 13.5 10.4 7.13 5.69 4.88 4.28 5.34 8.5 12.4 16.28 19.47 20.39 19.01 17.75 16.75 15.44 13.83 15.74 24.55 30.7 30.74 21.75 3.82 17.23 17.23 15.31 10.88 8.58 9.72
11.38 11.19 10.72 10.56 11.35 11.99 11.64 12.56 15.97 18.44 18.81 22.35 30.18 34.92 35.51 37.3 40.03 41.13 40.84 38.44 34.19 31.8 31.15 29.19 26.53 25.68 25.99 26.6 27.29 27.83 28.34 32.4 37.6 39.16 39.55 41.45 43.17 42.81 42.14 29.1 14.2 12.31 13.48 9.44 16.28 18.33 19.95 19.55 17.56 15.64 13.69 10.84 10.03 10.09 10.22 11.17 12.89 13.94 15.06 16.3 16.73 16.11 15.55 15.17 14.61 13.78 15.43 23.41 29.19 28.99 20.44 2.67 15.9 15.99 14.17 10.35 9.54 11.02
12.71 13.05 12.95 13.07 13.91 14.61 14.51 15.54 18.99 21.63 22.12 25.44 32.71 36.99 37.14 38.09 39.74 40.37 40.07 37.17 32.07 29.3 28.63 26.61 23.87 23.03 23.52 24.89 26.42 27.12 27.51 31.13 36.44 39.58 42.29 47.54 51.77 51.65 50.66 39.55 26.74 21.96 19.01 6.08 7.65 10.62 14.28 17.34 18.13 17.72 17.18 15.6 16.23 17.52 18.69 18.88 17.28 14.49 12.09 11.78 12.79 13.13 13.64 14.79 16.21 17.49 19.81 24.53 27.07 25.64 18.01 0.82 12.91 15.05 16.8 16.94 16.65 16.42
13.17 13.61 13.61 13.83 14.71 15.46 15.46 16.6 20.28 23.11 23.62 26.76 33.57 37.52 37.52 38.11 39.23 39.6 39.3 35.96 30.09 26.97 26.25 23.97 20.84 19.87 20.48 22.76 25.41 26.42 26.78 29 32.8 36.41 40.29 48.19 55.2 55.67 54.73 45.25 33.85 29.05 25.82 12.61 2.33 5.48 10.82 15.78 18.25 18.25 18.1 16.84 18.14 19.76 21.19 20.95 18.05 13.96 10.26 9.99 12.37 12.88 13.76 15.77 18.02 19.85 21.96 23.72 23.02 20.67 14.71 1.43 8.49 12.62 16.88 19.1 19.07 18.28
13.24 13.61 13.61 13.83 14.71 15.46 15.46 16.7 20.71 23.77 24.26 27.28 33.78 37.52 37.52 37.93 38.67 38.85 38.54 34.77 28.16 24.67 23.87 21.3 17.71 16.61 17.33 20.51 24.31 25.68 26.04 26.67 28.59 32.16 36.5 46.23 55.96 57.01 56.09 47.98 37.93 33.71 30.97 17.72 3.82 5.52 10.83 15 18.25 18.25 18.08 16.73 18.47 20.06 21.39 20.85 18.19 14.14 10.12 9.28 13.03 13.52 14.54 17.18 19.83 21.51 22.7 21.65 18.33 15.27 11.18 3.5 4.89 10.54 15.67 18.81 19.33 18.55
13.33 13.61 13.61 13.83 14.71 15.46 15.46 16.79 21.14 24.43 24.91 27.81 33.98 37.52 37.52 37.74 38.11 38.09 37.77 33.58 26.24 22.4 21.51 18.63 14.59 13.36 14.25 18.31 23.22 24.94 25.32 24.41 24.74 28.45 33.27 44.36 56.73 58.37 57.47 50.8 42.34 38.66 36.3 23.13 9.47 9.85 13.54 14.74 18.25 18.25 18.05 16.67 18.93 20.49 21.67 20.88 19.23 15.46 11.21 8.67 13.71 14.18 15.35 18.67 21.77 23.31 23.48 19.81 14.42 10.25 7.67 5.66 6.47 11.36 15.59 18.57 19.62 18.86
11.1 11.67 12.1 12.85 14.56 16.28 17.25 19.37 23.86 27.02 27.4 29.92 35.4 38.51 38.4 38.36 38.33 38.1 37.74 33.31 25.74 21.92 21 17.87 13.24 10.85 10.29 14.09 19.77 21.75 22.15 19.57 17.48 19.84 23.51 36.08 52.34 54.69 53.76 47.92 41.29 39.69 39.05 27.04 14.77 15.5 18.01 15.19 18.1 17.9 17.46 15.74 18.42 19.71 20.55 20.08 21.34 19.95 17.68 15.36 19.04 19.15 19.94 23.05 26.02 27.05 26.1 21.18 16.76 13.19 10.71 11.6 14.31 16.94 17.95 18.9 20.19 19.65
7.69 8.77 9.82 11.52 14.91 18.42 21.06 24.51 28.91 31.4 31.53 33.44 37.9 40.37 40.01 39.67 39.32 38.92 38.5 34.2 27.27 24.28 23.9 21.48 17.94 15.96 14.81 16.06 19.34 19.93 19.3 15.11 9.99 9.29 10.18 27.73 49.88 53.91 54.06 48.36 41.67 40.74 40.62 30.2 20.01 20.64 22.06 15.92 17.95 17.4 16.57 14.1 17.16 18.03 18.45 18.43 22.75 25.48 27.51 28.35 30.16 29.14 28.67 30.27 32.01 31.94 30.06 25.77 24.54 24.57 24.62 24.94 24.78 23.59 21.07 19.76 20.89 20.73
7.37 8.61 9.7 11.9 16.62 21.19 24.28 27.98 31.7 33.42 33.42 34.99 38.82 40.87 40.38 39.9 39.43 38.98 38.53 34.48 28.18 25.75 25.75 23.75 20.85 19.44 18.68 18.99 20.07 19.23 17.63 13.48 8.73 7.4 7.25 28.12 53.9 59.16 60.1 52.58 43.19 41.21 40.4 31.46 23.02 23.37 24.27 16.28 18.18 17.49 16.47 13.39 16.9 17.58 17.89 17.76 22.3 27.13 31.47 34.16 35.1 33.53 32.44 33.28 34.39 33.73 31.65 28.11 28.15 29.79 31.05 30.91 28.81 25.65 21.96 20.26 21.17 21.17
