core/test/InputMaps/malcataSlope_500.grass
north: 40:14:17.01N
south: 40:12:39.7468N
east: 7:02:14.5154W
west: 7:04:21.43W
rows: 500
cols: 500
[rows 175 to 209 of 500, columns 156 to 233 of 500]
33.41 31.88 30.45 30.24 31.81 34.03 35.81 34.09 30.1 25.18 20.45 17.51 16.77 15.4 13.08 11.67 16.6 19.41 21.35 20.49 17.32 13.22 9.99 11.5 14.25 14.25 13.45 11.64 10.65 10.65 11.5 13.3 14.25 14.25 17.28 22.9 25.3 25.1 25.99 27.58 28.39 28.84 27.55 25.89 26.72 28.72 35.96 44.1 44.86 43.59 45.29 47.96 48.5 48.53 50.72 53.19 53.52 53.64 47.53 40.86 40.31 40.22 39.47 38.9 39.68 41.1 40.42 38.54 37.82 37.15 36.54 36.58 37.28 38.89 44.32 48.71 49.06 48.25
34.1 32.59 31.15 30.01 30.79 33.08 35.09 34.46 30.69 25.88 21.38 18.7 17.69 16.4 13.65 12.04 18.63 21.18 22.26 20.25 17.54 13.51 9.45 10.51 14.25 14.25 13.45 11.64 10.65 10.65 11.5 13.3 14.25 14.25 16.85 21.66 23.68 23.47 25.62 29.26 30.83 31.25 30.15 28.72 29.48 31.3 35.89 39.94 39.38 37.93 41.53 46.66 47.68 47.71 51.33 55.44 55.99 56.1 48.46 40.15 39.49 39.4 36.2 33.18 34.08 35.94 38.78 40.01 39.31 38.48 36.36 35.09 35.81 37.51 43.28 47.97 48.32 47.61
34.84 33.37 31.89 29.55 28.58 29.36 30.02 29.63 27.43 24.41 21.63 19.96 19.38 18.94 16.78 15.05 20.62 21.01 19.34 15.35 15.21 13.7 11.14 11.89 15.64 15.48 14.59 12.78 11.71 11.52 12.16 13.85 14.77 14.77 17.07 21.37 23.24 23.09 25.94 30.76 32.69 32.8 31.79 30.59 31.07 32.41 34.67 36.02 35.21 34.04 38.75 45.29 46.49 46.43 51 56.27 56.97 56.99 48.26 38.99 38.54 38.77 34.46 30.9 32.62 34.86 39.95 43.59 43.17 42.44 39.5 37.2 37.36 38.43 43.69 48.13 48.26 47.38
35.64 34.2 32.71 29.38 26.34 24.84 23.43 22.64 22.21 21.52 20.87 20.45 20.81 21.73 21.11 19.1 20.64 18.02 13.82 8.12 10.76 12.55 13.22 15.29 18.2 17.69 16.57 14.68 13.41 12.86 13.18 14.73 15.66 15.66 18.02 22.62 25.01 25.5 28.14 31.77 32.67 32.06 31.75 31.86 32.39 33.18 33.78 33.89 33.79 33.68 38.41 44.27 44.94 44.5 48.55 53.54 54.62 55.53 48.79 41.87 42.46 43.63 40.59 37.65 38.35 39.28 43.87 48.28 48.54 48.49 46.16 43.43 42.23 41.93 45.76 49.32 49.06 47.77
36.49 35.1 33.63 30.11 26.45 24.31 22.3 20.95 20.56 20.56 20.47 20.13 20.66 22.11 22.37 20.27 18.69 14.51 10.07 5.76 8.09 11.21 13.71 16.66 18.83 18.19 16.98 15.08 13.74 13.04 13.28 14.94 15.98 15.98 18.67 23.97 26.86 27.65 29.29 30.74 30.4 29.38 30.67 33.32 34.53 35.14 34.84 34.11 34.16 34.52 38.21 42.27 42.35 41.67 44.33 47.92 49.16 50.78 46.74 42.5 43.66 45.25 43.46 41.12 41.12 41.33 45.24 49.51 50.07 50.43 49.21 47.05 45.37 44.52 47.43 50.29 49.89 48.32
37.39 36.04 34.62 31.26 27.71 25.67 23.69 21.63 20.56 20.56 20.38 19.61 19.92 21.43 22.09 20.22 16.95 12.2 7.99 5.86 7.52 10.8 13.88 16.86 18.35 17.69 16.49 14.64 13.33 12.61 12.89 14.79 15.98 15.98 19.05 25.12 28.33 29.08 29.39 28.66 27.35 26.22 29.36 34.84 36.94 37.51 36.59 35.06 34.91 35.26 37.45 39.54 39.17 38.44 39.63 41.58 42.72 44.58 42.65 40.42 41.77 43.43 42.62 41.12 41.12 41.32 44.94 48.91 49.47 49.98 49.94 48.85 47.23 46.34 48.68 51 50.61 48.86
38.35 37.04 35.66 32.49 29.12 27.19 25.22 22.34 20.56 20.56 20.29 19.13 19.29 20.84 21.84 20.46 16.56 11.65 7.3 5.98 8.32 11.37 14.49 17.08 17.89 17.21 16.02 14.24 12.96 12.22 12.52 14.63 15.98 15.98 19.44 26.28 29.82 30.53 29.5 26.62 24.37 23.1 28.05 36.37 39.36 39.89 38.34 36.01 35.66 36 36.69 36.83 36.01 35.21 34.93 35.24 36.33 38.5 38.68 38.41 39.94 41.67 41.8 41.12 41.12 41.3 44.64 48.31 48.87 49.53 50.69 50.7 49.14 48.21 49.95 51.72 51.33 49.41
37.89 37.44 36.9 34.75 32.15 30.56 28.8 25.37 22.71 22.03 21.01 18.87 18.58 19.96 21.06 20.65 18.09 14.63 10.96 9 11.21 12.59 14.06 15.25 15.38 14.72 13.49 11.53 10.06 9.15 9.62 12.47 14.22 14.22 18.37 26.21 29.99 30.43 27.96 23.31 20.84 20.04 26.71 37.22 40.69 40.82 38.29 34.84 33.98 34.03 33.26 32.08 31.57 31.45 30.69 30.47 32.13 34.66 36.42 37.5 38.94 40.45 41.14 40.92 40.59 40.44 43.27 46.37 46.49 46.86 48.95 50.34 49.4 48.93 50.54 52.13 52.04 50.27
35.46 36.57 37.63 37.51 36.4 35.42 34.19 30.94 27.48 25.42 22.98 19.02 17.81 18.8 19.77 20.49 20.28 19.18 17.24 14.9 14.55 13.04 11.84 11.4 11.15 10.6 9.25 6.76 4.84 3.91 5.67 10.31 12.7 12.7 17.49 26.12 29.99 30.06 26.43 20.5 18.22 18.19 25.55 36.47 39.95 39.99 37.43 34 33.26 33.46 32.29 30.99 31.36 32.19 31.77 31.61 33.18 35.1 36.87 38.13 39.08 40.02 40.89 40.81 39.88 39.13 41.38 43.81 43.19 42.94 45.28 47.64 47.65 47.99 49.88 51.68 52.19 51.08
33.11 35.04 36.99 38.47 38.63 37.96 37.09 34.42 30.97 28.33 25.11 19.39 17.39 18.2 19.08 20.28 21.17 21.17 20.27 17.84 15.52 12.34 9.72 8.92 8.99 8.52 7.05 4.1 1.96 1.91 4.96 10.37 13.1 13.1 18.01 26.96 30.93 30.89 26.95 20.6 18.22 18.3 24.81 34.31 37.44 37.78 36.17 33.92 33.8 34.45 33.64 32.64 33.21 34.19 33.81 33.42 34.44 35.68 37.17 38.38 39.05 39.7 41.02 41.46 40.27 39.28 41.37 43.62 42.74 42.18 43.85 45.84 46.21 46.85 48.69 50.47 51.29 50.79
31.54 33.57 35.64 38.05 39.11 38.45 37.67 35.72 32.95 30.49 27.11 19.81 17.27 18.09 18.95 20.18 21.17 21.17 20.44 18.05 15.12 11.84 8.88 7.92 8.34 7.84 6.21 3.07 0.89 0.76 3.89 9.97 13.1 13.1 18.24 27.6 31.75 31.71 27.77 21.42 19.04 19.11 24.24 31.68 34.16 34.54 33.57 32.17 32.28 32.96 32.2 31.27 31.89 32.9 32.6 32.3 33.37 34.65 36.38 37.85 38.55 39.21 41.28 42.58 41.42 40.47 42.66 45 44.14 43.49 44.08 45.1 45.48 46.06 47.54 49.04 49.89 49.76
30.09 32.23 34.41 37.64 39.61 38.96 38.27 37.11 35.13 32.83 29.26 20.25 17.19 18.01 18.86 20.09 21.17 21.17 20.62 18.51 15.43 12.22 8.9 7.15 7.73 7.19 5.43 2.46 1.77 1.71 2.95 9.57 13.1 13.1 18.46 28.23 32.57 32.53 28.59 22.24 19.86 19.93 23.66 29.05 30.88 31.3 31 30.43 30.78 31.48 30.78 29.92 30.59 31.64 31.43 31.23 32.34 33.66 35.63 37.33 38.06 38.73 41.54 43.73 42.61 41.69 43.98 46.39 45.56 44.8 44.32 44.37 44.75 45.28 46.41 47.63 48.5 48.74
26.57 28.35 30.21 34.11 37.37 37.3 37.28 37.58 37.21 35.87 32.91 23.71 20.66 21.04 21.44 22.27 23.15 23.02 22.56 21.03 18.62 16.09 13.01 10.41 10.09 9.11 7.37 5.63 5.29 4.34 2.28 8.79 12.68 12.67 18.31 28.52 33.06 33.07 29.23 23.05 20.75 20.86 23.22 26.54 27.6 27.88 28.01 28.09 28.62 29.36 28.74 27.87 28.37 29.22 28.77 28.48 29.69 31.14 33.38 34.99 34.95 34.79 37.98 41.29 40.58 40.07 42.99 45.91 45.39 44.77 43.37 42.64 43.27 44.02 45.13 46.17 46.89 47.31
19.6 20.25 21.04 25.45 30.31 31.58 33.05 35.59 37.91 39.15 38.83 32.97 30.53 29.68 28.89 28.7 28.88 28.35 27.74 26.87 25.84 24.84 23.17 20.97 19.41 17.51 15.6 14.58 14.67 14.69 14.22 16.21 18.22 17.82 21.66 30.14 33.94 33.56 29.85 24.22 22.17 22.25 23.35 24.7 24.84 24.65 24.66 24.88 25.36 26.05 25.68 24.87 24.93 25.2 23.72 22.71 24.02 25.7 28.85 30.64 29.04 27.4 30.61 34.76 34.79 35.03 39.1 42.96 42.96 42.66 40.26 38.74 39.95 41.47 43.54 44.86 45.14 45.46
15.95 15.98 16.17 20.09 24.73 26.62 28.91 32.51 36.32 39.49 41.55 38.97 36.93 35.29 33.77 33 32.75 31.96 31.19 30.55 30.31 30.31 29.65 27.88 25.75 23.29 21.16 20.32 20.81 21.62 22.02 23.38 24.34 23.62 25.79 31.79 34.26 33.22 29.75 25.01 23.28 23.28 23.39 23.27 22.75 22.27 22.07 22.13 22.47 23.07 23.39 23.31 23.28 23.28 20.59 18.45 19.73 21.59 26.76 31.05 29.54 28.28 30.32 32.75 32.79 33.09 37.38 41.42 41.51 41.1 37.15 34.36 35.9 38.17 41.94 44.31 44.31 44.78
16 15.98 16.11 18.64 22.02 24.13 26.58 30.01 33.74 37.13 39.75 38.77 37.07 35.44 33.95 33.25 33 32.22 31.41 30.64 30.31 30.31 29.76 28.06 25.78 23.32 21.23 20.33 20.7 21.52 22.03 23.25 23.96 23.23 24.98 30.08 32.09 30.97 28.17 24.58 23.28 23.28 22.62 21.33 20.37 19.84 19.6 19.68 20.06 20.73 22.03 23.09 23.28 23.28 19.67 16.76 18.13 20.13 27.52 35.25 34.22 33.14 32.38 31.94 31.97 32.27 36.56 40.6 40.69 40.09 34.54 30.5 32.22 34.99 40.52 44.31 44.31 45.22
16.04 15.98 16.04 17.26 19.48 21.84 24.47 27.8 31.49 35.1 38.21 38.58 37.28 35.65 34.2 33.54 33.26 32.49 31.64 30.72 30.31 30.31 29.87 28.33 26.05 23.62 21.44 20.34 20.63 21.45 22.05 23.12 23.6 22.86 24.2 28.42 29.96 28.75 26.61 24.15 23.28 23.28 21.86 19.42 18.01 17.41 17.14 17.23 17.66 18.42 20.69 22.88 23.28 23.28 18.76 15.23 16.73 18.88 28.28 39.55 38.97 38.02 34.44 31.13 31.15 31.45 35.74 39.78 39.88 39.08 31.95 26.72 28.67 31.93 39.12 44.31 44.31 45.66
19.1 18.9 18.78 18.79 20.05 22.4 24.89 27.76 31.02 34.38 37.42 38.45 37.29 35.44 33.79 33.07 32.88 32.35 31.66 30.7 30.12 29.97 29.5 28.14 26.01 23.71 21.4 19.89 19.91 20.48 20.94 21.78 22.08 21.33 22.48 26.27 27.69 26.65 25.25 23.88 23.42 23.42 21.28 17.81 15.98 15.25 14.8 14.7 15.04 15.77 18.91 22.24 22.97 23.11 17.95 13.92 15.15 16.95 28.26 43.3 43.35 42.61 36.38 30.38 30.43 30.77 35.14 39.24 39.31 38.28 29.52 23.02 25 28.49 37.09 43.67 43.71 45.56
38.35 37.39 36.45 35.25 34.75 35.06 35.39 35.93 36.84 37.95 38.88 38.61 36.46 33.46 30.79 29.54 29.79 30.4 30.73 30.24 29.27 28.34 27.29 25.88 24.12 22.29 19.97 17.63 16.54 15.88 15.25 15.63 15.97 15.27 17.18 22.49 25.17 25.17 24.85 24.35 24.15 24.15 21.59 17.66 15.79 14.98 13.98 12.9 12.3 12.24 15.64 19.87 21.2 21.97 17.47 12.96 12.14 11.71 25.76 44.26 45.44 45.35 37.93 30.72 30.93 31.45 36.19 40.45 40.18 38.66 28.01 19.55 20.6 23.3 32.9 40.8 40.99 43.45
55.32 53.74 52.13 49.99 47.92 46.32 44.73 43.27 42.19 41.39 40.53 39.21 36.51 32.73 29.19 26.83 26.9 28.42 29.69 29.95 28.91 27.38 25.87 24.38 22.91 21.46 19.15 16.07 13.96 12.34 10.64 10.68 11.3 10.7 13.83 21.09 24.83 25.47 25.55 25.04 24.8 24.8 22.04 18.06 16.45 15.88 14.59 12.65 11.14 10.17 12.76 16.71 18.21 19.53 17.09 13.19 11 9.28 24.6 42.75 44.33 44.84 38.26 31.8 32.14 32.82 38.37 43.23 42.52 40.47 27.93 17.57 17.93 20.05 30.14 38.61 38.85 41.5
55.76 54.21 52.62 50.42 48.31 46.72 45.13 43.55 42.38 41.59 40.82 40.12 38.21 34.61 30.87 27.07 26.29 27.84 29.3 30.12 29.54 28.05 26.58 25.13 23.7 22.3 19.95 16.6 14.28 12.7 10.69 10.24 10.78 10.14 13.71 22.11 26.37 26.98 26.55 25.31 24.8 24.8 21.81 17.56 15.88 15.29 13.54 10.96 9.06 7.85 9.97 13.56 15.15 16.71 16.51 14.53 12.75 11.29 24.76 40.47 41.91 42.45 36.7 31.06 31.41 32.18 39.22 45.58 44.91 42.69 28.53 16.83 17.21 19.32 29.36 37.82 38.06 40.62
56.25 54.73 53.15 50.91 48.75 47.17 45.58 43.87 42.59 41.8 41.13 41.2 40.26 36.86 32.82 27.32 25.77 27.34 28.95 30.31 30.25 28.8 27.36 25.96 24.58 23.23 20.84 17.26 14.79 13.26 10.93 9.87 10.29 9.63 13.6 23.14 27.92 28.49 27.57 25.59 24.8 24.8 21.59 17.08 15.33 14.72 12.57 9.5 7.24 5.64 7.17 10.44 12.19 14.09 15.94 16.03 14.7 13.46 24.93 38.2 39.49 40.06 35.16 30.32 30.68 31.54 40.07 47.94 47.3 44.9 29.13 16.1 16.49 18.6 28.59 37.04 37.28 39.74
56.1 54.65 53.12 50.88 48.73 47.24 45.72 43.92 42.58 41.84 41.34 42.37 42.63 39.53 35.22 27.9 25.64 27.11 28.68 30.46 30.97 29.55 28.16 26.81 25.5 24.24 21.85 18.13 15.59 14.2 11.65 9.97 10.17 9.47 13.66 24.24 29.5 30.02 28.58 25.83 24.75 24.73 21.27 16.48 14.65 14.01 11.53 8.25 5.79 3.73 4.41 7.4 9.43 11.73 15.3 17.58 16.77 15.73 25.12 35.99 37.15 37.76 33.69 29.62 29.95 30.85 40.82 50.2 49.63 47.08 29.74 15.4 15.77 17.84 27.77 36.19 36.42 38.77
42.59 41.99 41.26 39.65 38.56 38.63 38.61 38.01 37.76 38.2 39.05 42.46 45.57 44.72 42.18 35.42 31.63 30.28 29.31 29.89 30.46 29.11 27.8 26.66 25.85 25.26 23.5 20.68 19.51 19.58 18.61 17.68 17.44 16.65 18.84 27.39 31.85 31.62 29.2 25.41 23.7 23.29 19.12 13.37 11.07 10.27 7.3 4.07 2.64 1.52 2.19 4.63 6.32 8.19 12.81 17.73 18.44 18.5 26.48 35.6 36.57 36.98 33.56 29.69 29.11 29.23 39.99 50.56 50.5 48.27 30.51 15.36 14.96 16.42 26.3 34.6 34.59 36.54
30.87 30.99 30.9 29.31 28.72 30.13 31.44 31.98 32.82 34.37 36.42 41.53 46.75 48.07 47.85 43 37.91 33.92 30.62 29.9 30.18 28.9 27.57 26.3 25.75 25.75 24.51 22.51 22.77 24.34 25.09 25.16 24.87 24.06 24.85 30.32 32.94 31.6 28.39 24.1 21.99 21.28 16.66 10.27 7.7 7.06 4.3 0.87 0 0 1.07 2.67 3.89 5.25 10.01 16.1 18.13 19.73 28.07 36.92 37.52 37.52 34.91 31.59 30.39 30.12 39.8 49.32 49.52 47.71 31.29 16.78 15.92 17.2 26.8 34.73 34.77 36.25
30.87 30.99 30.87 28.79 27.88 29.33 30.69 31.36 32.31 33.88 35.89 40.72 45.79 47.14 47.35 43.75 39.04 35.18 32.04 31.24 31.22 29.99 28.48 26.65 25.75 25.75 24.3 22.04 22.34 23.94 24.94 25.16 24.77 23.96 24.37 28.84 30.95 29.52 26.49 22.55 20.56 19.79 15.18 8.91 6.31 5.51 3.29 0.66 0 0 0.48 1.61 3.09 4.69 8.57 14.12 16.25 18.02 26.98 36.84 37.52 37.52 36.39 34.61 33.52 33.19 40.48 47.69 47.89 46.34 31.92 19.05 18.29 19.5 28.29 35.55 35.59 36.46
30.86 30.99 30.84 28.28 27.12 28.61 30.01 30.81 31.87 33.47 35.43 39.97 44.86 46.24 46.86 44.56 40.56 36.86 33.81 32.72 32.31 31.13 29.42 27.01 25.75 25.75 24.09 21.61 22.02 23.65 24.83 25.15 24.7 23.88 23.94 27.46 29.03 27.5 24.64 21.05 19.15 18.32 13.75 7.66 5.07 4.03 2.29 0.46 0 0 0.45 1.57 3.07 4.67 7.4 12.3 14.54 16.5 25.92 36.77 37.52 37.52 37.88 37.67 36.68 36.28 41.15 46.06 46.26 44.97 32.56 21.36 20.69 21.8 29.78 36.38 36.41 36.67
30.85 30.99 30.81 27.79 26.44 27.96 29.41 30.34 31.52 33.13 35.04 39.27 43.98 45.39 46.39 45.45 42.42 38.89 35.89 34.31 33.45 32.3 30.4 27.37 25.75 25.75 23.89 21.24 21.82 23.46 24.76 25.15 24.66 23.84 23.58 26.16 27.2 25.56 22.86 19.6 17.79 16.89 12.36 6.59 4.13 2.75 1.35 0.26 0 0 1.03 2.59 3.83 5.2 6.64 10.72 13.08 15.22 24.87 36.69 37.52 37.52 39.38 40.77 39.86 39.37 41.82 44.43 44.64 43.6 33.2 23.7 23.1 24.1 31.27 37.2 37.23 36.88
22.45 24.19 25.78 23.99 23.44 25.33 27.13 28.16 28.7 29.23 30.08 33.57 37.99 39.05 40.11 40.83 40.28 38.76 37.43 36.67 36.28 35.88 34.56 31.99 30.97 31.59 30.57 28.56 28.32 28.5 28.54 28.22 27.52 26.7 26.28 28.3 29.36 28.29 26.09 22.97 20.55 18.72 14.59 10.88 9.9 9.36 8.76 8.1 7.38 6.65 6.22 6.41 6.38 6.23 4.43 4.25 4.23 5.83 19.06 33.52 34.67 34.86 38.54 42.01 41.73 41.55 42.18 42.99 43.26 42.53 34.17 26.45 25.83 26.54 32.63 37.74 37.73 36.9
15.05 15.76 18.27 18.9 20.06 22.37 24.6 25.88 25.77 25.1 24.81 27.67 31.8 32.47 33.44 35.32 36.8 37.21 37.65 38.13 38.66 39.19 38.77 37.17 37.11 38.53 38.6 37.1 35.69 34.23 32.83 31.68 30.77 29.95 29.51 31.58 33.22 33.11 31.47 28.24 25.02 22.11 18.57 16.57 16.82 17.5 17.76 17.09 15.71 14.17 13.29 13.8 15.12 16.56 16.67 14.33 10.5 6.49 15.67 31.3 32.36 32.44 37.08 41.71 41.8 41.86 41.69 41.64 41.99 41.55 35.05 28.95 28.36 28.83 33.73 37.97 38.11 37.26
9.14 9.36 13.11 16.51 19.14 21.56 23.91 25.52 25.61 24.81 24.41 26.99 30.68 31.32 32.28 34.26 35.93 36.55 37.18 37.81 38.45 39.1 38.75 37.18 37.24 38.77 39.24 38.13 36.59 34.95 33.38 32.09 31.15 30.33 29.8 31.88 33.67 33.67 31.71 28.07 24.65 21.5 18.55 17.21 17.62 18.43 18.73 18.19 16.82 15.21 14.1 14.48 15.94 17.58 18.07 16 12.24 8.39 13.11 29.66 30.75 30.8 35.87 40.95 41.06 41.12 40.52 40.07 40.44 40.21 35.31 30.58 30.03 30.3 34.02 37.29 37.46 36.63
3.78 4 10.11 15.42 18.8 21.26 23.65 25.41 25.81 25.02 24.61 26.91 30.17 30.81 31.77 33.73 35.39 36.02 36.66 37.3 37.95 38.61 38.2 36.57 36.66 38.21 38.98 38.25 36.76 35.13 33.53 32.17 31.2 30.38 29.73 31.81 33.67 33.67 31.28 27.38 24 20.75 18.15 17.24 17.71 18.52 18.73 18.42 17.2 15.63 14.16 14.42 15.91 17.55 18.19 17.18 13.99 10.79 10.35 27.94 29.11 29.16 34.64 40.14 40.25 40.29 39.28 38.46 38.85 38.83 35.5 32.12 31.59 31.67 34.2 36.49 36.66 35.84
5.56 5.54 10.78 15.55 18.79 21.25 23.6 25.31 26.03 25.25 24.83 26.84 29.66 30.32 31.28 33.22 34.87 35.5 36.15 36.8 37.46 38.12 37.68 36 36.15 37.72 38.73 38.38 37.01 35.39 33.74 32.28 31.27 30.46 29.68 31.74 33.67 33.67 30.88 26.94 23.78 20.5 17.94 17.26 17.84 18.64 18.74 18.75 17.73 16.21 14.22 14.48 16.05 17.68 18.35 19.03 16.59 14 7.72 26.22 27.47 27.52 33.41 39.32 39.43 39.45 38.04 36.86 37.26 37.46 35.69 33.67 33.16 33.04 34.38 35.68 35.86 35.05
10.34 11.43 14.28 15.97 17.93 20.35 22.61 24.22 25.69 25.49 25.6 27.69 30.35 31.29 32.52 34.67 36.68 37.86 39.04 40.19 41.22 42.19 42.1 40.67 40.39 41.11 41.51 41.01 39.66 38.05 36.31 34.61 33.3 32.19 30.77 31.63 32.28 30.98 26.95 23.23 21.63 19.87 18.17 17.38 17.05 16.67 15.88 16.46 16.4 15.75 13.65 13.23 13.51 13.64 14 18.34 18.83 18.52 11.94 25.74 26.23 25.7 31.72 37.98 38.03 38 36.36 34.88 35.12 35.27 34.48 33.8 34.05 34.48 35.66 36.63 36.82 36.05
15.05 16.1 17.53 16.65 17.06 19.38 21.48 22.78 24.97 25.54 26.38 28.72 31.43 32.77 34.36 36.8 39.3 41.28 43.27 45.18 46.78 48.17 48.65 47.57 46.62 46.13 45.54 44.58 43.17 41.57 39.75 37.78 36.08 34.57 32.31 31.15 29.68 26.56 21.52 18.41 18.63 18.9 18.55 17.46 15.71 13.71 12.06 13.18 14.12 14.54 12.9 11.33 9.7 7.83 8.07 14.59 18.23 21.78 21.04 28.52 27.13 25.15 30.35 36.6 36.34 36.11 34.66 33.36 33.42 33.31 31.85 31.15 32.56 34.64 37.79 39.7 39.76 38.97
