core/test/InputMaps/malcataHeight_250.grass
north: 40:14:17.01N
south: 40:12:39.7468N
east: 7:02:14.5154W
west: 7:04:21.43W
rows: 250
cols: 250
[rows 128 to 159 of 250, columns 0 to 71 of 250]
0 728.65 734.89 742.5 751.24 758.66 765.12 769.64 772.9 776.98 781.52 785.81 789.98 792.39 794.05 795.38 796.57 797.88 799.22 800.8 802.43 802.58 802.44 802.3 802.15 803.63 805.3 808.74 812.34 816 819.67 822.01 824.32 826.28 828.31 831.76 835.11 837.47 839.71 841.09 842.46 843.77 845.1 846.48 847.55 847.44 847.91 850.19 851.72 851.25 850.11 847.43 844.19 839.83 835.51 831.22 827.37 824.18 820.46 816.03 812.92 811.36 809.96 808.72 807.24 805.54 803.75 801.9 799.58 796.94 795.39 794.52
0 730 735.85 742.74 750.49 757.73 764.58 769.73 773.78 777.77 781.71 785.14 788.33 790.17 791.44 792.81 794.2 795.4 796.55 797.29 797.94 798.26 798.51 798.76 799.01 800.17 801.44 805.41 809.6 814.99 820.43 822.01 823.52 824.3 825.12 826.79 828.5 830.66 832.77 834.55 836.54 839.82 842.84 844.61 846.2 847.08 847.96 848.87 849.56 849.68 849.07 846.78 844.06 840.5 836.38 831.31 827.14 824.34 820.68 815.85 812.26 810.11 808.02 806 804.04 802.13 800.37 798.72 797.06 795.4 793.98 792.71
0 730.65 736.31 742.72 749.76 756.73 763.64 769.08 773.58 777.48 781.03 783.95 786.56 788.09 789.18 790.29 791.4 792.34 793.22 793.28 793.15 793.32 793.56 794.08 794.66 795.93 797.29 801.24 805.41 811.71 818.11 819.66 821.13 821.26 821.42 822 822.72 825.02 827.29 829.33 831.69 835.99 839.91 842.08 844.13 845.72 846.99 847.27 847.57 847.94 847.7 846.08 843.98 840.93 836.9 831.18 826.72 824.18 820.7 815.96 812.23 809.69 807.08 804.41 801.96 799.73 797.89 796.36 795.06 793.9 792.35 790.56
0 729.97 735.83 742.22 749.07 755.61 761.93 767.02 771.33 775.15 778.71 781.76 784.56 786.29 787.57 787.86 787.8 788.15 788.64 788.31 787.78 787.23 786.68 787.27 788.04 790.22 792.56 795.49 798.47 804.16 809.97 812.88 815.7 816.23 816.78 817.55 818.51 821.61 824.58 826.61 828.86 832.37 835.71 838.27 840.68 842.46 844.08 845.14 845.91 845.88 845.73 845.29 843.98 840.93 836.76 830.64 825.95 823.41 820.34 816.59 813.4 810.86 808.06 804.98 802.04 799.21 797.11 795.59 794.05 792.5 790.31 787.73
0 729.3 735.35 741.73 748.38 754.49 760.22 764.96 769.07 772.82 776.38 779.56 782.56 784.49 785.97 785.44 784.19 783.97 784.06 783.34 782.42 781.15 779.8 780.46 781.43 784.5 787.83 789.74 791.54 796.61 801.83 806.09 810.28 811.2 812.13 813.1 814.31 818.19 821.86 823.89 826.03 828.75 831.51 834.47 837.22 839.21 841.16 843.01 844.25 843.83 843.76 844.51 843.98 840.93 836.62 830.1 825.17 822.63 819.99 817.22 814.56 812.02 809.02 805.56 802.12 798.7 796.33 794.81 793.04 791.1 788.28 784.9
0 728.41 734.8 741.4 748.15 754.06 759.34 763.79 767.7 770.81 773.45 776.17 778.91 781.01 782.84 782.75 781.99 781.58 781.27 780.28 779.11 777.52 775.85 776.75 778.07 780.44 782.94 785.38 787.81 792.19 796.67 800.79 804.85 806.02 807.18 808.19 809.49 813.85 817.92 819.65 821.5 824.04 826.75 830.25 833.54 836.02 838.4 840.43 841.82 841.46 841.52 842.54 842.5 840.36 836.86 831.01 826.18 822.88 819.78 816.94 814.3 811.92 809.18 806.07 802.81 799.41 796.63 794.35 792.12 789.94 787 783.6
0 727.45 734.24 741.12 748.07 753.83 758.72 762.9 766.61 768.88 770.35 772.41 774.76 777.02 779.24 779.99 780.21 779.72 779.02 777.79 776.43 774.64 772.77 773.99 775.7 776.88 778 781.43 785.04 788.72 792.41 795.94 799.42 800.79 802.13 803.15 804.48 809.24 813.61 814.94 816.45 818.99 821.81 825.9 829.78 832.86 835.69 837.72 839.15 839 839.19 840.21 840.56 839.61 837.22 832.36 827.73 823.44 819.61 816.37 813.62 811.43 809.08 806.57 803.69 800.48 797.24 793.98 791.23 788.85 785.96 782.75
0 726.15 733.26 740.37 747.49 753.15 757.76 761.7 765.22 766.86 767.44 769 771.03 773.29 775.64 776.98 777.96 777.41 776.39 774.97 773.44 771.69 769.88 771.45 773.55 773.68 773.56 777.68 782.14 785.14 788.08 791.12 794.14 795.7 797.25 798.49 800.03 804.89 809.32 810.49 811.86 814.48 817.45 822.06 826.45 830 833.17 835.13 836.57 836.6 836.92 837.86 838.47 838.43 836.95 832.96 828.64 823.82 819.6 816.15 813.34 811.27 809.17 807.02 804.34 801.18 797.54 793.52 790.34 787.76 784.92 781.91
0 723.43 730.55 737.66 744.77 750.55 755.35 759.25 762.58 764.39 765.37 767.06 769.09 770.65 772.02 772.96 773.74 773.14 772.12 770.7 769.18 768.4 767.78 769.85 772.35 771.98 771.28 774.81 778.67 781.08 783.43 786.47 789.49 791.25 793.04 795.47 797.99 801.67 805.14 807.1 809.2 812.21 815.54 820.35 824.89 828.45 831.53 833.09 834.29 834.53 834.86 835.4 835.69 835.45 833.99 830.39 826.86 823.42 820.24 817.39 814.8 812.54 810.04 807.3 804.04 800.28 796.49 792.66 789.45 786.67 783.88 781.06
0 720.72 727.83 734.94 742.05 747.95 752.95 756.81 759.93 761.93 763.3 765.12 767.15 768.02 768.4 768.93 769.51 768.87 767.85 766.43 764.91 765.11 765.67 768.25 771.14 770.29 769 771.93 775.21 777.03 778.78 781.81 784.84 786.79 788.83 792.44 795.96 798.44 800.96 803.71 806.55 809.95 813.64 818.64 823.34 826.9 829.88 831.05 832.02 832.45 832.8 832.95 832.91 832.47 831.03 827.83 825.08 823.02 820.88 818.62 816.27 813.8 810.91 807.59 803.73 799.38 795.43 791.8 788.56 785.58 782.83 780.22
0 717.98 724.12 730.53 737.16 743.03 748.36 752.36 755.53 757.88 759.77 761.59 763.38 763.99 764.11 764.34 764.61 763.61 762.23 761.22 760.3 761.49 763.11 765.75 768.56 768.47 768.03 770.37 772.94 774.16 775.32 778.23 781.14 783.29 785.54 789.48 793.27 795.43 797.71 801 804.4 808.44 812.62 817.46 822.08 825.88 829.12 830.62 831.82 832.21 832.4 832.16 831.71 830.84 829.04 825.63 822.87 821.1 819.28 817.36 815.33 813.15 810.42 807.1 803.13 798.56 794.35 790.43 787.02 783.97 780.87 777.72
0 715.23 719.79 725.06 730.9 736.67 742.38 746.66 750.03 752.83 755.3 757.05 758.45 759.09 759.4 759.39 759.27 757.72 755.75 755.41 755.48 757.65 760.26 762.7 765.11 766.56 767.9 769.64 771.42 772.04 772.61 775.32 778.04 780.39 782.81 786.56 790.19 792.54 795.04 798.72 802.57 807.4 812.16 816.61 821 825.19 828.92 831.21 832.93 833.12 833.06 832.42 831.51 830.05 827.66 823.65 820.39 818.23 816.26 814.54 812.89 811.3 809.06 806.14 802.35 797.78 793.24 788.73 785.08 782.03 778.32 774.19
0 712.44 715.47 719.62 724.69 730.35 736.42 740.97 744.55 747.79 750.85 752.54 753.57 754.25 754.78 754.54 754.02 751.94 749.39 749.65 750.63 753.7 757.21 759.47 761.53 764.52 767.61 768.79 769.8 769.87 769.9 772.4 774.92 777.43 779.99 783.53 787 789.56 792.3 796.36 800.65 806.27 811.61 815.71 819.9 824.44 828.62 831.65 833.86 833.88 833.58 832.55 831.19 829.14 826.17 821.59 817.84 815.33 813.25 811.73 810.43 809.39 807.61 805.06 801.45 796.88 792.02 786.93 783.04 779.98 775.68 770.61
0 708.74 711.38 715.25 720.12 725.35 730.83 735.51 739.68 743.26 746.52 748.54 749.96 751.17 752.29 752.06 751.35 748.92 745.97 745.21 745.01 746.74 748.86 751.61 754.46 758.77 763.24 764.52 765.53 766.36 767.18 769.29 771.41 772.93 774.54 777.9 781.23 784.38 787.64 791.7 796.11 802.51 808.68 813.77 818.53 822.09 825.42 828.06 830.09 830.5 830.41 829.19 827.57 825.12 821.83 817.05 813.57 812.05 810.62 809.3 807.74 805.91 803.63 800.89 797.18 792.61 787.64 782.36 778.27 775.02 770.76 765.88
0 705.05 707.29 710.87 715.55 720.35 725.24 730.05 734.81 738.73 742.18 744.53 746.35 748.1 749.81 749.59 748.68 745.9 742.56 740.78 739.39 739.77 740.52 743.76 747.39 753.01 758.87 760.25 761.27 762.85 764.45 766.19 767.9 768.43 769.1 772.26 775.46 779.2 782.98 787.05 791.57 798.76 805.76 811.83 817.17 819.73 822.22 824.46 826.32 827.12 827.25 825.83 823.94 821.11 817.49 812.52 809.31 808.77 807.99 806.87 805.05 802.43 799.65 796.71 792.92 788.34 783.27 777.79 773.5 770.05 765.84 761.16
0 702.12 704.42 707.72 711.84 716.12 720.51 725.38 730.55 734.56 737.94 740.47 742.59 744.59 746.53 746.29 745.28 742.52 739.24 737.02 735.08 734.83 734.92 738.2 741.99 748.38 755.08 756.27 757.01 758.81 760.66 761.83 762.98 763.16 763.48 766.44 769.53 774.04 778.55 782.97 787.85 795.38 802.81 809.78 815.73 817.85 819.91 821.76 823.31 824.06 824.17 822.83 820.91 817.86 814.3 809.86 807.07 806.8 806.01 804.55 802.31 799.17 795.99 792.76 788.92 784.53 779.27 773.32 768.67 764.94 760.85 756.55
0 700.1 702.99 706.02 709.15 712.79 716.78 721.62 726.98 730.82 733.8 736.34 738.66 740.57 742.31 742.03 741.01 738.71 736.01 734.08 732.33 732.28 732.56 735.36 738.57 745.06 751.96 752.61 752.77 754.17 755.62 756.01 756.39 756.96 757.65 760.41 763.4 768.9 774.37 779.58 785.11 792.44 799.85 807.6 814.22 816.54 818.65 820.11 821.21 821.37 821.18 820.24 818.58 815.54 812.48 809.41 807.22 806.36 804.82 802.36 799.5 796.17 792.69 789.07 785.25 781.25 775.73 768.99 763.78 759.65 755.78 752.07
0 698.07 701.56 704.31 706.46 709.45 713.06 717.86 723.42 727.07 729.66 732.2 734.72 736.55 738.1 737.76 736.74 734.89 732.79 731.13 729.58 729.72 730.21 732.53 735.14 741.75 748.84 748.96 748.52 749.52 750.59 750.19 749.8 750.77 751.82 754.38 757.27 763.76 770.19 776.19 782.36 789.5 796.88 805.42 812.71 815.23 817.39 818.46 819.11 818.67 818.2 817.65 816.26 813.21 810.66 808.97 807.38 805.92 803.62 800.18 796.69 793.16 789.39 785.37 781.57 777.97 772.19 764.66 758.9 754.37 750.72 747.6
0 693.89 697.1 699.48 701.16 704.63 709.4 714.57 719.98 723.66 726.38 728.62 730.64 731.58 732.06 731.44 730.42 729.03 727.52 725.99 724.47 725.64 727.37 730.25 733.31 739.52 746.11 745.98 745.29 746.4 747.59 747.28 746.95 747.1 747.41 750.82 754.49 761.1 767.72 774.51 781.28 787.87 794.7 802.64 809.52 812.41 814.98 816.51 817.54 817.21 816.77 816.09 814.84 812.49 810.25 808.21 806.37 804.84 801.55 795.91 791.23 787.68 783.78 779.55 775.48 771.58 766.29 759.89 754.96 751.09 747.61 744.39
0 689.42 692.24 694.22 695.51 699.61 705.76 711.34 716.56 720.3 723.21 725.12 726.55 726.48 725.77 724.84 723.83 722.88 721.96 720.56 719.04 721.36 724.46 728.04 731.69 737.44 743.44 743.08 742.2 743.49 744.87 744.75 744.6 743.77 743.19 747.59 752.17 758.77 765.49 773.06 780.41 786.41 792.62 799.77 806.11 809.4 812.4 814.53 816.04 815.91 815.54 814.66 813.56 811.99 810.03 807.4 805.2 803.68 799.37 791.37 785.41 781.86 777.87 773.43 769.07 764.77 760.07 755.05 751.16 748.07 744.78 741.36
0 686.16 688.4 689.93 690.89 695.2 701.95 707.54 712.38 716.11 719.21 720.95 722.03 721.49 720.26 719.23 718.28 717.76 717.37 716.22 714.87 717.72 721.43 725.44 729.51 734.72 740.07 739.64 738.74 740.05 741.45 741.64 741.8 740.82 740.13 744.97 749.96 756.62 763.44 771.38 778.99 784.58 790.31 796.74 802.52 805.9 809.06 811.54 813.41 813.65 813.55 812.65 811.66 810.46 808.67 805.87 803.23 800.87 795.59 786.41 779.88 776.45 772.57 768.24 763.81 759.3 755.04 750.97 747.77 745.17 742.05 738.61
0 685.65 686.9 687.89 688.64 692.19 697.76 702.4 706.45 710.02 713.33 715.27 716.54 716.75 716.51 715.89 715.13 714.96 714.96 714.36 713.61 715.58 718.1 721.95 726.01 730.52 735.08 734.96 734.46 735.4 736.41 737.18 737.96 738.74 739.7 743.75 748.04 754.9 761.82 769.17 776.27 781.86 787.49 793.32 798.52 801.31 803.97 806.25 808.2 809.22 809.79 809.29 808.35 806.57 804.69 802.67 799.42 794.3 788.11 780.52 775.02 771.98 768.69 765.15 761.2 756.88 752.71 748.64 745.32 742.53 739.58 736.54
0 685.14 685.41 685.84 686.4 689.17 693.56 697.26 700.53 703.94 707.45 709.58 711.05 712.01 712.76 712.54 711.98 712.16 712.56 712.51 712.35 713.43 714.77 718.46 722.52 726.32 730.1 730.28 730.17 730.76 731.37 732.72 734.11 736.67 739.27 742.54 746.11 753.17 760.2 766.96 773.56 779.14 784.67 789.91 794.52 796.71 798.88 800.96 802.98 804.79 806.03 805.92 805.05 802.67 800.72 799.48 795.61 787.73 780.64 774.62 770.16 767.51 764.81 762.05 758.59 754.47 750.38 746.32 742.88 739.89 737.11 734.46
0 682.18 682.18 682.54 683.19 685.57 689.2 692.74 696.22 699.93 703.77 705.96 707.34 708.46 709.48 709.05 708.12 708.84 710.06 710.42 710.57 711.31 712.19 715.94 720.14 722.62 724.88 725.58 726.16 727.21 728.3 730.38 732.48 734.96 737.55 742.32 747.22 753.62 759.94 765.68 771.42 777.16 782.7 787.35 791.48 793.66 795.76 797.65 799.58 801.61 802.9 802.47 801.23 798.41 795.98 794.25 789.94 781.74 774.78 769.48 765.51 763.12 760.65 758.11 754.85 750.92 747.16 743.53 740.32 737.42 734.65 731.97
0 678.3 678.3 678.76 679.61 681.73 684.77 688.44 692.51 696.69 700.93 703.11 704.29 705.36 706.37 705.51 703.99 705.33 707.54 708.25 708.59 709.21 709.89 713.78 718.18 719.09 719.58 720.88 722.24 724.09 725.96 728.83 731.69 733.38 735.35 742.48 749.47 754.88 760.19 764.75 769.51 775.44 781.04 785.1 788.81 791.18 793.39 795.08 796.86 798.89 800 798.98 797.22 794 790.96 788.25 783.58 775.97 769.51 764.61 760.95 758.75 756.38 753.84 750.68 746.96 743.61 740.57 737.72 735.01 732.2 729.32
0 674.1 674.16 674.73 675.71 677.6 680.14 683.97 688.63 693.26 697.86 700.07 701.11 702.07 703 701.86 699.97 701.85 704.87 705.93 706.5 707.02 707.52 711.28 715.56 715.4 714.7 716.56 718.62 721.28 723.97 727.72 731.43 732.65 734.27 743.18 751.71 756.07 760.34 763.87 767.78 773.9 779.54 782.89 786.08 788.71 791.07 792.56 794.16 796.05 796.89 795.34 793.13 789.64 786.11 782.52 777.58 770.59 764.64 760.1 756.66 754.51 752.14 749.54 746.46 742.93 739.94 737.37 734.81 732.27 729.4 726.32
0 668.1 668.55 669.19 669.98 671.78 674.32 678.51 683.77 688.73 693.53 695.93 697.17 697.78 698.11 697.54 696.64 698.6 701.42 702.75 703.72 704.3 704.81 706.87 709.17 710.74 712.21 714.41 716.67 720.28 723.96 729.08 734.17 736.78 739.62 746.95 753.92 756.91 759.93 763.26 767.03 773.35 778.9 780.87 783.1 786.32 789.08 790.38 791.57 792.47 792.56 790.81 788.61 785.51 782.16 778.37 773.63 767.42 762.01 757.67 753.97 751.03 748.07 745.07 741.9 738.58 735.56 732.79 730.16 727.62 724.62 721.35
0 662.09 662.94 663.65 664.24 665.96 668.5 673.06 678.9 684.2 689.19 691.8 693.23 693.48 693.23 693.22 693.31 695.34 697.97 699.58 700.93 701.58 702.09 702.45 702.79 706.08 709.72 712.27 714.72 719.29 723.94 730.44 736.92 740.9 744.97 750.73 756.14 757.74 759.52 762.66 766.28 772.8 778.27 778.86 780.12 783.93 787.09 788.19 788.97 788.89 788.24 786.29 784.09 781.38 778.2 774.22 769.67 764.25 759.38 755.23 751.28 747.55 743.99 740.61 737.35 734.22 731.18 728.22 725.5 722.96 719.85 716.37
0 659.19 659.98 660.55 660.95 662.39 664.59 668.96 674.72 679.9 684.75 687.67 689.64 690.26 690.32 690.71 691.22 693.11 695.43 697.02 698.43 699 699.39 699.4 699.34 702.92 706.92 709.89 712.77 718.4 724.15 731.81 739.42 744.11 748.8 753.54 757.96 758.87 759.94 762.31 765.16 770.87 775.64 776.09 777.13 780.4 783.11 784.01 784.5 783.88 782.83 780.8 778.64 776.21 773.31 769.58 765.54 761.02 756.65 752.48 748.51 744.78 741.08 737.42 733.89 730.51 727.31 724.26 721.31 718.44 715.14 711.58
0 658.59 658.99 659.28 659.48 660.49 662.1 665.88 671.05 675.76 680.22 683.54 686.3 687.85 688.9 689.54 690.05 691.64 693.56 694.92 696.13 696.5 696.7 697.36 698.09 700.87 703.89 707.33 710.8 717.59 724.53 733.17 741.76 746.64 751.48 755.63 759.5 760.2 760.97 762.15 763.77 767.9 771.51 772.75 774.13 776.02 777.63 778.34 778.63 777.81 776.62 774.59 772.49 770.26 767.7 764.57 761.28 757.75 753.85 749.48 745.68 742.54 739.05 735.18 731.26 727.28 723.82 720.77 717.47 714.01 710.48 706.93
0 658 658.01 658.01 658.01 658.6 659.62 662.81 667.38 671.63 675.7 679.42 682.97 685.44 687.47 688.38 688.89 690.18 691.7 692.82 693.84 694.01 694.01 695.32 696.84 698.83 700.86 704.77 708.83 716.78 724.9 734.53 744.09 749.17 754.17 757.73 761.03 761.54 761.99 762 762.38 764.93 767.38 769.41 771.12 771.64 772.15 772.66 772.75 771.74 770.42 768.38 766.35 764.32 762.1 759.56 757.01 754.47 751.05 746.48 742.84 740.3 737.01 732.95 728.62 724.05 720.33 717.28 713.64 709.57 705.83 702.27
0 658.08 657.49 657.44 657.83 658.81 660.22 662.96 666.56 669.82 672.9 676.04 679.21 681.85 684.27 685.43 686.13 687.17 688.3 689.49 690.71 691.56 692.35 694.28 696.39 698.96 701.58 706.08 710.73 717.96 725.3 733.57 741.77 746.26 750.67 753.44 756.04 756.74 757.52 758.9 760.44 762.98 765.43 767.46 769.22 769.92 770.01 768.17 766.39 764.78 763.11 761.27 759.37 757.34 755.48 753.92 752.05 749.71 747.08 744.08 740.83 737.31 733.43 729.17 724.64 719.88 715.84 712.4 708.71 704.85 701.17 697.61
