core/test/InputMaps/malcataSlope_500.grass
north: 40:14:17.01N
south: 40:12:39.7468N
east: 7:02:14.5154W
west: 7:04:21.43W
rows: 500
cols: 500
[rows 0 to 34 of 500, columns 156 to 233 of 500]
0 0 0 0 0 0 0 0 0 0 0 0 0 0 0 0 0 0 0 0 0 0 0 0 0 0 0 0 0 0 0 0 0 0 0 0 0 0 0 0 0 0 0 0 0 0 0 0 0 0 0 0 0 0 0 0 0 0 0 0 0 0 0 0 0 0 0 0 0 0 0 0 0 0 0 0 0 0
0 0 0 0 0 0 0 0 0 0 0 0 0 0 0 0 0 0 0 0 0 0 0 0 0 0 0 0 0 0 0 0 0 0 0 0 0 0 0 0 0 0 0 0 0 0 0 0 0 0 0 0 0 0 0 0 0 0 0 0 0 0 0 0 0 0 0 0 0 0 0 0 0 0 0 0 0 0
0 0 0 0 0 0 0 0 0 0 0 0 0 0 0 0 0 0 0 0 0 0 0 0 0 0 0 0 0 0 0 0 0 0 0 0 0 0 0 0 0 0 0 0 0 0 0 0 0 0 0 0 0 0 0 0 0 0 0 0 0 0 0 0 0 0 0 0 0 0 0 0 0 0 0 0 0 0
0 0 0 0 0 0 0 0 0 0 0 0 0 0 0 0 0 0 0 0 0 0 0 0 0 0 0 0 0 0 0 0 0 0 0 0 0 0 0 0 0 0 0 0 0 0 0 0 0 0 0 0 0 0 0 0 0 0 0 0 0 0 0 0 0 0 0 0 0 0 0 0 0 0 0 0 0 0
24.48 29.37 34.12 36.5 35.6 30.98 25.97 20.41 23.36 22.71 22.39 23.66 24.62 23.71 23.17 23.67 23.92 23.37 24.31 28 30.82 31.43 38.22 55.54 66.58 66.76 67.15 67.56 67.35 66.86 59.81 45.76 38.61 38.71 41.49 46.14 48.28 48.91 45.3 38.55 35.46 34.87 28 18.16 14.33 13.56 7.51 2.5 6.12 9.27 16.04 26.22 32.83 39 43.97 47.06 49.45 51.78 52.56 51.5 49.93 48.33 53.88 64.36 64.99 65.33 61.81 58.99 59.68 60.16 59.06 57.53 56.81 55.43 52.04 51.34 52.96 54.57
24.36 29.25 34.05 36.47 34.29 29.48 24.51 20.93 23.87 23.24 22.99 24.66 25.98 25.12 24.81 26.16 27.12 26.64 27.47 30.73 33.23 33.8 40.29 56.85 67.38 67.56 66.75 64.34 62.47 61.94 56.7 46.34 41.07 41.17 41.67 42.22 42.54 43.25 41.99 38.76 36.99 36.42 29.8 20.29 16.62 15.97 10.27 3.9 5.84 9.09 13.81 22.02 29.01 35.85 42.06 46.15 48.69 51.05 52.42 51.86 50.34 48.76 54.1 63.79 64.43 64.77 61.31 58.55 59.24 59.78 59.11 57.92 57.2 55.7 51.84 51.06 52.69 54.31
25.21 29.94 34.62 36.44 33.67 28.75 23.9 21.76 24.4 23.78 23.61 25.67 27.37 26.55 26.48 28.69 30.35 29.91 30.63 33.46 35.65 36.18 42.37 58.15 68.19 68.36 66.34 61.13 57.6 57.02 53.59 46.93 43.53 43.63 41.85 38.3 36.8 37.62 38.71 38.97 38.52 37.98 31.62 22.45 18.96 18.39 13.04 6.66 7.24 10.04 13.15 19.51 26.74 34.03 40.75 45.39 48.04 50.43 52.28 52.27 50.8 49.23 54.32 63.23 63.87 64.22 60.81 58.11 58.81 59.4 59.16 58.32 57.6 55.98 51.65 50.83 52.46 54.1
20.12 22.43 24.65 23.72 21.43 17.79 14.42 15.35 19.44 19.18 19.56 22.97 25.82 25.55 26.19 29.72 32.42 32.33 32.99 35.26 36.87 36.96 42.6 57.82 67.47 67.49 64.23 56.53 52.1 52.34 51.18 48.18 46.43 46.24 42.72 36.82 34.85 35.86 38.03 40.49 41.32 41.3 36.13 28.55 25.41 24.35 19.35 12.51 9.02 8.19 7.48 10.52 16.08 21.87 27.17 32.01 35.26 38.26 41.35 43.1 42.89 42.53 49.06 58.68 60.19 61.45 58.89 56.42 56.85 57.23 57.21 56.81 56.38 54.86 49.92 48.35 49.04 49.74
14.16 14.01 13.55 7.36 7.45 6.2 6.09 11.76 16.9 16.9 17.65 21.87 25.33 25.34 26.27 30.11 33.02 33.01 33.55 35.34 36.62 36.67 42.31 57.54 67.2 67.25 63.22 53.96 49.36 50.6 51.41 51.39 51.53 52.1 49.43 43.95 40.91 39.98 40.41 42.3 43.86 45.03 42.23 37.46 35.43 34.64 31.21 25.63 20.78 16.88 11.82 7.26 7.01 9.09 10.23 14.7 18.66 22.45 27.05 31.08 32.39 33.5 41.67 52.15 54.73 57.18 56.27 54.53 54.61 54.68 54.68 54.62 54.54 53.24 47.87 45.29 44.75 44.22
12.63 12.24 11.5 3.35 7.29 7.14 7.89 12.92 17.24 17.24 17.98 22.15 25.6 25.6 26.43 29.89 32.49 32.44 32.84 34.23 35.26 35.4 41.23 56.82 66.71 66.81 62.14 51.43 46.24 47.78 49.49 50.98 52.04 52.95 51.4 47.3 44.36 42.82 41.74 41.81 42.98 44.55 43.1 39.85 38.34 37.68 35.4 31.1 26.66 22.91 17.18 11.56 10.06 10.41 8.07 10.08 14.2 18.29 22.94 27.69 29.38 30.83 38.51 48.26 51.2 54.11 54.76 54.1 54.1 54.1 54.1 54.1 54.1 52.89 47.53 44.66 43.84 43.03
11.88 11.49 10.71 2.97 8.91 8.78 9.41 13.63 17.24 17.24 17.98 22.15 25.6 25.6 26.34 29.38 31.67 31.62 31.89 32.88 33.62 33.77 39.76 55.74 65.9 66 60.64 48.36 42.4 44.07 46.44 49.05 50.67 51.61 51 48.49 46.27 44.8 42.51 40.59 41.07 42.71 42.18 40.03 38.83 38.18 37.04 34.48 30.95 27.78 21.49 14.92 13.34 13.61 10.77 10.68 14.44 18.48 22.19 26.89 28.63 30.12 36.75 45.37 48.48 51.63 53.65 54.1 54.1 54.1 54.1 54.1 54.1 52.93 47.69 44.77 43.96 43.14
11.15 10.75 9.93 3.09 10.53 10.42 10.93 14.34 17.24 17.24 17.98 22.15 25.6 25.6 26.24 28.87 30.85 30.8 30.95 31.52 31.98 32.13 38.28 54.67 65.08 65.18 59.13 45.29 38.61 40.44 43.46 47.15 49.32 50.28 50.6 49.71 48.24 46.82 43.28 39.39 39.23 40.94 41.28 40.22 39.33 38.68 38.8 38.26 35.66 32.94 25.96 18.34 16.62 16.84 13.9 12.63 15.79 19.55 21.82 26.17 27.96 29.48 35.14 42.68 45.96 49.35 52.58 54.1 54.1 54.1 54.1 54.1 54.1 52.97 47.85 44.9 44.09 43.28
10.1 8.89 7.66 2.53 12.14 12.47 13.17 15.76 17.82 17.74 18.38 22.4 25.75 25.7 26.26 28.72 30.61 30.6 30.63 30.74 30.77 30.71 36.66 53.05 63.46 63.52 56.83 41.36 33.3 34.51 37.44 41.76 44.24 45.06 46.18 47.12 47.05 46.46 42.33 36.69 35.36 36.33 36.62 36.01 35.21 34.47 36.21 38.73 38.22 36.85 29.99 21.88 19.95 19.97 16.7 14.1 15.91 18.52 18.04 21.69 23.26 24.55 29.56 36.6 40.57 44.76 49.8 53.37 54.65 55.93 57.16 58.18 59.06 58.94 55.26 52.86 52.05 51.2
8.24 4.95 4.78 7.94 15.49 16.03 16.73 18.31 19.33 18.99 19.32 22.9 25.97 25.79 26.35 29.3 31.73 32.02 32.25 32.27 32.27 32.38 37.75 52.48 61.76 61.46 54.35 38.11 28.95 29.2 31.56 35.99 38.43 38.89 40.39 42.6 43.73 44.03 40.13 33.74 31.31 31.21 31.07 30.69 30.05 29.38 32.46 37.16 38.31 38.19 32.55 25.3 23.39 23.18 19.22 15.2 15.58 16.74 12.28 15 16.23 17.09 21.34 27.84 32.89 38.34 45.36 51.4 54.86 58.38 61.84 64.71 67.13 68.76 67.31 65.78 64.96 64.06
7.29 1.71 4.34 11.56 17.56 18.06 18.63 19.44 19.7 19.21 19.37 22.7 25.61 25.34 26.08 30.07 33.38 33.84 34.16 34.02 33.98 34.32 39.05 51.59 59.36 58.8 51.77 36 27 26.99 29.17 33.54 35.9 36.2 37.71 40.17 41.53 42.05 38.76 33.02 30.57 30.18 30.15 30.22 29.84 29.32 32.15 36.38 37.61 37.79 33.76 28.3 26.73 26.47 21.77 16.72 16.59 17.29 10.58 12.25 13.36 14.06 16.87 22.16 28.11 34.37 42.06 49.07 53.53 58.09 62.68 66.5 69.57 72.03 71.88 70.84 70.03 69.13
9.75 6.73 7.96 13.88 18.22 18.71 19.19 19.37 19.06 18.55 18.68 21.96 24.84 24.56 25.58 30.76 34.98 35.41 35.59 35.04 34.73 35.07 39.12 49.69 56.14 55.55 48.86 33.89 25.36 25.35 27.53 31.91 34.28 34.59 36.11 38.59 39.97 40.5 37.96 33.33 31.29 30.91 31.15 31.61 31.39 30.89 32.85 35.89 36.81 37 34.57 31.11 29.99 29.76 24.32 18.41 18.12 18.76 11.21 11.83 12.94 13.66 15.26 19.89 26.35 32.89 40.17 47.1 51.74 56.45 61.31 65.37 68.49 71.16 71.7 70.96 70.15 69.31
14.24 12.4 13.08 16.48 18.9 19.37 19.76 19.3 18.43 17.9 18.01 21.22 24.07 23.79 25.08 31.44 36.57 36.99 37.02 36.07 35.48 35.81 39.18 47.79 52.93 52.31 45.94 31.79 23.71 23.71 25.89 30.29 32.66 32.99 34.52 37.01 38.41 38.96 37.15 33.64 32.01 31.64 32.15 33.02 32.94 32.48 33.56 35.39 36.01 36.2 35.38 33.94 33.25 33.04 26.88 20.11 19.67 20.26 11.95 11.46 12.56 13.3 14.44 19.65 26.17 32.66 39.03 45.58 50.36 55.19 60.18 64.39 67.55 70.39 71.53 71.09 70.28 69.51
17.78 17.68 18.74 19.8 20.23 20.61 20.84 19.87 18.75 18.44 18.72 21.98 24.98 24.94 26.58 33.78 39.65 40.25 40.34 39.14 38.34 38.66 41.13 47.27 50.62 49.62 43.42 30.15 22.53 22.31 24.21 28.33 30.51 30.7 32.17 34.64 35.97 36.43 35.21 32.72 31.51 31.21 32.08 33.5 33.73 33.44 33.88 34.67 34.91 34.94 35.35 35.74 35.7 35.66 28.96 21.4 20.67 21 11.47 9.6 11.36 12.84 14.84 21.14 26.38 31.62 36.07 41.99 47.24 52.52 58.07 63.22 67.54 71.65 74.52 75.79 76.47 77.25
22.21 23.2 24.29 23.48 22.31 22.45 22.46 21.38 20.58 20.87 21.74 25.59 29.4 30.42 32.91 40.23 46.21 47.12 47.38 46.03 44.98 45.13 46.43 49.45 50.29 48.29 42.1 30.31 23.7 23.23 24.44 27.48 28.87 28.55 29.71 32.08 33.23 33.41 32.66 31.18 30.49 30.36 31.63 33.59 34.18 34.14 34.44 34.87 35.03 35.11 35.66 36.25 36.3 36.24 29.59 21.97 21.01 21.05 10.78 5.79 9.05 12.21 16.38 23.04 26.06 29.04 30.86 35.87 41.99 48.15 54.72 61.76 68.58 75.29 81.19 85.77 89.71 93.79
26.09 26.89 27.57 25.54 23.41 23.41 23.3 22.42 22.02 22.66 23.96 28.61 33.32 35.02 38.06 45.3 51.08 52.1 52.31 50.53 49.11 49.11 49.49 50.04 48.81 46.07 40.21 30.33 24.97 24.49 25.17 27.07 27.64 26.91 27.9 30.36 31.48 31.49 31.35 31.05 30.89 30.85 32.27 34.39 35.09 35.13 35.65 36.39 36.77 37.08 36.57 35.48 34.9 34.62 28.72 22.03 21.17 21.17 12.15 4.58 8.13 12.17 18.13 24.72 26.65 28.5 29.18 33.26 39.76 46.28 53.13 60.95 69.17 77.27 84.68 90.98 96.73 102.55
27.59 28.34 28.94 26.15 23.41 23.41 23.34 22.73 22.55 23.18 24.57 29.91 35.19 36.8 39.76 46.81 52.39 53.39 53.37 50.94 49.11 49.11 48.86 47.56 44.93 41.93 36.72 28.67 24.32 23.82 24.13 25.23 25.33 24.53 25.7 28.54 29.84 29.84 30.47 31.4 31.71 31.67 33.1 35.22 35.91 35.95 36.77 37.92 38.39 38.69 36.55 33.46 32.47 32.16 27.32 21.87 21.17 21.17 14.06 7.47 9.87 13.4 19.97 26.41 28.22 30.03 31.15 34.92 41.16 47.47 53.93 61.41 69.57 77.57 84.72 90.89 96.64 102.38
29.11 29.81 30.33 26.78 23.41 23.41 23.37 23.05 23.09 23.71 25.21 31.25 37.13 38.66 41.51 48.35 53.72 54.69 54.44 51.36 49.11 49.11 48.24 45.2 41.27 37.99 33.36 27.06 23.68 23.17 23.12 23.43 23.05 22.18 23.5 26.72 28.19 28.2 29.59 31.75 32.53 32.49 33.92 36.04 36.73 36.77 37.9 39.44 40.01 40.3 36.54 31.45 30.04 29.71 25.93 21.71 21.17 21.17 15.97 11.05 12.74 15.64 22.14 28.22 29.92 31.69 33.65 37.68 43.52 49.53 55.73 62.94 70.92 78.69 85.3 91.16 96.9 102.53
29.49 29.82 29.9 25.15 20.86 21 21.13 21.11 21.3 21.84 23.48 30.63 37.27 38.58 41.23 47.79 52.8 53.46 52.68 48.62 45.83 45.92 44.53 40.13 35.64 32.79 29.21 24.84 22.59 22.32 22.22 22.17 21.67 20.9 22.36 25.82 27.34 27.2 29.05 32.19 33.45 33.53 34.94 36.93 37.56 37.57 38.93 40.78 41.36 41.49 36.22 29.42 27.75 27.45 24.66 21.57 21.17 21.17 17.7 14.34 15.21 16.9 22.47 27.66 28.64 29.72 31.81 35.12 38.93 43.03 47.6 53.28 59.73 65.92 70.69 75.61 81.16 86.5
28.18 28.18 27.96 22.79 17.8 17.73 17.69 17.48 17.34 17.47 19.16 27.97 35.43 36.03 38.02 43.86 48.09 48.1 46.45 41.05 37.47 37.69 35.81 30.24 26.23 25.34 23.86 21.77 20.96 21.38 21.96 22.68 23.26 23.72 26.17 30.41 32.84 33.75 36.17 39.3 40.56 40.72 41.27 41.54 40.78 39.71 40.2 41.41 41.34 40.87 34.88 27.63 26.13 26.01 23.92 21.58 21.27 21.27 18.62 15.82 15.69 15.75 19.86 23.94 23.88 23.92 25.46 26.93 26.93 27.04 27.95 29.02 29.79 30.06 27.5 27.6 31.69 35.3
27.05 27.64 28.27 25.49 22.12 21.34 20.61 19.61 18.84 18.62 20.06 29.33 37.08 37.14 38.34 42.67 45.82 45.73 44.07 38.8 35.2 35.31 32.94 26.31 22.13 22.13 21.76 21.02 21.01 21.75 22.87 24.46 26.11 27.74 31.44 36.91 40.63 42.94 45.85 48.34 49.11 49.11 48.34 46.22 43.52 40.93 39.95 39.93 38.95 37.86 32.67 26.74 25.6 25.6 23.78 21.68 21.41 21.41 18.41 15.1 14.79 14.88 18.79 22.89 23.64 24.68 27.33 30.2 32.1 34.38 37.71 39.56 39.05 37.89 33.62 28.77 26.2 22.86
24.67 25.3 26.1 25.22 23.55 22.82 22.09 20.73 19.63 19.41 21.01 31.12 39.54 39.6 40.4 43.1 45 44.91 43.5 39.05 36.02 36.12 33.6 26.56 22.13 22.13 22.09 22.12 22.51 23.21 24.45 26.32 28.06 29.58 33.44 39.28 43.09 45.27 47.41 48.77 49.11 49.11 47.38 43.83 40.52 37.73 36.48 36.23 35.08 33.86 30.25 26.34 25.6 25.6 23.78 21.68 21.41 21.41 17.66 13.52 13.15 13.24 16.78 20.51 21.34 22.46 24.84 27.5 29.58 32.17 36.98 40.2 39.7 38.85 36.23 32.9 30.68 27.6
22.31 22.98 23.96 24.96 25.01 24.32 23.58 21.85 20.42 20.21 21.97 32.9 42.01 42.06 42.46 43.52 44.19 44.1 42.93 39.3 36.83 36.94 34.26 26.81 22.13 22.13 22.43 23.23 24.03 24.68 26.06 28.24 30.08 31.5 35.53 41.75 45.65 47.72 49.03 49.2 49.11 49.11 46.45 41.59 37.73 34.71 33.16 32.61 31.26 29.89 27.83 25.95 25.6 25.6 23.78 21.68 21.41 21.41 16.9 11.95 11.51 11.61 14.78 18.16 19.09 20.31 22.44 24.94 27.21 30.11 36.26 40.85 40.35 39.82 38.94 37.22 35.27 32.39
20.63 21.36 22.43 25.02 26.7 26.13 25.44 23.47 21.73 21.43 23.21 34.74 44.38 44.35 44.28 43.76 43.29 43.24 42.36 39.61 37.75 37.89 35.11 27.33 22.54 22.66 23.32 24.78 25.89 26.44 27.92 30.47 32.49 33.89 38.06 44.49 48.32 50.1 50.36 49.11 48.39 48.22 44.5 38.45 34.23 31.13 29.38 28.61 27.11 25.68 25.17 25.25 25.27 25.25 23.42 21.32 21.05 21.04 15.88 10.44 10.39 10.9 13.83 16.97 18.18 19.61 21.56 23.84 26.1 29 36.01 41.79 41.3 41.08 41.94 41.89 40.17 37.4
25.59 25.27 25.13 27.3 29.77 30.2 30.49 29.6 27.94 26.64 27.34 37.66 46.82 46.7 46.28 44.87 43.78 43.68 43.09 41.32 40.03 40.08 37.36 29.82 25.99 27.43 29.05 30.25 30.4 29.97 31.05 34.21 36.88 38.63 42.68 48.21 50.87 51.41 49.59 45.87 43.55 42.33 36.89 29.47 25.51 23.24 22.19 21.95 21.11 20.56 22.02 24.19 25.39 26.56 26.53 26.39 27.49 28.82 26.8 24.85 24.95 25.16 26.36 28.03 28.96 29.9 30.86 31.55 31.96 32.88 38.58 44.46 43.94 43.91 46.14 47.69 46.67 44.42
33.21 31.25 29.48 29.65 31.51 33.28 35.09 36.39 35.63 33.36 32.86 40.89 48.73 49.03 49.12 48.44 47.51 46.93 46.38 45.75 45.04 44.71 41.86 34.43 31.46 34.29 36.35 35.97 34.11 32.31 33.06 37.59 41.31 43.33 46.77 50.56 51.75 51.26 47.74 41.95 38.36 36.41 30.14 22.11 18.53 17.04 16.44 16.48 16.46 17.13 19.96 23.77 27.12 30.71 33.76 36.41 39.3 42.27 43.08 42.32 41.53 40.73 40.54 40.82 40.83 40.82 40.69 39.83 38.3 37.32 41.51 46.89 46.34 46.36 48.97 51.37 51.37 50.41
34.71 32.86 31.1 29.56 29.79 31.66 33.75 36.88 38 35.88 35.28 41.68 47.97 48.26 48.64 49.09 49.04 48.48 48.55 49.97 50.75 50.46 47.41 39.36 35.76 38.27 38.81 35.74 32.53 30.63 32.27 39.09 44.01 45.91 48.42 50.63 51.09 50.6 46.49 39.83 35.84 33.75 27.74 20.23 16.73 15.06 13.7 12.69 12.36 13.24 16.13 20.01 23.78 27.8 31.62 34.9 37.96 41.03 42.67 42.48 41.72 40.92 40.66 40.83 40.83 40.84 40.99 40.46 38.96 38.02 42.26 47.5 46.96 46.93 49.24 51.37 51.37 50.83
36.31 34.58 32.8 29.47 28.19 30.15 32.49 37.38 40.5 38.52 37.77 42.47 47.2 47.5 48.15 49.75 50.58 50.04 50.73 54.2 56.47 56.21 52.97 44.36 40.2 42.45 41.38 35.51 31.07 29.08 31.49 40.62 46.79 48.57 50.11 50.71 50.44 49.94 45.27 37.8 33.45 31.2 25.46 18.53 15.12 13.25 11.13 8.98 8.26 9.53 12.71 16.81 21.07 25.52 29.93 33.67 36.87 40.02 42.29 42.65 41.93 41.14 40.78 40.83 40.83 40.85 41.31 41.15 39.67 38.78 43.03 48.12 47.59 47.51 49.51 51.37 51.37 51.25
37.99 36.38 34.59 29.38 26.72 28.78 31.33 37.88 43.1 41.25 40.32 43.26 46.43 46.74 47.67 50.4 52.12 51.6 52.91 58.44 62.19 61.95 58.53 49.39 44.74 46.77 44.06 35.28 29.74 27.65 30.73 42.17 49.62 51.31 51.84 50.78 49.8 49.29 44.06 35.87 31.23 28.8 23.35 17.04 13.77 11.68 8.9 5.55 4.19 6.33 10.11 14.56 19.25 24.05 28.75 32.74 36.04 39.26 41.96 42.84 42.15 41.37 40.9 40.83 40.83 40.87 41.64 41.88 40.44 39.58 43.81 48.74 48.22 48.09 49.78 51.37 51.37 51.67
31.88 32.59 32.94 28.03 23.45 22.82 23.05 31.35 39.91 39.59 39.76 42.15 44.49 45.06 46.58 50.81 53.65 53.25 55.16 62.44 67.38 66.95 62.85 52.23 45.69 46.03 39.88 25.45 18 17.99 24.58 39.42 47.41 47.77 46.26 43.19 41.8 41.8 35.86 26.43 22.35 21.39 16.6 10.24 7.02 5.27 3.05 2.21 4.36 6.8 9.73 13.8 18.6 23.53 28.08 31.81 34.77 37.62 40.46 42.44 42.94 43.33 43.64 43.56 43.18 42.86 43.86 45.23 45.22 45.69 50.26 54.84 54.26 53.98 55.11 55.99 55.47 55.6
25.13 26.6 28.55 26.71 22.58 20.08 19.27 28.15 36.82 37.08 37.71 39.83 41.83 42.63 44.78 50.68 54.79 54.52 56.8 65.05 70.76 70.45 66.22 55.16 48.14 48 41.01 24.88 15.43 15.16 22.74 38.06 45.79 45.76 43.85 40.44 38.94 38.98 32.25 21.38 17.25 17.25 12.12 4.42 1.99 3.78 5.56 6.96 7.92 8.75 10.66 14.59 19.24 24.04 28 31.2 33.76 36.22 38.93 41.73 43.4 44.99 46.29 46.44 45.66 44.97 45.85 47.92 49.41 51.31 56.67 61.43 60.8 60.45 61.31 61.7 60.56 60.27
