core/test/InputMaps/malcataHeight_250.grass
north: 40:14:17.01N
south: 40:12:39.7468N
east: 7:02:14.5154W
west: 7:04:21.43W
rows: 250
cols: 250
[rows 0 to 31 of 250, columns 144 to 215 of 250]
0 0 0 0 0 0 0 0 0 0 0 0 0 0 0 0 0 0 0 0 0 0 0 0 0 0 0 0 0 0 0 0 0 0 0 0 0 0 0 0 0 0 0 0 0 0 0 0 0 0 0 0 0 0 0 0 0 0 0 0 0 0 0 0 0 0 0 0 0 0 0 0
872.36 871.17 869.73 868.68 867.71 867.89 868.23 868 867.71 863.7 859.46 857.12 854.84 856.79 858.89 865.08 871 873.2 875.29 876.43 877.2 875.46 874.57 878.09 880.86 880.48 880.25 880.54 880.78 880.86 881.62 884.08 887.25 891.96 895.25 895.93 896.59 897.22 898.22 899.74 901.25 902.73 903.14 902.38 902.02 902.06 902.88 904.36 903.43 900.67 897.41 893.81 891.74 890.56 888.78 886.71 884.64 882.56 880.49 878.42 876.34 874.27 871.09 867.62 864.88 862.29 859.71 857.13 854.93 852.77 851.12 849.51
869.33 868.39 867.34 866.52 865.74 865.26 864.81 863.25 861.58 858.98 856.31 855.16 854.07 855.62 857.27 861.49 865.62 868.61 871.47 873.2 874.66 874.3 874.15 875.12 875.93 876.14 876.68 878.35 879.71 880.19 881.12 883.19 885.52 888.46 890.87 892.34 893.71 894.93 896.28 897.8 899.22 900.51 901.38 901.79 902.12 902.36 903.16 904.45 904.21 902.84 900 896.21 893.57 891.6 889.43 887.16 884.89 882.62 880.35 878.08 875.8 873.53 870.62 867.55 864.71 861.93 859.16 856.38 853.63 850.88 848.81 846.81
866.3 865.6 864.95 864.36 863.78 862.63 861.39 858.5 855.45 854.25 853.17 853.21 853.29 854.45 855.65 857.89 860.24 864.02 867.65 869.97 872.13 873.15 873.74 872.14 871 871.8 873.1 876.16 878.65 879.52 880.62 882.29 883.8 884.95 886.49 888.74 890.83 892.64 894.34 895.86 897.19 898.28 899.61 901.21 902.22 902.66 903.44 904.53 905 905 902.6 898.61 895.4 892.64 890.07 887.61 885.14 882.67 880.2 877.73 875.27 872.8 870.16 867.48 864.55 861.58 858.6 855.62 852.33 848.99 846.51 844.12
864.65 864.09 863.59 862.76 861.88 860.43 858.91 855.65 852.22 851.42 850.79 851.14 851.53 852.67 853.83 855.48 857.29 861.35 865.24 867.53 869.62 870.4 870.78 869.11 868.11 869.88 871.96 875.14 877.77 878.78 879.98 881.63 883 883.75 885 887.17 889.09 890.63 892.1 893.5 894.9 896.29 897.86 899.65 900.85 901.48 902.32 903.33 904.27 905.16 903.36 899.8 896.88 894.33 891.12 887.58 884.74 882.2 879.66 877.12 874.39 871.6 869.2 866.91 864.21 861.41 858.29 855.12 851.49 847.81 844.83 841.92
863.8 863.32 862.81 861.48 860.01 858.49 856.97 853.89 850.65 849.68 848.85 849.01 849.2 850.54 851.9 853.74 855.74 859.8 863.65 865.55 867.14 866.73 866.35 866.06 866.4 869.35 872.22 874.8 876.99 878.01 879.26 881.11 882.73 883.89 885.19 886.76 888.02 888.76 889.69 890.89 892.44 894.43 896.13 897.51 898.62 899.45 900.38 901.39 902.67 904.15 903.06 900.28 898.15 896.39 892.4 887.28 883.96 881.42 878.88 876.34 873.31 870.13 867.96 866.07 863.75 861.35 858.12 854.75 850.93 847.05 843.52 840.01
862.92 862.49 861.97 860.19 858.18 856.6 855.07 852.14 849.07 847.92 846.9 846.89 846.92 848.54 850.18 852.21 854.38 858.36 862.1 863.58 864.67 863.18 862.1 863.14 864.76 868.8 872.4 874.48 876.27 877.23 878.5 880.53 882.41 883.97 885.34 886.38 887.02 887.02 887.43 888.41 890.06 892.55 894.34 895.38 896.41 897.42 898.43 899.44 901.02 903.02 902.61 900.6 899.21 898.17 893.49 886.97 883.25 880.73 878.18 875.62 872.28 868.7 866.71 865.13 863.15 861.08 857.75 854.21 850.2 846.14 842.13 838.12
861.44 860.78 860.06 858.58 856.97 855.43 853.91 850.62 847.15 845.8 844.57 844.95 845.37 848.77 852.12 854.15 856.22 858.83 861.25 861.94 862.42 861.52 861 862.43 864.29 867.94 871.41 874.28 876.4 876.38 876.94 878.98 881.05 883.19 885.09 886.52 887.41 887.41 887.57 887.96 888.85 890.35 891.81 893.24 894.47 895.48 896.39 897.19 898.46 900.08 899.75 898.13 896.63 895.2 891.43 886.5 883.52 881.4 878.67 875.71 871.98 868.01 865.15 862.58 859.94 857.29 854.04 850.69 846.71 842.65 839.54 836.51
859.96 859.06 858.15 856.98 855.76 854.27 852.74 849.1 845.24 843.67 842.25 843 843.83 849 854.06 856.09 858.07 859.3 860.39 860.3 860.17 859.86 859.9 861.73 863.83 867.08 870.43 874.08 876.54 875.53 875.39 877.42 879.68 882.42 884.84 886.67 887.8 887.8 887.72 887.52 887.63 888.15 889.28 891.11 892.53 893.54 894.34 894.95 895.91 897.13 896.88 895.66 894.05 892.23 889.38 886.02 883.79 882.07 879.16 875.8 871.68 867.32 863.59 860.04 856.74 853.49 850.33 847.18 843.22 839.15 836.95 834.91
857.33 855.7 853.92 852.79 851.78 850.65 849.5 846.3 842.9 841 839.19 840.4 841.72 846.87 851.91 853.94 855.88 856.48 857.03 857.09 857.19 857.57 858.24 860.46 862.83 865.78 868.81 872.12 874.34 873.38 873.23 875.07 877.06 879.35 881.48 883.33 884.61 884.99 885.04 884.63 884.31 884.12 884.9 886.74 888.02 888.76 889.32 889.73 890.33 891.06 890.74 889.72 888.06 886.03 883.79 881.43 879.46 877.66 874.44 870.69 866.75 862.74 858.77 854.8 851.17 847.61 844.57 841.62 838.27 834.86 833.1 831.48
853.45 850.53 847.18 845.81 844.79 844.35 844 842.12 840.1 837.72 835.33 837.1 838.99 842.17 845.31 847.35 849.3 850.1 850.94 852.18 853.41 854.58 855.98 858.59 861.24 863.99 866.52 868.25 869.6 869.82 870.4 871.85 873.06 873.78 874.75 876.2 877.54 878.71 879.3 879.08 878.7 878.12 878.51 879.96 880.74 880.88 881.06 881.28 881.45 881.59 881.04 880.02 878.36 876.33 874.35 872.39 870.13 867.73 864.06 859.92 856.78 853.96 850.39 846.61 843.02 839.46 836.59 833.83 831.73 829.71 827.87 826.06
849.57 845.37 840.44 838.82 837.81 838.06 838.49 837.95 837.3 834.45 831.46 833.79 836.27 837.48 838.72 840.75 842.71 843.71 844.85 847.27 849.63 851.59 853.71 856.72 859.65 862.21 864.22 864.38 864.85 866.26 867.57 868.62 869.07 868.21 868.02 869.07 870.47 872.42 873.56 873.54 873.1 872.12 872.11 873.16 873.46 873.01 872.81 872.83 872.58 872.13 871.34 870.32 868.66 866.63 864.91 863.35 860.79 857.8 853.69 849.15 846.82 845.18 842.01 838.43 834.87 831.32 828.61 826.05 825.19 824.55 822.65 820.64
842.06 839.02 835.36 833.64 832.27 832.39 832.72 832.93 833.14 831.96 830.69 832.26 833.9 834.56 835.26 836.94 838.6 840.15 841.84 844.73 847.54 849.75 852.06 854.93 857.53 859.01 860.23 860.59 861.19 862.54 863.89 865.27 866.05 865.56 865.23 865.18 865.65 866.98 867.75 867.75 867.46 866.8 866.76 867.43 867.67 867.52 867.26 866.9 866.26 865.39 864.44 863.42 862.55 861.76 859.78 857.19 854.4 851.53 847.94 844.08 842.13 840.78 837.4 833.49 830.61 827.94 825.84 823.83 823.47 823.31 821.76 820.09
834.15 832.54 830.46 828.65 826.88 826.78 826.92 827.83 828.82 829.54 830.24 830.91 831.57 831.84 832.14 833.42 834.76 836.9 839.16 842.45 845.62 848.03 850.48 853.15 855.37 855.66 856.05 856.8 857.65 858.8 860.13 861.89 863.13 863.24 862.88 861.64 861.09 861.62 861.93 861.93 861.81 861.55 861.53 861.8 862.05 862.29 862 861.25 860.21 858.95 857.84 856.83 856.83 857.42 855.11 851.34 848.33 845.66 842.69 839.62 838.01 836.86 833.21 828.91 826.76 825.08 823.62 822.21 822.26 822.5 821.35 820.07
827.68 827.09 826.14 824.38 822.48 822.41 822.6 823.66 824.8 827.26 829.8 829.94 830 829.87 829.78 830.6 831.54 834.08 836.72 840.28 843.72 846.38 848.98 851.2 852.93 852.62 852.53 853.22 854 855.02 856.31 858.27 859.76 860.2 859.8 857.83 856.61 856.61 856.64 856.7 856.71 856.65 856.58 856.52 856.71 857.16 856.92 856.09 854.98 853.65 852.47 851.39 851.63 852.65 849.98 845.48 842.34 839.8 837.35 834.94 833.59 832.57 829.3 825.43 823.75 822.55 821.5 820.49 820.59 820.85 820.05 819.16
824.19 823.76 823 821.61 820.1 820.6 821.39 821.42 821.38 825.25 829.37 829.74 830 829.48 828.98 829.21 829.6 832.14 834.78 838.34 841.83 844.89 847.66 848.89 849.94 850.22 850.37 850.08 850.12 851.14 852.37 854.14 855.42 855.67 855.21 853.44 852.35 852.35 852.45 852.72 852.74 852.48 852.22 851.96 851.96 852.2 852.19 851.96 851.44 850.7 849.63 848.36 847.53 846.97 843.91 839.6 836.52 833.98 831.82 829.8 828.55 827.53 825.97 824.27 822.49 820.69 819.56 818.55 817.95 817.42 816.92 816.43
820.69 820.43 819.87 818.84 817.72 818.79 820.17 819.18 817.95 823.24 828.94 829.54 830 829.08 828.18 827.82 827.66 830.2 832.84 836.4 839.94 843.4 846.33 846.58 846.95 847.82 848.2 846.93 846.24 847.26 848.43 850.01 851.09 851.14 850.62 849.05 848.08 848.08 848.27 848.73 848.78 848.32 847.86 847.4 847.2 847.25 847.47 847.83 847.89 847.75 846.8 845.32 843.43 841.28 837.83 833.72 830.7 828.16 826.29 824.66 823.5 822.49 822.64 823.11 821.23 818.84 817.62 816.61 815.32 813.99 813.79 813.69
817.78 817.32 816.51 815.78 815.06 816.44 818.11 818.21 818.16 822.79 827.7 828.05 828.26 827.54 826.84 826.92 827.16 829.55 831.97 834.65 837.28 839.66 841.67 841.82 842.08 842.8 843.08 841.85 841.24 842.4 843.63 845 846.13 846.72 846.82 846.04 845.49 845.35 845.17 844.94 844.65 844.29 843.93 843.57 843.76 844.5 845.35 846.3 845.7 843.93 842.31 840.79 838.53 835.84 832.33 828.42 825.36 822.67 820.83 819.31 818.39 817.67 818.21 819.08 818.47 817.55 816.17 814.72 813.72 812.79 812.44 812.15
815.07 814.28 813.08 812.62 812.29 813.89 815.76 817.68 819.6 822.86 826.2 826.11 825.93 825.6 825.32 826.19 827.15 829.34 831.47 832.96 834.36 835.16 835.89 836.23 836.57 836.9 836.96 836.13 835.86 837.22 838.53 839.7 840.95 842.33 843.29 843.49 843.48 843.13 842.43 841.22 840.47 840.31 840.14 839.98 840.77 842.49 844.12 845.66 843.96 839.83 837.27 835.74 833.36 830.47 827.03 823.31 820.18 817.29 815.4 813.87 813.26 812.93 813.4 814.07 815.21 816.46 814.89 812.84 812.48 812.33 811.69 811
811.95 810.95 809.5 809.3 809.34 811.15 813.22 816.61 820.13 822.19 824.15 823.81 823.41 823.51 823.66 825.29 826.94 828.93 830.78 831.22 831.53 830.99 830.62 831.13 831.5 831.3 831 830.36 830.27 831.79 833.21 834.36 835.78 837.78 839.46 840.54 841.01 840.51 839.47 837.67 836.66 836.62 836.59 836.55 837.67 839.91 841.9 843.66 841.11 835.31 832.15 830.73 828.36 825.45 822.2 818.77 815.64 812.62 810.69 809.17 808.8 808.8 809.18 809.65 812.08 814.93 813.26 810.82 810.9 811.31 810.59 809.78
806.91 806.23 805.17 805.2 805.43 807.45 809.71 812.94 816.26 817.94 819.51 819.73 819.92 820.61 821.35 823.57 825.76 827.56 829.19 829.24 829.18 828.44 827.9 828.41 828.56 827.17 825.78 824.35 823.67 825.2 826.84 828.78 830.67 832.47 834.16 835.64 836.36 835.85 835.38 834.96 834.63 834.4 834.17 833.94 834.06 834.52 834.84 835.02 832.81 828.79 826.69 825.86 824.2 822.08 819.62 816.98 814.22 811.4 809.53 808 807.64 807.64 807.86 808.13 809.55 811.22 809.88 808.03 807.66 807.48 807.8 808.17
801.87 801.51 800.84 801.1 801.53 803.74 806.2 809.27 812.4 813.69 814.86 815.65 816.43 817.71 819.05 821.85 824.58 826.19 827.6 827.25 826.83 825.89 825.19 825.7 825.61 823.04 820.56 818.34 817.08 818.6 820.47 823.2 825.57 827.17 828.87 830.74 831.7 831.19 831.29 832.26 832.6 832.17 831.74 831.32 830.44 829.13 827.78 826.39 824.51 822.26 821.22 820.98 820.05 818.71 817.04 815.19 812.81 810.19 808.36 806.84 806.47 806.47 806.54 806.62 807.03 807.51 806.51 805.25 804.42 803.64 805 806.55
798.62 798.63 798.35 798.64 799.03 801.31 803.85 806.64 809.45 810.58 811.59 812.38 813.17 815.04 816.96 820.13 823.18 824.71 826.02 825.39 824.69 823.44 822.42 822.57 822.11 819.06 816.18 813.88 812.52 813.93 815.71 818.4 820.73 822.25 823.79 825.35 826.39 826.59 827.43 829.18 829.88 829.26 828.63 828.01 826.91 825.34 823.71 822.03 819.97 817.63 816.63 816.51 815.83 814.81 813.15 811.15 809.27 807.43 806.25 805.31 804.81 804.46 804.3 804.18 804.16 804.16 803.29 802.28 801.05 799.8 800.92 802.25
796.61 797.01 797.13 797.31 797.5 799.76 802.3 804.73 807.15 808.25 809.26 809.67 810.07 812.53 815.03 818.39 821.63 823.15 824.45 823.63 822.7 821.05 819.6 819.17 818.23 815.18 812.39 810.48 809.37 810.58 812.04 814.15 816.07 817.59 818.86 819.63 820.64 822.01 823.71 825.86 826.69 825.87 825.05 824.22 823.43 822.65 821.7 820.61 818.02 814.3 812.63 812.32 811.56 810.54 808.35 805.57 804.27 803.62 803.47 803.52 802.81 801.87 801.43 801.11 801.06 801.06 800.19 799.17 797.6 795.96 795.96 796.1
794.52 795.32 795.84 795.93 795.95 798.18 800.72 802.79 804.83 805.9 806.92 806.95 806.97 810.02 813.08 816.64 820.07 821.59 822.86 821.84 820.69 818.66 816.79 815.79 814.39 811.34 808.64 807.11 806.23 807.22 808.37 809.87 811.39 812.92 813.91 813.91 814.89 817.43 819.97 822.51 823.47 822.47 821.48 820.49 819.99 819.97 819.69 819.18 816.06 810.98 808.66 808.15 807.31 806.28 803.57 800.01 799.26 799.73 800.6 801.62 800.72 799.22 798.51 798.01 797.93 797.94 797.1 796.11 794.19 792.16 791.03 789.98
787.85 789.37 790.68 791.73 792.73 794.9 797.24 799.3 801.33 802.41 803.43 803.84 804.25 807.3 810.38 814.13 817.74 819.26 820.52 819.3 817.95 815.72 813.81 813.6 812.87 810.03 807.39 805.46 803.98 803.8 803.76 804.08 804.92 806.84 808.16 808.36 809.45 811.99 814.53 817.07 818.48 818.46 818.83 819.61 819.29 817.89 817.08 816.77 813.74 808.66 806.45 806.14 804.62 802.41 799.3 795.74 793.35 791.45 791.68 792.69 793 793.07 792.85 792.54 793.31 794.31 794.95 795.54 793.63 791.4 788.44 785.43
781.18 783.41 785.51 787.52 789.5 791.63 793.77 795.81 797.84 798.92 799.93 800.73 801.54 804.59 807.67 811.62 815.41 816.93 818.17 816.76 815.21 812.78 810.84 811.41 811.36 808.71 806.13 803.82 801.74 800.37 799.15 798.29 798.45 800.76 802.41 802.81 804.02 806.56 809.1 811.64 813.48 814.45 816.18 818.74 818.59 815.81 814.47 814.36 811.41 806.33 804.24 804.13 801.94 798.54 795.03 791.48 787.43 783.17 782.75 783.77 785.27 786.92 787.18 787.07 788.69 790.67 792.81 794.97 793.07 790.64 785.86 780.87
773.53 776.44 779.33 782.36 785.42 787.8 790.09 792.23 794.34 795.75 797.11 798.14 799.16 801.69 804.27 808.25 812.05 813.4 814.48 813.04 811.5 809.31 807.68 808.95 809.47 806.85 804.22 801.59 799.12 797.09 795.23 793.79 793.48 795.59 797.32 798.35 800.05 802.85 805.43 807.71 809.62 811.06 813.26 816.29 816.2 813.08 811.69 811.77 809.11 804.37 802.02 801.24 798.27 794.04 790.14 786.41 781.87 776.97 776.25 777.1 778.9 781.01 781.66 781.91 783.98 786.43 789.32 792.28 790.52 788.16 782.84 777.27
764.6 768.16 771.83 775.99 780.23 783.28 786.16 788.53 790.84 793 795.15 796.2 797.22 798.56 800 803.78 807.37 808.33 809.07 807.83 806.56 805.16 804.28 806.15 807.11 804.28 801.46 798.64 796.02 793.98 792.18 790.94 790.45 791.57 793.08 795.29 797.95 801.34 804.02 805.71 807.2 808.44 809.98 811.83 811.66 809.52 808.69 808.97 806.84 802.9 799.79 797.24 793.37 788.74 784.44 780.32 776.76 773.44 772.86 773.31 774.27 775.4 776.3 777.15 779.16 781.42 784.11 786.87 785.44 783.47 779.27 774.88
755.68 759.88 764.34 769.62 775.04 778.75 782.23 784.83 787.34 790.25 793.19 794.26 795.27 795.44 795.72 799.3 802.69 803.25 803.65 802.61 801.62 801 800.88 803.34 804.74 801.72 798.7 795.68 792.91 790.88 789.13 788.09 787.42 787.56 788.84 792.23 795.84 799.83 802.62 803.71 804.79 805.83 806.7 807.37 807.12 805.96 805.69 806.17 804.58 801.42 797.56 793.23 788.46 783.44 778.75 774.23 771.65 769.91 769.47 769.53 769.64 769.78 770.95 772.39 774.34 776.4 778.9 781.46 780.36 778.78 775.7 772.49
751.16 754.97 759.03 764.1 769.35 773.71 777.94 780.94 783.82 787.5 791.23 792.15 793 793.85 794.78 798 801.02 801.36 801.55 800.36 799.26 798.76 798.52 799.7 800.17 797.63 795.01 792.14 789.6 788.08 786.9 786.56 786.17 785.66 786.4 789.44 792.94 797.18 800.29 801.82 802.97 803.64 804.08 804.25 804.42 804.59 804.57 804.4 802.4 799.01 794.81 790.06 785.43 780.86 776.85 773.13 770.7 768.84 767.84 767.16 766.87 766.7 768 769.7 771.25 772.77 774.15 775.5 774.46 773.1 770.66 768.12
747.35 750.61 754.08 758.72 763.58 768.58 773.6 777.04 780.31 784.75 789.27 790.02 790.68 792.51 794.38 797.2 799.84 799.98 799.98 798.59 797.32 796.82 796.33 795.93 795.24 793.29 791.18 788.5 786.26 785.33 784.8 785.25 785.21 784.1 784.25 786.71 789.92 794.35 797.82 799.94 801.24 801.52 801.56 801.33 802.01 803.56 803.76 802.8 800.23 796.45 791.97 787.03 782.7 778.72 775.57 772.83 770.43 768.17 766.49 765.02 764.39 764.02 765.44 767.33 768.43 769.37 769.48 769.45 768.42 767.27 765.38 763.44
