core/test/InputMaps/malcataAspect_350.grass
north: 40:14:17.01N
south: 40:12:39.7468N
east: 7:02:14.5154W
west: 7:04:21.43W
rows: 350
cols: 350
[rows 33 to 65 of 350, columns 74 to 147 of 350]
318.22 313.91 314.33 322.88 348.12 348.23 340.58 327.92 316.03 321.78 329.84 334.85 333.89 326.32 317.46 307.18 299.03 298 302.43 306.75 304.47 296.19 290.53 280.63 264.29 258.8 262 265.6 269.44 299.01 319.61 321.93 322.82 323.01 316.57 301.53 294.38 314.9 332.69 342.64 353.55 357.69 359.53 0.29 359.68 358.5 357.24 355.9 358.04 6.37 17.09 20.18 17.67 16.61 20.09 25.14 25.71 27.36 30.51 27.89 25.12 26.8 35.21 45.26 51.29 80.85 103.9 107.87 115.66 120.46 123.17 124.77 123.07 84.86
300.47 295 288.73 287.61 326.54 344.9 350.79 351.44 342.79 337.24 338.52 342.97 345.98 344.16 338.74 328.69 316.02 309.44 307.95 308.46 304.81 295.58 289.98 280.08 261.66 254.89 255.86 256.88 260.65 293.91 317.05 319.86 322.32 324.54 320.01 306.01 298.72 317.1 334.55 346.24 357.35 1.52 4.77 7.98 11.04 13.67 15.7 17.34 19.72 23.49 26.87 23.98 21.89 24.61 30.42 32.7 27.3 22.44 18.25 14.21 15.55 21.56 32.92 45.05 53.51 82.75 105.2 108.7 115.13 119.57 124.5 131.15 135.34 64.25
295.11 289.64 282.62 280.59 308.2 337.68 358.82 12.22 7.62 353.29 347.12 350.46 356.14 357.18 354.99 348.73 336.24 323.95 315.52 311.47 305.99 293.74 286.18 276.16 256.28 248.26 249.35 251.65 256.71 290.62 314.21 317.27 320.66 324.42 321.86 309.89 303.21 318.46 335.57 349.68 0.8 4.89 9.44 14.87 20.92 26.01 29.67 32.78 34.78 34.69 32.75 27.27 26.51 31.22 35.66 33.88 25.43 16.23 6.27 1.11 6.65 18.15 33.45 47.73 57.48 82.94 102.16 106.07 112.74 117.43 121.69 131.05 147.42 20.17
297.66 291.35 283.02 280.59 296.74 324.82 358.14 12.85 5.89 354.43 347.08 349.09 355.9 357.25 355.24 350.23 341.1 330.3 319.83 313.24 306.74 290.65 279.57 269.65 251.6 244.3 246.98 251.44 256.34 287.86 311.08 314.12 317.55 321.39 319.26 308.79 303.21 313.65 329.38 347.03 0.9 5.29 10.28 16.52 23.46 28.6 31.87 34.87 35.51 33.9 32.06 28.49 28.87 32.72 33.53 29.09 21.63 13.79 5.32 1.11 8.24 22.89 39.59 52.86 61.63 82.17 97.14 100.69 107.17 111.56 110.77 110.66 120 17.91
293.52 290.04 283.24 280.89 283.73 290.75 311.84 341.8 342.05 331.35 318.23 314.27 330.91 339.92 339.23 337.28 334.21 328.44 319.65 312.58 305.73 286.85 273.4 264.74 250.65 245.01 248.17 252.72 255.79 281 308.4 321.84 337.62 349.58 358.82 13.78 31.32 31.94 27.58 22.63 12.24 12.07 17.34 23.79 30.14 33.78 35.89 38.54 37.34 33.82 31.58 28.84 28.98 30.74 28.97 25.01 21.57 19.15 16.91 19.44 29.17 36.52 47.7 58.79 66.37 82.29 93.02 95.6 100.43 103.31 97.89 88.95 84.49 53.56
282.34 283.96 283.77 282.84 278.46 274.42 282.18 310.95 320.16 310.63 293.16 282.28 300.75 319.17 320.98 321.47 323.09 322.13 316.23 310.23 303.65 284.07 270.53 263.11 251.8 247.37 249.62 252.36 252.61 263.93 286.31 13.31 47.67 52.2 64.77 78.99 83.98 74.88 62.22 50.72 28.97 23.62 28.65 34.27 38.64 40.1 41.02 43.29 39.66 33.89 30.93 27.84 26.17 25.3 23.27 22.44 24.57 29.31 34.34 42.2 48.95 46.43 52.67 65.58 71.92 84.35 92.04 93.42 95.96 97.31 92.1 85.18 83.08 70.51
269.05 275.32 285.15 286.75 280.05 273.84 280.83 307.85 317.74 307.28 283.66 266 287.04 313.96 317.66 317.31 318.76 319.08 314.45 309.29 302.86 283.32 270 262.35 250.96 246.58 247.53 248.35 246.12 241.31 218.65 142.86 82.5 70.17 80.07 91.08 93.77 77.32 57.83 46.68 32.98 29.75 34.56 39.38 42.69 43.74 44.72 47.02 40.69 32.94 29.68 26.64 24.35 22.69 21.43 22.36 27.22 35.98 43.88 48.72 48.46 42.92 51.75 73.17 78.16 87.82 93.53 93.67 94.09 94.39 90.83 86.38 84.94 72.6
255.23 265.87 286.89 291.25 283.47 276.11 283.69 311.79 321.37 309.36 276.95 251.32 276.48 314.55 319.85 317.97 317.83 318.11 313.93 309.32 302.89 283.34 270.01 261.5 248.97 244.24 243.9 243.02 238.87 224.15 198.5 165.13 108.62 79.74 90.02 101.2 102.79 75.78 48.22 37.54 31.22 32.6 37.4 41.6 44.44 45.97 47.67 50.19 40.92 31.47 28.18 25.61 23.68 22.38 21.94 23.4 29.37 40.88 50.2 49.24 42.58 36.36 48.97 81.39 84.74 91.68 95.72 94.59 92.88 92.2 90.42 88.2 86.9 71.47
243.76 259.53 286.14 295.33 290.73 283.28 291.24 321.94 336.36 332.99 281.96 238.09 274.2 312.09 320.59 321.5 322.08 322.69 319.36 315.79 309.86 288.07 272.34 260.81 244.88 238.6 237.37 236.46 232.81 219.26 206.72 202.72 214.5 276.6 203.77 178.22 173.03 13.66 5.69 7.16 12.12 21.41 28.89 33.19 35.07 34.71 31.8 27.79 16.81 11.5 11.04 11.25 11.83 13.19 16.67 22.39 31.27 43.16 49.94 43.23 36.15 35.76 53 82.84 85.27 95.33 101.35 97.9 93.16 91.23 90.97 90.65 89.45 71.89
243.81 259.98 278.38 288.26 299.39 301.8 303.95 330.38 353.79 12.91 28.92 263.23 289.66 308.46 317.47 323.47 327.12 328.27 325.79 323.51 319.51 298.8 281.16 262.63 239.87 231.2 230.41 231.71 230.04 220.63 215.88 223.23 246.4 266.2 260.86 253.8 253.03 283.08 316.38 332.25 347.16 3.18 15.64 20.5 20.9 16.51 6 352.45 346.74 349.21 352.4 355.73 359.09 3.27 11.1 22.8 34.12 42.36 43.24 35.74 33.91 39.92 55.87 71.77 71.94 96.94 113.82 105.82 96.42 92.76 93.67 94.62 93.29 74.76
261.99 264.61 265.99 265.25 294.31 312.93 309.48 322.25 349.98 16.83 15.47 333.42 308.69 306.19 310.74 319.57 325.85 327.15 324.41 321.84 319.19 304.72 291.48 266.98 237.11 227.09 227.93 231.48 230.23 221.64 217.24 224.28 245.2 262.45 260.71 258.96 259.36 278.14 302.88 319.76 341.34 4.31 19.36 21.89 20.9 15.13 4.93 353.98 347.66 348.7 351.94 355.47 359.03 3.58 13.38 28.98 39.03 42.13 40.54 37.22 38.82 45.1 53.8 56.69 55.61 94.06 122.68 112.8 100.49 95.49 97.29 99.16 97.71 78.68
278.91 267.17 251.39 241.33 294.16 324.73 318.22 314.77 336.11 15.48 8.23 349.79 329.12 313.79 313.65 326.55 335.79 338.61 338.04 336.87 335.64 325.38 311.59 273.53 230.48 221.58 224.94 229.4 227.32 218.98 214.88 221.31 240.9 257.61 259.45 263.29 265.06 274.07 286.96 298.59 324.46 352.07 8.62 10.05 7.58 2.7 356.96 350.71 346.14 345.93 347.89 350.74 354.97 0.54 11.78 31.29 38.48 36.73 34.3 35.16 40.22 46 47.76 43.69 44.89 92.01 127.86 118.06 103.88 97.74 100.75 104.01 102.69 81.04
286.38 247.45 203.43 203.69 314.85 340.27 334.38 317.31 291.56 351.23 0.96 1.23 1.49 4.02 8.67 10.81 14.05 20.12 26.76 30.33 28.65 22.93 8.57 329.88 212.26 214.32 221.91 223.09 217.41 208.49 204.66 209.39 227.53 247.66 254.83 267.34 271.39 271.6 272.17 275.21 298.15 316.01 326.57 337.17 336.49 336.89 340.67 341.8 341.28 340.21 339 338.91 343.46 350.77 358.88 13.4 19.63 19.52 21.17 25.68 30.53 33 31.79 31.03 40.86 92.97 127.84 119.8 104.74 97.66 102.85 109.37 109.75 78.94
207.17 139.05 137.97 164.86 344.14 348.98 345.07 325.63 270 327.59 356.63 7.82 21.33 38.75 44.69 39.35 38.79 43.87 47.95 48.85 45.78 38.79 27.9 26.18 194.61 216.84 222.78 216.29 208.17 200.14 196.99 199.97 214.72 236.79 250.56 274.58 281.05 271.18 260.41 261.35 290.07 307 313.97 325.95 326.36 326.45 331.74 335.86 338.28 337.77 334.94 331.18 333.3 342.12 347.22 351.52 359.52 6.06 12.79 18.82 20.37 18.54 19.38 26.53 44.22 96.83 126.8 119.02 101.77 92.89 99.17 108.6 111.49 72.13
189.64 154.79 121.37 131.11 348.45 349.56 345.77 326.96 270 321.26 355.74 9.85 24.99 39.2 42.44 41.07 43.93 48.61 49.08 47.11 42.7 33.31 22.46 16.93 300.23 243.17 227.69 211.99 204.38 198.83 196.99 199.97 214.72 236.79 253.49 281.95 288.52 272.03 253.84 253.98 291.14 312.12 318.75 329.89 330.19 328.11 330.8 334.34 338.1 338.81 336.04 329.36 326.9 337.58 344.71 350.53 359.45 7.03 14.83 20.02 19.75 17.9 21.52 32.91 52.83 101.91 126.8 117.69 96.88 85.8 91.15 99.75 101.65 69.8
155.77 137.12 92.04 64.39 13.77 6.17 7.77 12.19 354.52 340.22 355.83 7.89 21.2 31.99 35.56 38.64 43.93 46.69 42.56 37.67 32.62 24.24 17.6 17.03 20.91 307.28 209.1 195.04 192.12 191.15 192 195.45 208.94 230.81 250.57 291.11 304.22 274.55 238.74 243 299.74 323.11 329.77 339.09 339.35 336.3 335.85 336.51 339.57 342.03 341.87 336.46 332.31 347.34 359.56 5.77 7.33 10.6 16.61 19.86 19.56 20.27 27.46 40.44 58.23 108.22 133.13 123.26 94.73 79.7 83.46 88.91 88.35 50.44
129.93 117.77 78.99 60.21 35.14 27.14 33.4 45.07 48.63 9.61 357.07 2.07 11.03 20.63 28.04 34.34 38.66 37.97 29.94 23.67 19.66 15.6 14.53 20.01 38.84 51.2 151.78 173.49 178 181.87 185.36 189.48 200.72 220.18 236.34 296.12 351.37 71.89 179.86 229.99 319.94 336.15 342.45 348.82 349.08 346.58 344.02 341.16 341.57 345.15 348.73 349.34 355.6 14.55 24.21 23.78 17.48 15.04 17.73 19.26 20.43 24.42 34.03 44.81 57.64 113.39 143.24 136.28 99.02 79.1 76.38 68.6 51.95 5.92
118.95 105.2 68.06 51.79 38.26 34.79 40.61 43.12 33 9.34 357.46 0.53 9.17 19.91 29.47 35.27 37.26 35.28 26.06 19.68 16.44 13.99 14.36 20.94 39.49 50.74 134.46 167.82 174.49 179.8 184.06 188.5 199.36 217.37 224.94 244.35 86.65 89.88 91.8 294.83 330.27 339.1 345.38 351.04 351.32 349.16 346.49 343.12 341.93 344.88 349.51 351.72 5.89 27.85 29.88 24.8 18.93 16.62 18.99 20.44 22.29 27.24 36.75 45.52 56.16 109.52 142.36 138.14 108.03 89.8 72.72 49.05 27.06 358.77
109.53 92.41 55.74 41.22 35.16 36.63 40.61 34.28 20.09 5.34 357.13 0.62 10.4 21.95 31.44 34.49 33.95 31.71 22.54 16.62 14.08 12.55 13.35 19.39 34.99 43.4 128.35 168.66 176.82 183.81 189.66 196.45 212.34 231.66 234.48 237.29 225.26 260 314.66 303.61 316.7 324.57 334.09 344.95 347.35 346.3 344.62 341.85 339.58 340.95 345.15 343.21 332.98 19.97 22.05 18.81 17.52 17.64 20.17 21.65 23.97 29.33 38.33 46 56.31 102.76 133.81 129.9 111.46 100.32 71.82 41.16 24.75 5.44
99.43 69.47 28.39 18.68 16.02 15.73 14.17 7.81 1.92 357.17 354.83 0.73 10.04 14.93 14.34 11.1 9.34 8.43 5.37 3.41 2.62 3 4.68 8.41 16.63 21.1 143.18 183.22 196.08 208.58 219.24 230.57 246.1 255.04 256.47 259.39 260.64 270.24 280.27 281.87 288.52 293.1 300.52 317.4 326.47 330.11 332.35 331.59 328.19 326.06 326.86 309.41 269.22 277.63 311.57 347.45 12.75 19.77 19.74 19.24 22.18 28.55 39.08 49.49 62.93 100.09 119.47 113.14 102.9 98.46 75.34 50.11 42.91 30.14
65.78 20.74 1.92 360 358.02 351.67 345.24 346.56 349.85 351.17 352.31 0.91 9.28 6.47 356.28 348.02 345.83 346.84 350.89 352.75 353.18 354.65 356.83 358.45 359.52 360 242.13 202.63 218.59 233.05 243.07 249.83 255.87 258.44 260.93 265.44 267.18 271.92 276.91 278.23 283.88 287.81 291.48 302.59 311.2 318.04 323.99 324.88 320.62 316.02 314.69 293.62 263.21 264.37 270.75 283.55 11.58 22.13 18.07 16.42 20.68 28.53 42.69 57.69 73.37 104.97 117.67 109.43 98.09 93.3 75.63 56.19 52.45 41.12
39.19 13.96 1.8 360 358.15 352.73 346.75 346.69 349.42 350.62 351.13 1.19 9.96 5.65 356.92 349.13 345.91 346.84 350.89 352.75 353.11 354.48 356.69 358.39 359.51 360 325.79 216.03 234.16 249.64 258.13 259.37 257.74 256.11 260.84 268.98 271.7 274.29 277.14 278.49 286.02 291.22 292.86 299.68 306.15 315.33 324.02 325.67 320.75 315 313.33 290.08 257.6 254.64 245.24 220.9 130.18 23.93 16.76 16.76 23.84 33.28 51.57 69.6 84.74 113.69 123.84 112.86 95.83 88.01 72.5 55.81 52.23 38.38
17.92 4.52 357.23 354.99 353.32 350.05 346.36 346.95 350.56 353.36 355.64 5.49 8.95 4.83 0.17 356.03 353.93 354.45 357.13 359.54 1.64 2.95 3.53 4.6 6.48 4.75 348.47 247.47 257.07 269.03 273.96 269.03 260.19 255.91 262.59 272.23 275.27 276.32 277.53 278.64 286.54 292.81 293.94 297.87 302.46 314.55 326.98 330.97 327.79 323.23 323.26 296.16 250.09 244.75 226.79 205.2 189.53 17.7 16.92 24.92 37.45 46.31 66.75 84.4 95.68 119.12 127.93 115.85 93.68 83.02 69.79 56.05 53.11 38.74
358.31 354.12 350.11 346.91 345.6 345.07 344.43 346.95 352.99 359.38 6.61 13.24 6.18 4.2 5.04 6.83 8.19 8.25 8.81 12.51 17.25 17.5 14.89 14.57 16.54 11.31 357.55 303.03 286.63 289.5 290.42 281.31 267.53 262.3 267.88 274.51 276.62 277.78 278.9 279.4 284.8 290.36 292.6 296.13 300.06 315.1 331.92 340.24 343.22 347.06 355.39 354.96 239.59 238.02 216.19 202.73 203.32 355.42 21.44 41.75 55.25 60.95 80.72 96.18 103.07 120.81 129.21 117.49 91.59 78.88 68.08 57.3 55.38 42.55
351.31 350.38 347.74 344.4 342.88 343 343.35 346.07 353.57 2.58 11.75 14.2 4.79 4.14 7.48 11.65 14.12 14.26 15.15 20.37 25.24 22.78 18.26 17.18 18.12 11.89 359.66 331.04 310.57 305.16 302.56 294.27 282.06 275.71 275.59 276.44 276.79 279.23 281.56 281.41 282.5 284.58 287.12 291.15 295.16 311.62 331.77 343.34 350.83 2.32 16.62 29.49 7.87 264.11 214.13 201.45 203.14 258.64 39.04 59.67 64.38 67.99 89.86 105.48 109.21 122.18 129.29 117.52 89.47 75.8 67.32 58.97 57.72 46.49
351.31 350.57 348.34 345.28 343.36 343.02 343.08 344.53 352.2 3.03 11.9 11.98 4.61 4.4 8.1 12.18 14.16 14.59 17.15 24.29 27.77 22.29 16.98 15.7 15.8 10.01 359.74 340.86 323.87 314.83 309.61 303.68 296.55 290.34 283.91 278.47 276.79 280.83 284.74 284 280.25 277.54 279.58 283.93 287.99 304.22 326.56 340.01 348.57 3.1 21.23 24.64 2.78 310.37 216.1 199.75 199.05 195.64 103.85 81.37 70.24 72.24 98.04 114.38 115.42 124.06 129.29 116.93 87.37 73.21 66.87 60.7 59.88 50.08
359.17 353.31 347.37 341.68 337.03 333.88 330.95 325.7 325.08 331.54 334.06 337.74 348.87 358.48 6.31 11.48 11.63 9.27 6.59 4.48 1.96 359.68 357.83 354.69 347.99 340.55 331.99 321.65 316.24 312.77 310.28 308.89 308.01 304.69 294.71 283.04 278.94 284.44 290.54 290.4 281.38 272.37 274.61 281.05 286.65 306.59 331.82 345.92 357.25 22.35 42.9 39.87 32.74 47.67 144.14 157.81 147.27 122.36 107.11 94.43 81.91 81.67 98.8 111.98 113.1 119.25 125.2 115.22 84.42 69.52 64.7 59.83 58.89 49.83
5.99 356.14 347.18 339.5 332.74 327.41 322.34 311.38 302.62 303.74 300.79 303.23 327.23 350.18 4.13 10.68 8.7 3.46 354.8 342.99 335.75 337.84 339.69 335.95 326.93 321.09 315.17 309.06 308.38 308.29 308.22 310.19 314.21 315.09 305.99 290.51 283.98 288.08 294.62 297.48 283.89 264.79 268.36 280.63 290.44 318.39 344.09 356.99 13.64 55.79 69.04 58.64 55.35 75.56 117.47 132.6 124.17 109.19 102.41 94.63 85.2 84.72 97.29 108.23 108.82 111.39 115.97 108.42 80 66.54 62.38 57.69 56.32 47.94
5.28 356.76 348.74 341.74 335.14 329.57 324.23 310.11 296.01 295.2 286.73 281.2 310.04 346.43 5.15 11.27 8.01 2.97 355.34 345.85 338.3 338.05 339.1 335.64 327.5 322.26 315.84 308.84 308.15 308.15 308.15 310.69 315.77 317.21 308.62 293.62 287.04 286.13 286.74 288.13 275.23 258.77 261.75 273.73 283.41 311.21 341.13 356.9 21.08 87.78 90.94 73.66 66.94 86.03 121.52 133.96 125.33 109.55 102.31 94.63 85.27 84.8 97.25 108.12 107.19 104.52 103.99 96.89 75.87 66.42 62.29 57.61 56.35 49.79
8.29 1.31 355.13 349.94 344.88 340.32 335.76 320.62 298.57 294.72 277.68 264.91 282.81 313.3 332.29 351.34 354.35 351.99 349.54 345.07 340.13 339.56 340.34 337.74 331.6 328.3 322.96 316.16 316.34 317.21 317.32 319.8 325.4 327.75 320.81 305.48 297.2 289.99 282.79 281.76 267.46 252.47 255.79 267.87 276.8 299.64 334.84 0.02 43.77 115.23 112.62 92.05 82.89 98.53 125.2 135.48 127.58 111.02 103.02 95.08 85.41 84.99 97.42 108.48 106.38 98.38 92.12 85.78 72.33 66.43 61.94 56.72 54.99 49.67
16.23 11.62 9.44 8.62 8.7 9.18 9.86 14.81 23.17 6.69 315.05 281.91 280.94 283.96 286.22 307.76 323.27 326.59 334.33 338.56 339.62 341.96 343.88 343.22 341.71 344.8 348.13 352.4 359.65 3.38 1.93 359.73 1.3 5.9 12.37 18.89 17.39 12.71 353.77 317.94 265.88 242.91 252.12 267.42 275.62 285.34 316.38 24.52 76.87 114.05 157.7 158.02 124.76 116.84 127.29 135.11 130.12 114.05 105.28 97.07 86.97 86.63 97.72 108.35 106.34 94.06 83.99 78.92 70.14 65.96 60.33 53.31 49.69 43.81
19.5 16.78 17.85 19.94 23.07 26.55 29.85 41.16 52.98 39.57 4.63 318.91 293.45 280.3 277.29 293.74 309.18 313.71 324.67 333.13 338 342.96 346.02 346.52 348.35 357.89 11.29 28.52 37.48 35.57 30.29 27.45 28.54 34.78 44.58 53.26 54.77 55.58 52.85 35.28 5.4 248.35 263.49 276.48 281.14 272.02 243.56 126.61 87.72 48.24 304.56 198.07 161.34 135.81 129.15 131.47 128.75 114.33 105.99 100.05 92.33 91.54 96.97 103.09 101.94 91.05 82.81 77.68 68.7 64.19 57.32 48.65 43.53 37.25
17.76 15.81 18.01 20.63 23.9 27.54 30.53 38.5 43.63 28.06 2.47 336.93 309.01 282.01 274.07 290.79 306.9 311.38 322.23 330.92 336.39 342.13 345.52 345.51 346.14 357.31 14.44 35.71 44.14 36.28 28.36 27.07 32.12 41.49 48.9 52.45 51.74 47.77 38.1 21.76 2.12 296.02 287.79 288.92 288.88 259.45 204.25 161.74 92.2 19.51 340.13 192.09 169 148.05 131.49 125.44 122.95 110.27 103.37 101.89 99.23 97.79 95.23 93.45 92.82 88.84 85.99 78.95 67.18 61.62 54 44.76 39.68 34.66
