core/test/InputMaps/malcataAspect_350.grass
north: 40:14:17.01N
south: 40:12:39.7468N
east: 7:02:14.5154W
west: 7:04:21.43W
rows: 350
cols: 350
[rows 198 to 230 of 350, columns 0 to 73 of 350]
0 0 236.44 234.15 226.4 222.79 223.06 223.45 225.12 228.73 230.92 229.64 231.29 233.69 235.36 242.94 248.44 247.8 247.46 245.44 260.2 283.53 288.26 305.83 315.39 308.49 289.99 276.77 269.01 259.07 256.76 254.2 249.81 247.45 239.54 230.69 229.49 241.88 256.61 256.29 255.12 252.97 244.63 237.33 238.06 245.9 253.64 252.74 244.63 239.58 239.83 239.08 237.34 233.32 229.67 228.85 220.15 211.68 208.53 206.43 202.53 199.26 203.96 214.12 223.48 231.37 234.89 247.56 261.46 264.55 280.21 291.28 294.64 301.28
0 0 237.36 234.19 225.54 221.98 223.09 224.31 226.26 227.95 227.7 226.17 228.7 232.22 233.88 240.57 245.18 244.03 242.83 240.6 257.44 284.25 289.54 306.72 316.65 311.68 297.99 286.84 278.05 266.67 263.14 255.31 245.79 242.49 233.48 224.14 223.41 238.04 256.71 254.7 250.22 246.41 243.52 242.63 244.43 253.89 262.44 259.39 247.78 240.86 239.95 236.98 234 230.95 228.47 227.57 217.49 208.87 206.19 204.1 200.34 198.24 205.58 218.87 226.92 233.1 236.24 246.7 257.35 261 279.94 293.41 297.45 304.95
0 0 228.85 223.43 215.68 215.03 218.54 220.88 223.05 223.04 221.11 219.92 224.13 230.04 232.68 239.05 243.03 242.49 242.58 242.41 258.99 281.75 286.53 301.77 313.38 312.26 304.43 296.97 287.96 272.85 266.74 249.95 233.89 231.09 221.96 213.77 214.81 233.04 257.89 255.07 249.44 246.81 249.22 253.06 255.15 261.69 267.35 263.6 250.65 242.76 240.46 234.91 230.26 227 224.05 221.38 210.79 204.05 203.29 202.24 199.18 197.94 205.35 216.92 221.3 226.6 230.57 242.33 254.35 259.72 280.12 294.96 301.53 311.98
0 0 215.96 209.03 205.63 209.9 215.64 218.14 220.12 218.8 215.87 215.16 221.2 229.86 233.14 238.59 241.59 242.14 244.21 245.65 261.05 280.28 284.37 296.89 308.47 309.79 305.99 302.47 294.82 275.83 265.99 238.17 219.99 220.42 212.6 206.26 209.02 230.88 262.34 258.67 252.27 250.32 255.04 260.53 262.29 264.8 266.83 263.48 251.78 244.41 240.55 232.31 226.16 222.5 218.82 214.51 205.33 201 201.7 201.06 198.2 197.35 203.7 211.31 212.42 218.63 224.5 240.85 257.94 263.65 280.31 293.05 302.72 317.14
0 0 211.9 207.24 208.17 215.38 220.12 220.74 222.08 219.42 215.3 214.54 221.84 232.43 235.08 238.57 240.08 241.49 245.18 247.31 262.15 280.43 284.17 294.33 304.37 305.84 303.03 300.45 292.39 272.79 262.79 239.65 223.45 223.82 213.23 205.8 208.78 233.28 268.92 263.97 256.05 253.41 259.28 266 267.48 265.96 264.28 261.39 251.67 245.52 240 229.32 222.34 218.95 215.66 211.59 204.59 201.37 201.84 200.31 196.98 196.2 202.29 209.76 212.61 222.53 229.73 249.21 268 270.82 280.14 287.92 299.1 316.29
0 0 219.58 219.72 225.78 233.4 232.27 227 224.34 218.82 213.77 213.5 221.86 233.45 234.99 237.29 238.73 242.23 248.7 252.28 264.91 279.17 281.97 288.64 295.65 296.72 294.94 293.27 285.35 268.06 258.64 240.54 224.9 222.93 209.67 202.71 206.79 234.23 275.17 268.55 257.99 253.97 261.47 270.52 272.07 266.72 261.84 259.06 249.12 242.19 233.99 221.04 214.28 211.59 208.5 204.32 199.47 198.14 199.25 198.4 196.72 198.4 207.65 216.98 220.63 230.79 235 255.03 276.91 277.76 282.27 286.37 299.33 319.71
0 0 230.96 234.35 242.5 248.59 242.36 231.17 223.73 216.39 211.9 212.57 221.28 232.07 232.62 235.85 239.34 245.95 255.65 260.17 268.85 277.9 279.61 283.21 287.15 287.97 287.67 287.17 278.98 262.07 251.6 237.14 222.05 216 202.67 198.27 204.11 234.36 280.66 271.95 257.04 250.44 260.02 273.51 276.26 268.7 262.51 258.55 243.24 231.52 220.31 207.95 203.5 202.02 199.03 194.7 191.63 192.44 195.01 196.29 197.64 202.85 215.5 225.26 228.29 235.34 234.96 253.31 282.44 284.34 288.9 291.71 304.65 326.22
0 0 235.97 239.94 248.24 253.85 244.19 228.77 219.34 213.62 211.43 212.71 220.95 230.31 231.17 237.22 243.26 252.01 264.11 268.53 273.08 277.96 278.87 280.43 282.32 283.4 284.87 285.67 275.38 254.51 241.44 229.64 217.58 210.67 199.88 197.27 204.09 236.62 284.28 273.87 255.25 246.66 256.71 272.48 276.37 274.57 272.52 263.99 238.98 222.43 211.86 202.26 199.42 198.19 195 190.8 188.66 190.59 193.92 196.25 198.91 205.33 217.72 225.68 227.61 231.93 229.29 245.76 280.34 284.34 294.11 298.91 307.32 325.8
0 0 238.21 242.29 250.85 256.52 243.17 224.29 214.54 211.36 211.92 213.6 221.13 229.21 230.99 240.38 248.84 259.03 273 277.04 277.53 278.61 278.78 278.54 278.58 280.09 283.55 285.77 272.43 246.23 231.41 222.34 213.9 208.13 200.22 198.64 205.96 240.52 286.69 275.04 254.02 244.57 254.13 269.37 273.32 280.8 285.16 271.86 236.67 217.33 208.97 201.63 199.36 197.62 194.06 190.12 188.75 191.49 194.99 197.48 200.34 206.64 217.4 223.33 224.38 226.88 223.63 238.75 274.39 279.3 294.62 302.69 306.19 318.58
0 0 227.49 235.13 246.96 254.36 234.83 215.6 210.76 213.98 219.7 223.07 230.58 237.18 239.42 248.8 256.11 264.21 277.65 282.85 282.1 281.34 281.17 278.92 276.89 279.37 286.34 291.64 270.01 232.28 221.4 219.55 216.84 214.52 209.76 208.98 217.5 250.18 283.37 274.27 256.83 249.68 256.88 266.51 268.91 278.79 289.8 275.17 221.01 204.92 202.33 198.67 196.92 195.34 193.72 193.08 195.17 199.17 200.76 201.83 204 210.2 221.22 228.48 231.94 236.36 236.89 249.85 267.49 269.95 281.1 290.18 292.5 296.74
0 0 203.49 221.25 238.38 247.77 223.48 209.26 210.57 219.12 227.93 232.02 237.93 242.2 244.31 252.43 258.36 263.83 274.57 280.53 282.56 284.29 284.69 279.69 274.47 278.12 290.1 301.62 265.64 218.19 217.85 221.69 220.93 220.57 218.71 219.19 227.77 254.95 278.83 272.53 260.1 255.28 259.24 263.65 264.35 268.5 274.97 253.77 197.45 193.78 197.24 196.03 194.35 193.4 194.12 196.62 201.48 205.93 205.85 205.98 207.73 214.07 226.38 235.31 239.68 244.1 245.64 254.03 263.04 264.32 273.27 281.62 285.04 290.32
0 0 215.34 234.11 245.87 251.09 227.84 212.97 214.34 223.13 231.73 235.48 239.15 241.17 243.22 251.17 256.99 260.65 267.79 271.3 275.53 281.27 282.24 275.7 268.72 271.24 280.94 290.67 263.2 226.42 226.56 226.07 221.52 220.67 220.6 222.57 230.92 255.13 275.44 270.87 261.99 258.54 259.31 259.51 258.68 255.35 247.98 224.99 196.87 195.66 198.55 196.1 194.07 193.53 194.78 197.53 202.11 205.93 206.06 207.02 209.44 216.26 229.64 239.1 242.55 245.73 246.91 252 256.71 257.47 267.49 277.18 283.15 293.73
0 0 251.38 255.38 255.93 255.85 235.24 219.02 219.49 227.27 234.26 236.75 237.68 237.4 239.38 247.9 254.41 256.77 261.12 262.53 269.34 279.13 280.28 271.62 262.51 263.76 271.28 278.47 261.4 237.35 236.8 228.9 219.74 218.22 220.65 225.78 234.63 255.46 271.65 268.61 262.65 260.09 257.43 253.21 250.43 241.04 227.63 212.94 198 194.16 192.57 189.81 189.03 190.11 192.91 196.73 201.32 204.26 204.38 206.13 209.4 216.6 230.63 240.28 242.69 244.88 245.88 248.24 249.56 250.28 262.35 273.91 281.89 296.25
0 0 268.03 266.47 262.16 259.36 243.54 227.07 225.6 230.14 232.95 232.46 230.06 227.42 229.02 239.54 248.95 251.09 254.34 255.2 266.31 280.25 280.86 268.3 255.36 255.18 262.49 269.5 260.66 247.12 244.83 227.46 213.71 211.32 217.86 230.19 240.39 256.15 266.64 264.14 259.24 256.12 248.75 238.09 230.76 219.87 213.9 211.21 200.1 186.28 175.28 173.71 176.66 181.03 186.76 193.16 198.31 200.03 199.73 201.97 206.25 213.42 226.46 234.89 236.19 238.25 239.61 240.23 239.76 242.05 259.56 274.8 283.17 297.76
0 0 270 268.08 262.76 259.14 246.91 232.43 230.29 231.26 229.57 226.64 222.5 218.83 219.97 232.32 245.5 247.81 250.74 251.88 267.59 284.94 284.66 265.7 246.79 245.54 254.85 264.68 259.64 251.61 249.3 225.48 209.25 206.48 218.44 241.73 249.83 257.05 260.37 257.27 251.61 246.57 235.18 220.47 209.84 205 211.06 213.34 198.83 181.89 167.92 164.28 168.34 174.81 182.74 191.48 196.84 197.27 196.75 199.52 204.89 211.77 222.58 228.32 229.23 232.43 234.54 234.23 233.22 237.63 261.71 280.49 287.49 300.12
0 0 270 267.7 261.35 257.05 247.33 235.5 233.9 231.74 226.88 223.56 220.04 216.92 218.35 232.34 247.84 249.45 251.22 251.88 270.74 290.72 289.81 263.08 237.82 236.18 247.68 260.97 257.98 253.63 252.63 225.83 208.56 205.92 224.89 261.44 261.98 257.95 253.86 250.1 243.9 238.19 227.22 214.21 204.9 205.15 218.78 216.04 195.82 181.44 169.82 163.96 166.88 174.05 183.22 193.52 197.89 196.88 196.55 200.32 207.13 213.73 222.61 226.58 228.73 233.99 236.68 235.25 233.24 238.35 266.78 287.52 292.88 303.42
0 0 269.3 267.29 261.74 258.23 251.83 242.92 240.79 234.97 227.4 224.08 221.6 219.62 221.95 236.89 251.98 252.97 254.72 255.85 272.58 291.25 292.16 259.62 231.18 232.04 245.32 258.65 257.57 256.69 256.71 231.3 216.76 219.2 243.11 272.96 268.63 254.26 243.38 238.27 229.72 221.02 207.47 193.25 181.33 169.04 153.95 161.31 169.68 169.62 165.56 162.5 166.82 175.8 184.86 193.26 194.6 192.34 192.13 197.25 208.25 216.49 223.12 224.13 226.48 233.78 237.3 236.48 236.41 244.03 271.94 290.43 294.88 304.31
0 0 267.58 266.24 262.77 260.72 255.84 248.31 245.68 237.54 228.35 225.18 223.82 223.09 226.05 240.58 253.93 255.71 259.52 261.57 272.53 285.93 288.27 255 228.58 232.42 245.52 256.22 256.38 258.11 259.06 240.42 230.62 236.32 251.94 265.58 260.09 241.4 228.35 221.81 210.4 198.82 185.09 172.84 161.36 142.45 120.19 124.54 144.58 156.02 158.63 159.26 166.9 179.08 186.94 191.05 189.37 186.85 186.63 192.99 211.32 221.25 223.46 220.55 222.88 232.81 237.6 240.26 244.48 253.21 276.18 290.58 294.4 302.84
0 0 265.06 264.38 263 262.29 257.21 249.31 246.43 236.91 226.69 223.53 222.95 223.01 225.96 239.97 252.7 256.41 263.7 266.83 272.03 278.67 279.42 250.84 229.38 233.26 244.03 251.95 253.11 257.3 259.41 249.53 244.4 248.87 251.92 250.23 242.18 230.22 223.18 215.56 203.37 192.66 181.26 171.35 161.66 145.78 126.89 126.51 139.42 150.62 154.24 154.4 163.34 179.82 187.81 190.88 188.31 185.71 185.57 193.59 222.39 228.51 222.99 216.83 220.15 233.54 239.85 247.53 255.82 262.69 280.74 291.83 294.6 301.23
0 0 261.92 261.91 262.58 263.19 257.3 248.33 245.24 234.38 223.52 220.73 221.14 222.11 225.14 238.55 250.57 256.08 267.08 271.52 271.35 271.29 269.8 246.03 229.31 232.82 241.37 247.08 249.4 256.12 259.49 258.75 259.5 260.9 249.31 235.35 227.78 223.3 221.86 212.92 200.22 190.45 180.76 172.53 164.45 151.69 136.08 132.82 138.95 147.6 150.62 147.71 154.38 177.17 186.75 190.92 189.02 187.11 188.33 201.13 244.5 238.25 223.39 215.9 221.88 238.9 246.01 257.6 268.39 272.06 284.54 292.49 294.22 298.75
0 0 253.04 254.66 258.52 261.1 251.83 239.68 237.11 225.22 215.75 215.37 218.21 221.14 224.98 237.02 246.57 251.92 265.75 272.69 268.55 262.55 258.6 234.31 221.62 226.2 234.84 240.79 245.57 255.43 260.21 264.37 269.16 268.15 237.03 218.17 217.66 220.52 221.75 210.84 197.33 187.84 179.36 172.87 166.74 157.31 146.12 143.31 145.17 150.49 151.49 142.22 135.48 159.91 177.51 189.27 193.02 194.92 202.26 225.66 261.38 247.43 228.34 224.34 235.84 252.12 257.01 266.22 274.9 276.68 284.48 290.01 291.06 293.69
0 0 226.09 237.67 249.5 255.97 240.95 227.18 227.68 216.78 210 212.23 217.11 221.47 225.61 234.94 240.57 243.5 254.9 260.36 254.06 247.54 243.96 221.4 213.67 220.05 230.04 237.49 244.76 256.89 262.43 263.95 265.26 261.4 216.36 207.07 214.85 220.24 220.01 208.24 194.91 185.99 178.51 173.15 168.29 160.8 152.45 151.37 151.66 154.52 153.6 139.12 122.31 140.64 165.76 189 198.75 203.61 215.31 237.84 259.26 249.11 235.67 235.48 246.98 258.5 261.52 269.02 276.34 277.75 283.7 288.12 288.83 290.43
0 0 240.63 249.7 257.67 261.69 247.79 234 234.2 220.31 212.09 214.27 219.05 223.21 226.54 232.48 234.69 235.75 242.44 242.35 240.17 245.14 244.38 224.63 217.38 223.87 233.44 240.27 247.74 260.1 265.56 260.78 253.03 245.26 217.79 212.21 219.27 220.02 216.39 205.25 193.16 185.27 178.66 173.72 169.22 161.91 153.13 151.69 150.5 152.3 151.2 135.49 117.81 129.89 157 195.13 204.95 209.09 221.37 238.62 250.83 246.32 243.04 245.65 253.81 261.05 262.91 270.4 277.67 278.9 284.17 288.12 288.55 289.57
0 0 259.79 263.11 263.67 263.61 246.84 229.42 228.02 211.92 205.5 209.25 215.23 220.56 224.33 228.59 229.71 231.18 236.07 235.15 238.31 250.06 251.13 236.81 229.62 234.63 241.49 245.76 251.4 261.6 266.23 255.09 238.83 227.83 211.37 208.03 211.26 206.46 199.88 191.39 184.75 181 178.24 176.58 175.27 172.71 169.43 169.72 170.84 175.59 182.48 195.77 218.91 224.23 232.67 240.44 218.72 214.68 224.25 235.21 240.86 241.01 247.14 252.72 258.91 264.75 266.39 273.13 279.11 279.92 284 287.18 287.49 288.07
0 0 321.33 287.87 265.07 250.35 217.19 192.72 184.26 182.83 187.51 195.45 204.77 213.62 219.91 224.77 227.21 230.57 235.32 235.52 241.84 254.33 255.84 248.11 243.34 245.93 248.67 249.8 252.52 258.1 259.96 242.94 221.15 208.82 195.92 188.15 182.84 177.62 172.95 170.62 172.38 174.59 177.35 180.88 184.88 190.92 199.57 203.89 212.59 222.2 232.93 250.82 260.16 258.71 255.8 252.08 229.27 217.17 220.83 226.15 229 232.69 244.62 252.43 265.38 277.82 277.84 279.37 281.24 281.32 283.51 285.45 285.87 286.46
0 0 352.72 316.48 260.58 221.11 188.24 172.27 162.79 167.22 177.6 188.79 201.25 213.36 221.25 225.73 228.26 231.55 234.49 234.16 241.13 253.62 255.37 252.08 250.39 251.37 250.67 249.44 249.79 250.48 248.04 229.92 210.46 199.65 188.46 178.81 170.95 167.37 164.39 163.4 167.11 171.56 176.77 182.92 189.65 199.58 212.08 217.46 228.09 237.72 245.21 256.22 261.38 256.95 249.15 241.74 226.74 217.38 218.08 221.12 223.68 228.32 240.18 247.06 280.03 301.65 295.95 288.31 284.36 283.64 283.69 284.09 284.73 285.73
0 0 355.51 329.74 254.89 208.2 186.03 173.66 165.44 166.43 177.03 191.01 206.56 220.88 228.08 229.95 230.95 232.68 232.81 231.19 238.14 250.96 253.05 253.67 255.27 254.8 250.72 247.34 245.69 242.24 236.72 221.23 205.91 196.69 187.24 178.97 172.05 168.54 165.61 163.84 166.45 170.86 176.42 183.3 190.96 201.84 214.73 220.59 232.83 243.53 249.18 256.55 259.76 251.54 238.61 228.84 220.63 217.38 218.08 221.12 223.68 227.75 237.79 243.23 294.4 318.06 310.8 297.16 287.83 286.38 284.27 283.03 283.91 285.44
0 0 20.86 12.29 198.53 193.67 194.58 190.53 187.8 188.77 196.32 207.38 220.5 231.92 234.62 231.09 228.68 228.27 226.73 225.58 234.01 248.14 250.91 254.59 258.54 256.01 247.08 239.88 235.27 228.05 220.64 208.03 197.01 189.96 182.4 174.9 168.25 165.4 163.01 160.78 162.34 166.59 172.34 179.69 188.01 198.34 209.41 214.8 228.24 241.3 245.97 251.63 253.97 241.35 227.31 222.82 223.74 225.66 226 230.32 235.19 241.66 253.22 259.55 288 311.24 312.7 302.49 291.74 289.43 285.07 282.09 282.89 284.53
0 0 34.25 33.51 63.51 179.55 208.64 206.77 207.66 212.33 218.36 224.1 233.03 240.95 239.11 229.68 223.41 221.59 220.57 221.35 231.5 246.57 249.86 254.7 259.4 254.66 240 228.17 220.84 212.5 205.9 197.12 189.74 184.58 178.59 171.86 165.45 162.85 160.78 157.93 157.9 161.6 167.3 174.82 183.78 193.12 201.12 204.97 217.07 231.61 235.46 240.41 242.65 229.46 221.19 224.38 229.39 231.27 231.79 238.63 245.96 253.86 266.06 270.95 285.86 302.69 308.22 303.74 296.01 292.91 286.37 281.68 281.92 282.59
0 0 30.69 28.37 35.76 3.75 226.68 210.54 209.78 215.71 223.35 229.35 238.75 246.78 242.79 229.63 221.88 220.89 221.29 222.67 232.54 246.75 249.85 254.7 259.41 253.33 235.41 222.43 215.9 209.01 203.23 195.47 188.89 184.15 178.69 172.78 166.93 164.12 161.91 158.4 156.59 159.62 165.5 173.8 184.39 194.58 201.78 205.79 218.71 234.29 237.4 240.88 242.36 232.76 226.65 230.23 231.59 229.93 231.11 241.44 251.81 261.76 277.04 281.58 289.65 300.55 304.95 303.69 299.88 296.34 287.94 281.68 281.17 280.2
0 0 14.67 8.71 359.87 329.24 260.15 216.16 213.19 220.49 229.03 234.26 243.01 250.33 243.38 226.14 217.85 218.46 221.05 223.75 233.69 246.99 249.8 253.97 257.84 249.73 228.09 214.47 208.36 201.86 195.62 188.39 182.81 178.58 175.33 173.01 170.81 170.19 169.76 168.28 167.52 170.63 176.38 184.78 194.7 205.3 214.86 222.37 236.03 246.45 246.69 247.74 248.08 242.37 237.89 239.89 236.31 231.57 233.99 248.24 261.03 270.53 284.82 288.79 291.36 296.61 299.42 301.17 301.36 298.46 289.19 281.74 280.57 278.02
0 0 339.66 330.32 311.43 294.66 267.59 223.8 219.7 227.46 234.15 236.75 241.94 245.74 233.9 214.31 208.82 212.92 219.38 224.86 235.38 247.35 249.59 250.81 250.65 238.43 213.6 201.27 195.34 188.14 180.14 173.31 169.23 165.84 166.47 171.81 178.86 184.99 190.12 196.37 203.58 207.62 210.97 216.02 218.89 229.18 242.96 249.03 253.24 254.28 253.64 254.55 254.89 252.34 249.79 249.79 243.25 237.4 241.56 259.07 271.65 277.02 286.15 289.46 289.57 290.86 292.07 295.14 298.19 297.38 289.19 281.71 280.11 276.38
0 0 327.01 317.48 294.13 271.54 255.35 229.06 227.26 233.22 236.4 236.83 236.97 234.23 220.13 204.89 203.46 210.69 220.78 228.61 238.5 247.9 249.24 245.5 238.71 224 202.55 192.99 187.58 180.62 172.66 166.23 162.58 159.56 159.91 169.39 184.97 196.59 205.25 214.49 221.6 223.58 225.38 228.37 228.67 245.33 264.38 263.66 257.63 251.96 251.62 254.13 255.42 254.33 253.4 253.17 246.67 241.18 246.75 268.28 281.24 282.81 287.45 289.44 288.28 287.32 287.64 290.32 293.6 293.88 287.39 281.05 279.3 275.11
