core/test/InputMaps/malcataSlope_500.grass
north: 40:14:17.01N
south: 40:12:39.7468N
east: 7:02:14.5154W
west: 7:04:21.43W
rows: 500
cols: 500
[rows 105 to 139 of 500, columns 312 to 389 of 500]
36.54 38.3 38.74 38.61 37.95 36.06 33.24 30.21 28.3 28.05 27.87 27.37 28.45 31.06 33.06 34.69 38.55 42.37 42.41 41.32 33.81 26.45 25.04 24.62 20.83 22.38 22.36 21.72 19.43 17.27 16.11 15 14.32 14.67 15.6 16.39 17.69 21.65 21.76 22.65 29.29 36.31 37.75 38.97 38.81 37.95 37.47 32.24 24.34 32.8 31.47 27.08 18.36 16.3 16.14 16.6 19.24 23.87 28.94 33.02 34.81 34.37 32.95 32.11 35.56 39.75 41.83 40.81 40.31 41.56 42.15 43.84 47.25 48.46 47.96 40.91 41 41.84
19.99 22.19 23.49 24.08 24.62 24.67 24 23.03 22.87 23.69 24.38 24.84 26.29 28.47 30.06 31.36 35.99 41.5 42.43 41.87 34.33 26.92 25.82 25.76 21.8 20.59 17.98 14.96 10.7 7.29 5.79 4.5 4.22 4.65 4.71 4.21 5.75 13.56 13.49 14.43 21.51 27.71 28.05 28.44 28.51 29.22 30.95 27.97 20.62 27.23 24.63 20.07 11.97 12.69 18.25 23.59 28.26 32.17 35.73 38.3 37.72 33.78 28.66 25.33 27.94 33.21 37.9 40.41 44.28 49.31 53.55 56.33 54.61 47.95 39.77 27.85 29.81 35.11
16.75 19.17 20.7 21.39 22.34 23.14 23.01 22.37 22.2 22.69 23.34 23.96 25.31 27.19 28.67 29.96 35.14 41.7 42.98 42.52 34.71 27.02 25.95 25.95 22.24 19.33 15.77 11.97 7.98 5.12 3.49 2.05 2.78 4.23 4.23 3.54 5.68 14.23 14.3 15.15 20.53 25.13 25.21 25.24 24.53 24.88 27.01 25.53 19.79 23.18 20 16.75 12.95 14.26 20.09 25.64 30.1 33.71 36.99 39.21 38.41 34.26 28.63 24.8 25.62 30.06 35.5 39.67 45.55 51.55 56.32 58.46 54.24 45.05 34.73 25.16 27.13 31.89
16.21 18.67 20.26 20.97 22.16 23.42 23.53 22.9 22.4 22.34 22.8 23.44 24.61 26.23 27.66 28.99 34.65 42.12 43.66 43.2 35.07 27.06 25.95 25.95 22.7 18.88 14.93 10.84 7.27 4.95 3.29 1.67 1.98 4.23 4.23 3.51 6.12 15.05 15.12 15.74 19.49 22.66 22.75 22.66 21.28 21.31 23.77 23.69 19.68 20.01 16.22 14.09 15.25 18.68 23.43 27.77 30.91 34.04 37.3 39.23 38.9 35.77 30.42 25.77 24.66 28.54 34.22 39.53 46.74 53.03 57.68 58.44 53.26 43.91 33.23 25.7 26.21 29.78
15.78 18.21 19.85 20.58 21.97 23.7 24.06 23.45 22.6 22 22.29 22.94 23.94 25.32 26.71 28.09 34.17 42.54 44.34 43.89 35.44 27.1 25.95 25.95 23.3 19.22 15.19 11.2 7.7 5.36 3.86 2.59 1.2 4.23 4.23 3.48 6.56 15.87 15.94 16.32 18.45 20.2 20.3 20.09 18.1 17.98 20.83 22.07 19.7 17.66 13.2 11.62 17.67 24.1 27.95 30.9 32.27 34.69 37.88 39.29 39.65 38.09 33.11 26.99 24.04 28.13 33.87 40.16 48.44 54.91 59.42 58.43 53.43 45.33 35.08 27.34 25.4 28.12
8.85 12.78 15.33 16.49 18.68 21.57 22.7 22.52 21.67 20.69 20.65 21.08 21.68 22.58 23.67 24.81 31.48 41.27 43.99 44.3 36.58 29.05 28.27 28.52 27 23.97 20.85 17.78 14.49 11.67 9.6 7.63 4.42 4.05 3.3 2.91 8.06 17.18 17.39 17.67 18.01 17.92 17.61 16.97 14.06 13.21 15.75 17.39 16.41 14.72 11.79 10.96 19.53 27.21 28.16 26.91 23.01 22.42 24.57 24.09 27.21 31.31 29.8 24.02 19.93 23.67 27.38 32.6 40.23 44.91 46.88 41.54 39.52 38.8 34.65 29.31 26.61 28.45
2.62 4.89 8.93 10.52 13.8 18.21 20.28 20.62 20.08 19.03 18.71 18.81 18.88 19.17 19.81 20.57 27.61 38.28 41.99 43.44 37.54 31.85 31.7 32.33 31.98 30.4 28.49 26.57 23.98 20.93 18.08 15.28 10.85 5.96 1.15 3.68 11.92 19.67 20.06 20.24 18.79 16.58 15.36 13.95 10.13 8.18 9.9 11.26 11.41 11.7 11.59 12.17 19.28 25.56 24.89 22.48 16.76 13.16 13.06 5.39 12.24 22.05 23.13 18.29 14.22 17.35 18.19 21.73 28.65 31.53 30.92 18.6 19.14 27.18 29.92 29.55 28.98 30.09
9.18 0.68 5.71 7.55 11.29 16.52 19.05 19.53 19.26 18.44 18.13 18.13 17.9 17.81 18.26 18.91 25.43 35.44 39.29 41.22 36.78 32.47 32.63 33.4 33.64 32.79 31.31 29.79 27.64 24.74 21.76 18.86 14.39 8.93 5.57 7.28 15.05 21.15 21.57 21.54 18.48 14.67 12.87 11.04 7.18 5.25 6.94 8.56 9.64 10.83 11.64 12.64 16.96 20.69 20.01 19.65 17.96 16.47 16.06 9.52 9.35 17.16 18.04 14.47 12.54 15.46 15.46 18.37 24.63 27.06 26.34 13.87 10.99 20.09 25.12 28.11 29.61 30.63
14.9 3.51 4.16 6.46 10.07 15.6 18.38 18.88 18.84 18.34 18.13 18.13 17.7 17.36 17.76 18.43 24.12 32.95 36.62 38.67 35.35 32.07 32.35 33.13 33.73 33.33 31.94 30.44 28.65 26.19 23.42 20.76 17.2 13.22 11.23 12.22 17.68 21.86 22.27 21.99 17.33 12.28 10.06 7.97 4.39 3.5 5.74 7.89 9.64 10.96 11.77 12.56 14.24 15.21 14.26 15.41 16.92 17.18 16.79 10.88 6.04 12.24 13.45 12.07 12.81 15.46 15.46 17.86 22.92 24.75 23.96 14.27 8.57 16.05 22.03 26.78 29.4 30.57
20.85 7.16 3.76 6.21 9.13 14.72 17.73 18.25 18.42 18.23 18.13 18.13 17.51 16.94 17.29 17.98 22.86 30.54 34.04 36.25 34.02 31.69 32.09 32.88 33.83 33.93 32.64 31.17 29.82 27.95 25.39 22.97 20.64 18.33 16.95 17.54 20.44 22.58 22.98 22.44 16.24 10.4 7.65 5.07 1.62 3.02 5.45 7.83 9.85 11.15 11.95 12.47 11.97 10.02 8.52 11.36 15.9 17.9 17.52 12.33 3.81 7.32 9.2 10.42 13.18 15.46 15.46 17.36 21.25 22.48 21.6 14.67 8.68 14.08 20.63 26.18 29.28 30.52
28.76 12.41 4.15 3.16 2.87 10.37 14.27 15.26 16.25 16.87 17.12 17.27 16.57 15.67 15.66 15.98 20.06 26.61 29.59 31.47 29.46 27.27 27.5 28.08 29.42 30.54 29.92 29.08 28.85 28.07 25.9 23.89 23.12 22.78 22.05 22.14 21.98 21.56 21.55 20.31 11.59 4.46 2.35 1.87 3.77 6.47 8.35 10.26 12.01 13.29 14.28 14.87 13.8 10.73 7.06 6.46 12.15 15.93 15.97 11.66 1.98 3.93 6.09 7.86 11.57 14.36 15.21 17.13 19.52 19.64 18.44 13.94 8.7 10.85 15.97 20.14 22.6 23.77
40.58 23.84 16.18 13.37 8.85 8.13 9.73 9.99 12.07 14.24 15.16 15.54 15.01 13.9 13.33 13.02 16.37 21.82 23.95 25.06 22.39 19.44 19.18 19.36 21.25 23.77 24.24 24.41 26.2 27.39 25.87 24.52 24.77 25.48 25.28 25.02 22.19 19.5 19.52 18.35 9.42 5.88 7.29 8.71 10.4 12.14 13.28 14.47 15.82 17.24 18.63 19.69 19.86 19.35 18.59 17.98 18.89 19.44 17.58 13.01 6.26 5.28 4.66 4.12 9.43 13.58 15.59 17.49 17.49 15.51 13.79 12.21 10.09 9.38 10.5 10.05 9.97 10.84
49.34 31.22 22.86 19.9 15 10.17 7.35 5.21 8.23 12.25 13.86 14.34 14.2 13.44 12.78 12.26 14.93 19.27 20.88 21.67 18.99 15.91 15.46 15.46 17.55 20.51 21.35 21.91 25.61 28.97 27.92 26.95 26.68 26.75 26.69 26.31 21.71 17.62 18.15 17.8 11.65 10.71 11.52 12.39 13.64 14.96 15.73 16.61 17.89 19.44 20.99 22.24 22.97 23.76 24.58 25.08 24.78 22.82 19.29 14.22 8.81 7.18 5.24 2.28 10.65 15.97 17.97 18.27 15.19 10.83 8.3 9.97 12.22 12.45 12.21 8.64 4.67 4.8
54.51 34.02 24.37 21.62 16.66 10.25 5.2 0.39 5.36 10.95 13.19 13.69 14.01 13.87 13.42 12.92 14.83 18.05 19.43 20.27 18.27 15.83 15.46 15.46 17.31 19.94 20.75 21.33 26.53 31.84 31.02 30.14 28.7 27.57 27.51 27.01 20.76 15.19 15.8 15.7 10.83 10.83 11.64 12.53 13.89 15.28 16.03 16.94 18.4 20.07 21.58 22.68 23.15 23.81 24.63 25.06 24.08 21.21 17.35 12.68 9.22 8.72 7.21 2.05 13.08 19.82 21.46 19.17 13.19 7.5 2.79 7.08 13.16 14.87 14.68 10.47 5.39 5.07
59.91 37.11 26.21 23.67 18.93 12.18 6.97 4.66 4.01 9.75 12.54 13.06 13.82 14.31 14.07 13.6 14.73 16.85 18 18.91 17.57 15.74 15.46 15.46 17.08 19.38 20.17 20.77 27.46 34.77 34.15 33.34 30.72 28.39 28.33 27.71 19.82 12.77 13.5 13.68 10.17 11.02 11.81 12.72 14.18 15.64 16.37 17.33 18.99 20.81 22.26 23.21 23.37 23.9 24.71 25.04 23.66 20.31 16.24 12.13 10.45 10.62 9.41 2.11 15.55 23.75 25.14 20.11 12.01 7.82 3.57 4.49 14.1 17.31 17.14 12.32 6.21 5.46
66.44 43.12 32.1 29.64 25.3 18.99 13.75 10.67 4.14 6.69 10.62 11.73 13.53 15.06 15.17 14.78 15.18 16.26 17.12 17.94 17.03 15.61 15.27 15.15 16.44 18.28 18.73 18.99 27.26 36.77 36.73 36.22 32.65 29.34 29.35 28.71 20.05 13.48 14.98 16.03 14.89 15.84 16.2 16.66 17.69 18.8 19.28 19.99 21.49 23.07 24.11 24.56 24.1 24.18 24.7 24.67 23.13 20.04 16.25 13.11 12.79 13.29 12.37 5.03 17.81 26.8 27.36 18.78 8.48 9.61 8.27 2.33 14.71 19.43 19.39 14.16 7.43 6.68
73.71 54.15 45.12 42.76 39.04 33.19 26.97 21.67 12.07 2.71 6.02 8.53 12.71 16.19 17.01 16.84 16.88 17.18 17.53 17.88 16.93 15.49 14.87 14.42 15.38 16.71 16.44 15.98 25.3 36.02 37.02 37.53 34.53 32.12 33.53 34.5 29.61 27.08 28.36 29.35 29.04 28.78 27.92 27.15 26.92 27.01 26.72 26.61 27.15 27.69 27.65 27.03 25.54 24.72 24.42 23.67 22.2 20.11 17.23 15.3 15.8 16.88 17.13 12.72 19.53 26.22 25.39 14.94 2.78 10.1 10.07 0.18 15.27 20.82 20.89 15.86 9.53 9.5
76.53 61.27 53.92 51.74 48.78 43.9 37.69 31.77 20.79 7.38 0.69 5.48 11.27 16.56 18.13 18.13 18.13 18.13 18.13 18.13 17.13 15.7 14.92 14.3 15.34 16.79 16.34 15.74 23.73 32.84 34.38 35.88 34.26 33.64 36.64 39.41 37.98 37.18 37.99 38.59 38.1 36.99 35.34 33.78 32.75 32.2 31.4 30.74 30.57 30.36 29.6 28.32 26.28 24.97 24.16 23 21.86 20.66 18.39 16.89 17.21 18.55 19.93 17.65 18.99 21.18 19.55 12.56 7.08 9.37 8.3 1.95 16.17 21.41 21.41 17.21 12.04 12.41
74.67 61.77 55.09 52.95 50.96 48.08 43.37 38.34 26.97 11.87 5.14 7.48 10.25 16 18.13 18.13 18.13 18.13 18.13 18.13 17.35 16.19 15.46 14.87 16.28 18.2 17.85 17.31 22.67 28.99 30.52 32.22 30.97 30.85 34.09 37.18 37.12 37.03 37.84 38.49 38.13 36.93 35.29 33.7 32.59 32.02 31.22 30.54 30.31 30.05 29.29 28.03 26.11 24.88 24.07 22.97 22.33 21.68 19.54 17.69 16.93 17.67 19.12 17.77 16.13 14.65 12.17 8.79 6.81 6.68 5.08 3.77 16.75 21.41 21.41 18.34 14.56 14.9
72.85 62.27 56.33 54.25 53.36 52.85 49.76 45.44 33.66 17.45 10.89 12.17 10.53 15.47 18.13 18.13 18.13 18.13 18.13 18.13 17.58 16.69 16.03 15.45 17.25 19.63 19.39 18.89 21.61 25.17 26.75 28.68 27.89 28.37 31.86 35.26 36.38 36.89 37.7 38.39 38.18 36.95 35.31 33.69 32.46 31.86 31.05 30.36 30.07 29.77 29 27.77 25.96 24.82 24 23.01 22.96 22.93 20.91 18.59 16.65 16.91 18.42 17.91 14.61 9.48 4.82 5.82 6.68 4.8 2.05 5.88 17.33 21.41 21.41 19.47 17.16 17.66
68.13 59.52 54.66 53.23 54.23 57.01 56.1 52.73 40.86 23.9 16.9 17.35 11.44 14.44 17.79 17.91 18.03 18.04 17.89 17.71 17.22 16.62 16.3 16.03 18.41 21.33 21.28 20.87 21.22 22.48 24.25 26.38 26.05 27.04 30.55 33.99 35.9 36.95 37.94 38.82 38.95 38.01 36.64 35.23 34 33.3 32.41 31.55 30.84 29.87 28.42 26.61 24.44 23.07 21.99 20.95 21.76 22.78 21.21 18.54 15.42 15.22 16.68 16.91 14.07 8.55 2.84 3.41 4.62 2.95 1.59 8.42 18.27 21.81 21.85 21.02 20.22 20.97
54.4 45.93 42.67 43.7 48.88 57.13 59.98 58.75 48.84 33.25 25.3 23.75 12.53 11.33 16.1 16.78 17.6 17.83 17.15 16.3 14.97 14.28 15.07 16.24 19.99 24.1 25.32 26.19 26.56 27.1 28.31 29.55 28.72 29.22 31.72 34.18 35.99 37.67 39.48 41.22 42.42 42.7 42.55 42.28 41.64 40.71 39.4 37.88 35.37 31.37 26.66 21.94 17.73 15.01 12.71 11.28 14.66 18.11 17.9 15.37 10.8 9.69 10.73 11.64 11.75 10.73 9.25 6.33 5.71 7.88 9.48 14.12 21.96 25.26 25.77 25.82 25.66 25.97
46.15 36.34 32.97 35.14 43.12 55.14 60.47 60.85 54.39 42.54 35.16 32.54 17.36 8.22 14.15 15.28 17.23 18.56 17.88 16.84 13.71 11.2 12.69 15.25 20.12 25.36 28.2 30.87 32.92 33.63 33.67 33.64 31.74 31.44 33.05 34.64 36.13 38.24 40.7 43.11 45.09 46.31 47.13 47.8 47.68 46.58 44.94 42.91 39.03 32.7 25.31 18.28 12.86 9.45 6.62 6.75 12.32 15.98 16.06 13.36 7.62 5.48 6.17 7.4 9.35 11.05 12.42 12.51 13.61 15.16 15.93 19.41 26.4 29.87 30.93 30.98 30.05 29.29
42.72 32.68 29.44 31.85 40.51 53.8 59.74 60.12 56.4 48.83 43.57 41.48 23.77 7.2 12.96 14.18 17.17 20.2 20.08 19.16 13.8 9.02 10.7 13.64 18.27 23.32 26.33 29.17 32.06 33.59 33.67 33.64 31.44 31.14 32.76 34.37 35.98 38.23 40.7 43.1 45.03 46.26 47.08 47.77 47.68 46.53 44.89 42.87 39.31 33.63 26.5 19.83 14.61 11.24 8.99 9.12 12.76 15.16 15.24 12.55 6.91 5.04 5.78 6.88 8.54 10.18 11.65 12.24 13.84 15.46 16.22 20.04 27.54 31.16 32.18 31.54 29.74 28.73
39.3 29.08 26.08 28.77 37.98 52.47 59.01 59.39 58.43 55.35 52.18 50.45 30.2 7.17 11.86 13.19 17.11 21.89 22.33 21.5 13.89 7.26 9.47 12.69 16.86 21.6 24.75 27.76 31.27 33.55 33.67 33.63 31.17 30.93 32.56 34.19 35.94 38.39 40.84 43.21 45.03 46.23 47.05 47.75 47.7 46.54 44.9 42.96 40.29 36.08 29.55 23.3 17.46 13.59 11.8 11.53 13.19 14.34 14.43 11.75 6.22 4.71 5.49 6.49 7.93 9.51 11.07 12.13 14.14 15.8 16.55 20.71 28.72 32.48 33.46 32.11 29.43 28.18
35.79 25.32 22.52 25.4 35.01 50.7 57.89 58.33 60.18 61.8 60.77 59.3 36.52 7.46 10.31 11.96 16.91 23.59 24.65 23.92 14.17 6.75 9.58 12.67 15.97 20.11 23.26 26.28 30.11 33.09 33.33 33.36 30.7 30.6 32.21 33.83 35.74 38.35 40.72 42.97 44.54 45.63 46.43 47.11 47.06 45.91 44.22 42.43 41.23 39.26 33.63 27.81 20.93 16.29 14.83 13.98 13.62 13.54 13.64 11.01 5.69 4.64 5.43 6.35 7.62 9.15 10.75 12.19 14.51 16.18 16.9 21.42 29.95 33.86 34.82 32.75 29.24 27.79
31.94 19.52 13.76 14.47 25 43.11 51.35 52.21 57.32 64.37 66.59 66.17 43.55 12.39 2.72 4.61 14.1 24.82 27.63 27.93 19.81 15.01 15.06 14.88 14.8 16.21 17.37 18.44 21.58 25.82 27.37 28.75 26.78 26.91 28.12 29.32 30.8 32.66 33.79 34.77 35.06 35.46 35.85 36.09 35.58 33.87 31.39 29.51 32.08 35.68 33.61 30.24 23.85 19.27 18.17 16.69 14.5 13.45 13.75 11.6 7.67 7.22 7.6 8.1 8.9 10.01 11.22 12.59 14.95 16.58 17.29 22.26 31.5 35.79 36.97 34.61 30.93 29.97
31.51 20.04 14.55 14.08 22.35 38.48 45.61 46.01 52.16 61.55 65.95 67.68 51.72 28.19 15.07 8.03 9.27 23.66 28.83 31.06 27.04 22.91 19.89 16.61 13.98 13.17 12.48 11.73 14.04 18.47 20.99 23.55 22.89 23.48 24.3 25.12 26.15 27.22 27.22 27.04 26.12 25.87 25.87 25.71 24.98 23.24 20.17 18.83 25.46 32.33 32.33 30.64 25.43 21.54 20.77 18.97 15.65 14.07 14.53 12.95 10.12 9.7 9.7 9.81 10.24 10.98 11.8 13.02 15.39 17.02 17.71 23.21 33.34 38.05 39.41 36.8 33.02 32.56
29.61 18.97 13.89 13.4 20.45 34.45 40.68 41.13 47.35 56.81 61.3 63.15 52.39 34.17 23.27 19.46 9.94 20.52 26.42 28.84 26.78 23.21 20.04 16.78 14.43 13.55 12.83 12.11 13.34 16.34 19.05 21.86 22.43 23.53 24.34 25.17 26.22 27.22 27.22 27.04 26.12 25.87 25.87 25.73 25.42 24.52 21.64 20.57 26.49 32.33 32.33 30.88 26.39 22.98 22.26 20.04 15.59 13.38 13.87 12.51 10.05 9.7 9.7 9.82 10.3 11.07 11.89 13.25 15.81 17.48 18.16 24.2 35.19 40.15 41.45 38.22 33.67 33.02
27.72 17.92 13.24 12.74 18.56 30.42 35.76 36.27 42.58 52.1 56.69 58.7 53.06 41.26 33.46 30.94 15.87 17.87 24.21 26.83 26.52 23.82 20.71 17.58 15.19 13.98 13.23 12.53 12.7 14.6 17.51 20.55 22.14 23.6 24.42 25.24 26.3 27.22 27.22 27.04 26.12 25.87 25.87 25.74 26 26.16 23.47 22.54 27.54 32.33 32.33 31.13 27.37 24.44 23.77 21.12 15.53 12.72 13.22 12.08 9.98 9.7 9.7 9.83 10.4 11.23 12.03 13.53 16.26 17.97 18.63 25.22 37.07 42.3 43.53 39.67 34.34 33.49
25.86 16.89 12.62 12.09 16.69 26.4 30.83 31.43 37.85 47.44 52.15 54.32 53.74 48.99 44.3 42.43 23.35 15.93 22.27 25.09 26.28 24.71 21.86 18.92 16.21 14.47 13.67 12.99 12.13 13.39 16.5 19.71 22.03 23.7 24.51 25.34 26.39 27.22 27.22 27.04 26.12 25.87 25.87 25.76 26.72 28.09 25.61 24.68 28.59 32.33 32.33 31.37 28.35 25.93 25.29 22.2 15.47 12.07 12.6 11.68 9.92 9.7 9.7 9.84 10.53 11.44 12.23 13.85 16.74 18.48 19.12 26.27 38.99 44.48 45.65 41.15 35.04 33.97
26.43 19.36 16.56 16.49 19.07 24.8 26.89 26.15 31.75 40.94 44.7 45.43 48.02 50.73 50.94 50.35 27.84 1.85 9.19 10.62 12.89 14.03 13.53 12.83 10.81 9.31 9.98 10.98 10.69 11.82 13.96 16.13 17.8 18.73 18.8 18.9 19.32 19.54 18.86 17.98 16.2 15.66 15.66 15.71 19.25 24.31 23.52 23.94 27.92 31.24 31.51 31.05 29.04 27.6 27.53 24.77 18.52 15.93 16.63 16.38 15.6 15.53 15.53 15.78 16.88 18.46 19.98 22.08 24.92 26.82 27.87 33.72 44.33 48.46 48.39 42.45 34.8 32.64
28.54 23.47 22.07 22.75 24.45 26.86 26.58 24.42 29.04 38.38 41.87 41.78 44.13 47.69 49.34 50.59 33.26 17.89 16.08 13.04 12.19 13.59 13.68 13.38 9.94 5.43 4.97 7.3 9.06 10.57 11.56 12.49 13.15 13.12 12.41 11.72 11.49 11.22 10.04 8.65 5.55 4.34 4.34 4.83 13.04 20.95 21.11 22.29 26.3 29.44 29.94 29.87 28.61 28.11 28.92 27.3 22.81 21.35 22.12 22.27 21.99 22 22 22.37 24.03 26.42 28.74 31.5 34.6 36.77 38.25 42.63 49.57 51.11 49.24 42.12 33.57 30.44
28.53 24.1 22.95 23.69 24.78 25.4 23.9 21.33 26.34 37.05 41.09 40.99 41.46 42.3 43.26 44.93 31.93 19.8 17 13.75 12.29 13.8 13.83 13.36 8.73 3.01 1.44 5.42 8.72 10.55 11.41 12.22 12.7 12.39 11.59 10.81 10.25 9.57 8.25 6.85 4.26 3.23 3.23 3.82 12.3 20.05 20.24 21.35 24.98 27.85 28.4 28.4 27.26 26.92 27.87 26.59 22.77 21.67 22.45 22.73 22.6 22.63 22.63 23.07 25.13 27.84 30.18 33.03 36.17 38.34 39.85 43.57 48.65 49.17 47 40.24 32.33 29.28
28.24 24.34 23.32 24.05 24.5 23.61 21.06 18.1 23.46 35.65 40.27 40.18 38.64 36.61 36.82 38.77 29.72 20.24 16.89 13.61 11.38 13.04 13.18 12.68 7.2 3.82 3.68 6.39 9.19 10.71 11.55 12.35 12.7 12.24 11.43 10.62 9.81 8.75 7.3 5.83 3.93 3.23 3.23 3.78 11.83 19.25 19.45 20.46 23.7 26.29 26.87 26.91 25.84 25.57 26.58 25.54 22.24 21.42 22.21 22.59 22.58 22.63 22.63 23.14 25.69 28.72 31 33.83 36.93 39.05 40.53 43.61 47.09 46.82 44.53 38.29 31.16 28.3
