core/test/InputMaps/malcataHeight_250.grass
north: 40:14:17.01N
south: 40:12:39.7468N
east: 7:02:14.5154W
west: 7:04:21.43W
rows: 250
cols: 250
[rows 96 to 127 of 250, columns 0 to 71 of 250]
0 796.46 798.29 800.7 803.59 806.07 808.25 811.78 816.18 820.09 823.74 825.63 826.68 827.32 827.8 826.35 824.2 823.74 823.8 824.67 825.75 827.59 829.59 831.11 832.54 833.9 835.25 836.21 837.13 839.52 841.97 843.92 845.88 848.81 851.72 854.2 856.77 860.3 863.67 865.82 868.09 871.08 874.17 877.72 881.4 885.52 889.65 893.8 897.39 899.45 901.19 902.21 902.87 902.84 902.65 902.17 901.49 900.51 898.62 895.54 892.45 889.35 886.74 884.65 882.84 881.29 877.74 872.6 867.83 863.32 860.67 859.18
0 792.99 794.86 797.18 799.89 802.69 805.56 809.37 813.77 816.88 819.26 819.37 818.37 818.32 818.66 818.24 817.55 817.78 818.28 819.19 820.21 822.35 824.71 826.93 829.13 831.32 833.52 835.4 837.25 839.92 842.63 845.16 847.72 851.27 854.76 857.13 859.56 862.62 865.55 867.58 869.84 873.39 877 880.89 884.75 888.48 892.04 895.1 897.88 899.91 901.64 902.65 903.27 903.11 902.69 901.85 901 900.15 898.43 895.55 892.6 889.55 887 884.97 883.55 882.7 880.15 876.24 871.55 866.31 862.44 859.4
0 789.4 791.07 793.41 796.31 799.77 803.63 807.7 811.9 814.05 815.06 813.12 809.76 808.87 809.01 809.7 810.59 811.63 812.73 813.76 814.78 817.24 820 822.96 825.94 828.92 831.9 834.76 837.6 840.5 843.4 846.53 849.67 853.81 857.86 860.03 862.23 864.69 867.1 869.14 871.48 875.62 879.79 884.07 888.16 891.49 894.48 896.35 898.27 900.3 902.03 903.04 903.6 903.23 902.55 901.31 900.31 899.65 898.13 895.45 892.6 889.55 887 884.97 883.97 883.9 882.47 879.94 875.36 869.33 864.05 859.25
0 785.65 787.45 789.93 792.97 796.59 800.63 804.38 807.96 809.28 809.33 806.26 801.66 800.46 800.67 802.18 804.16 805.79 807.32 808.78 810.23 812.96 815.95 819.52 823.19 826.8 830.41 834.07 837.74 840.96 844.17 847.78 851.41 855.93 860.33 862.69 865.02 867.11 869.22 871.52 874.18 878.97 883.63 887.72 891.53 894.31 896.66 897.62 898.84 900.77 902.45 903.57 904.06 903.28 902.27 900.85 899.78 899.21 897.83 895.34 892.62 889.63 886.97 884.67 883.73 884.02 883.43 882.12 877.99 871.87 865.7 859.49
0 781.51 784.28 787.21 790.26 792.74 794.8 796.7 798.51 799.32 799.57 797.75 794.93 794.8 795.81 797.38 799.16 800.75 802.27 804.99 808.02 810.85 813.65 817.53 821.59 825.43 829.23 833.27 837.33 841.14 844.94 848.75 852.57 856.89 861.17 864.71 868.14 870.42 872.82 876.11 879.73 885.3 890.3 892.62 894.82 896.61 898.16 898.92 899.9 901.43 902.95 904.47 904.89 903.13 901.64 900.62 899.7 898.94 897.52 895.23 892.71 889.91 886.88 883.59 881.76 881.27 880.76 880.24 877.47 873.13 867.39 860.79
0 777.36 781.12 784.49 787.54 788.88 788.97 789.03 789.06 789.36 789.8 789.24 788.2 789.15 790.94 792.58 794.17 795.7 797.23 801.21 805.81 808.75 811.35 815.55 820 824.05 828.05 832.47 836.93 841.32 845.71 849.72 853.73 857.85 862.01 866.73 871.26 873.74 876.43 880.7 885.28 891.64 896.97 897.51 898.11 898.91 899.66 900.23 900.95 902.09 903.46 905.37 905.73 902.98 901.01 900.38 899.62 898.66 897.22 895.13 892.8 890.2 886.78 882.51 879.8 878.52 878.09 878.36 876.96 874.39 869.09 862.1
0 773.2 777.4 780.89 783.8 784.89 784.66 783.67 782.21 782.09 782.74 783.25 783.71 785.27 787.3 788.96 790.49 792.33 794.26 798.71 803.79 807.44 810.81 815.57 820.55 824.59 828.52 833.29 838.14 842.72 847.3 851.23 855.17 859.78 864.45 870.08 875.5 878.58 881.8 885.96 890.29 895.66 900.1 900.24 900.48 901.13 901.68 901.91 902.24 902.85 903.64 904.85 904.58 901.4 899.04 898.12 897.22 896.34 895.14 893.52 891.48 888.94 885.6 881.44 878.52 876.72 875.82 875.64 874.54 872.78 868.56 862.82
0 769.03 773.43 776.91 779.62 780.85 781.02 779.34 776.49 776.01 776.85 778.36 780.2 782.17 784.2 785.86 787.38 789.68 792.2 796.77 801.85 806.49 811.03 816.46 822.04 825.97 829.7 834.82 840.06 844.66 849.24 852.98 856.74 862.14 867.59 874.01 880.22 884.09 887.94 891.5 895.08 898.67 901.69 902.03 902.47 903.31 903.91 903.75 903.64 903.65 903.67 903.69 902.58 899.2 896.5 894.99 893.81 893.13 892.29 891.27 889.54 887 883.95 880.38 877.54 875.34 873.72 872.56 871.28 869.91 867.06 863.29
0 764.68 769.28 772.71 775.18 776.48 776.95 774.77 770.92 770.22 771.28 773.68 776.73 779.15 781.3 783.02 784.59 787.31 790.38 795.15 800.35 805.89 811.5 817.49 823.54 827.4 831.01 836.42 841.99 846.63 851.22 854.81 858.44 864.59 870.78 877.87 884.74 889.29 893.67 896.72 899.61 901.6 903.32 903.8 904.38 905.33 905.93 905.44 904.93 904.36 903.6 902.45 900.48 896.9 893.92 891.98 890.62 890.14 889.63 889.1 887.66 885.14 882.36 879.31 876.56 874.06 871.83 869.79 868.34 867.3 865.67 863.66
0 758.96 763.75 766.95 768.83 769.66 769.73 768.48 766.41 766.59 768.05 770.58 773.63 776.74 779.87 782.14 784.11 787.08 790.34 795.94 802.12 808 813.8 819.48 825.13 829.31 833.31 838.57 843.94 848.75 853.55 857.34 861.17 867.7 874.26 881.15 887.83 892.18 896.39 899.43 902.27 903.86 905.22 905.51 905.81 906.16 906.36 906.08 905.55 904.38 902.86 900.52 897.7 893.92 891.11 889.96 889.15 888.86 888.39 887.66 886.2 883.88 881.2 878.15 875.6 873.5 871.44 869.41 867.84 866.6 865.01 863.2
0 753.24 758.23 761.2 762.48 762.84 762.51 762.2 761.89 762.97 764.82 767.48 770.52 774.33 778.45 781.27 783.63 786.84 790.3 796.73 803.9 810.1 816.1 821.47 826.73 831.21 835.6 840.72 845.89 850.88 855.87 859.86 863.89 870.82 877.74 884.44 890.92 895.07 899.1 902.15 904.93 906.13 907.13 907.22 907.24 907 906.8 906.71 906.17 904.4 902.11 898.59 894.92 890.94 888.29 887.93 887.68 887.59 887.14 886.21 884.73 882.61 880.03 876.99 874.64 872.94 871.05 869.02 867.34 865.9 864.36 862.74
0 748.24 752.79 755.58 756.92 757.12 756.51 756.58 757.09 758.71 760.96 764.03 767.5 771.9 776.69 780.37 783.66 787.4 791.27 798.14 805.76 812.38 818.8 824.24 829.54 834.09 838.56 843.49 848.46 853.34 858.2 861.96 865.76 872.34 878.92 885.63 892.09 895.73 899.26 901.99 904.5 905.73 906.78 906.99 907.08 906.67 906.37 906.37 905.79 903.65 900.93 896.86 892.8 888.74 886.08 885.87 885.74 885.74 885.26 884.14 882.64 880.72 878.35 875.51 873.42 872 870.36 868.54 866.9 865.37 863.58 861.63
0 743.86 747.42 750.08 752.01 752.35 751.54 751.54 752.04 753.92 756.56 760.29 764.56 769.46 774.64 779.45 784.11 788.63 793.09 800.08 807.7 814.81 821.82 827.69 833.38 837.79 842.06 846.8 851.58 856.06 860.54 863.7 866.9 872.5 878.16 885.07 891.64 894.49 897.25 899.39 901.45 903.08 904.52 905.13 905.57 905.36 905.21 905.21 904.57 902.24 899.38 895.31 891.25 887.18 884.39 883.78 883.41 883.41 882.85 881.53 880.02 878.29 876.21 873.77 871.97 870.75 869.42 867.99 866.51 864.98 862.71 859.97
0 739.47 742.04 744.59 747.11 747.58 746.58 746.49 747 749.13 752.16 756.55 761.61 767.03 772.6 778.52 784.57 789.86 794.91 802.02 809.64 817.24 824.84 831.13 837.21 841.5 845.57 850.11 854.69 858.79 862.87 865.45 868.05 872.66 877.39 884.5 891.18 893.24 895.25 896.79 898.41 900.42 902.26 903.26 904.05 904.05 904.04 904.04 903.35 900.82 897.82 893.76 889.7 885.63 882.69 881.69 881.08 881.08 880.43 878.92 877.39 875.86 874.08 872.03 870.52 869.5 868.47 867.44 866.12 864.6 861.83 858.31
0 737.7 739.29 741.29 743.64 744.27 743.63 744.04 745.12 747.83 751.44 756.3 761.76 767.58 773.55 779.75 786.04 791.98 797.82 804.63 811.68 819.2 826.82 832.31 837.45 841.97 846.42 851.51 856.65 860.39 864.08 867.76 871.43 874.87 878.38 883.4 888.19 890.41 892.58 894.29 895.94 897.21 898.44 899.46 900.42 901.18 901.76 901.76 901.12 898.77 896.01 892.33 888.65 884.96 882.11 880.72 879.8 879.61 878.61 876.51 874.86 873.71 872.32 870.66 869.25 868.04 866.83 865.63 864.12 862.41 859.68 856.31
0 736.03 736.63 738.08 740.24 741 740.76 741.68 743.35 746.65 750.86 756.18 762.03 768.25 774.61 781.06 787.54 794.14 800.77 807.26 813.72 821.14 828.76 833.4 837.56 842.32 847.16 852.83 858.56 861.96 865.25 870.09 874.9 877.15 879.43 882.29 885.1 887.52 889.88 891.8 893.5 893.98 894.56 895.58 896.7 898.25 899.43 899.43 898.84 896.69 894.19 890.9 887.61 884.32 881.58 879.79 878.56 878.17 876.8 874.11 872.32 871.57 870.57 869.31 867.98 866.58 865.17 863.77 862.07 860.16 857.47 854.3
0 733.69 733.77 734.87 736.83 738.05 738.73 740.47 742.89 746.88 751.76 757.45 763.55 769.9 776.35 782.69 788.99 795.62 802.35 808.63 814.81 822.12 829.66 833.96 837.75 842.76 847.91 853.66 859.45 862.76 865.96 871.45 876.88 878.48 880.08 881.68 883.35 885.74 888.06 889.86 891.39 891.31 891.39 892.18 893.19 895.07 896.54 896.69 896.35 894.7 892.7 889.88 887.08 884.34 881.86 879.82 878.19 877.14 875.27 872.3 870.4 869.74 868.86 867.77 866.45 864.93 863.36 861.76 859.86 857.76 855.07 852.02
0 730.3 730.57 731.66 733.42 735.58 738.04 741.07 744.47 749.33 754.99 760.95 767.04 773.11 779.17 784.82 790.33 796.02 801.77 808.01 814.38 821.56 828.91 833.7 838.07 843.32 848.68 853.7 858.71 862.36 865.96 871.25 876.5 878.29 880.09 881.89 883.7 885.7 887.6 888.81 889.81 889.53 889.34 889.54 890.01 891.49 892.75 893.3 893.52 892.85 891.71 889.48 887.35 885.39 883.41 881.38 879.19 876.77 874.2 871.42 869.44 868.38 867.21 865.92 864.51 862.99 861.31 859.51 857.42 855.11 852.35 849.3
0 726.91 727.38 728.45 730.01 733.12 737.35 741.68 746.06 751.77 758.23 764.44 770.53 776.32 781.99 786.96 791.68 796.43 801.19 807.4 813.96 821.01 828.16 833.43 838.4 843.89 849.44 853.75 857.97 861.96 865.95 871.06 876.11 878.11 880.1 882.1 884.06 885.66 887.14 887.77 888.23 887.76 887.3 886.9 886.82 887.91 888.97 889.91 890.68 891 890.73 889.09 887.61 886.44 884.96 882.93 880.19 876.39 873.12 870.54 868.48 867.03 865.56 864.08 862.57 861.05 859.26 857.27 854.98 852.47 849.63 846.59
0 726.34 727.01 728.32 730.17 733.96 739.17 744.38 749.59 755.69 762.3 768.56 774.65 780.17 785.44 789.84 793.93 797.9 801.84 807.52 813.65 820.46 827.41 833.16 838.72 844.02 849.29 853.15 856.9 860.79 864.7 869.13 873.53 875.56 877.59 879.62 881.61 883.14 884.55 885.05 885.46 885.27 885.03 884.52 884.19 884.57 885.1 886.12 887.08 887.91 887.83 885.67 883.84 882.66 881.58 880.67 878.75 875.33 872.01 868.83 866.78 866.05 865.17 864.13 862.66 860.82 858.61 856.1 853.19 850.02 847.02 844.13
0 726.45 727.31 728.93 731.16 735.58 741.58 747.57 753.57 759.96 766.56 772.83 778.92 784.16 789.03 792.9 796.4 799.63 802.77 807.83 813.36 819.91 826.67 832.9 839.05 844.06 848.93 852.4 855.75 859.44 863.15 866.8 870.42 872.46 874.49 876.52 878.51 880.03 881.44 881.95 882.41 882.62 882.7 882.19 881.7 881.29 881.22 882.24 883.31 884.53 884.49 881.54 879.12 877.74 877.04 877.51 876.74 874.1 870.89 866.93 864.91 865.17 865.07 864.62 863.23 861 858.28 855.18 851.57 847.6 844.42 841.73
0 726.59 727.75 729.79 732.55 737.7 744.58 751.15 757.53 763.96 770.43 776.61 782.66 787.64 792.17 795.64 798.73 801.47 804.1 808.65 813.69 819.8 826.13 832.62 839.13 843.7 848.05 851.15 854.15 857.64 861.15 864.25 867.32 869.4 871.46 873.31 875.14 876.66 878.07 878.63 879.17 879.63 879.92 879.41 878.8 877.78 877.26 878.33 879.54 881.15 881.2 877.65 874.72 873.06 872.5 873.84 873.84 871.81 868.73 864.25 862.26 863.18 863.72 863.85 862.61 860.12 857.09 853.62 849.59 845.15 841.81 839.13
0 726.9 728.64 731.49 735.24 741.49 749.55 755.98 761.37 767.07 772.95 778.81 784.66 789.44 793.77 797.33 800.63 803.71 806.74 811.21 816.05 821.14 826.29 832.28 838.39 842.04 845.4 848.25 851.05 854.35 857.66 860.95 864.22 866.5 868.71 869.77 870.87 872.39 873.83 874.58 875.26 875.52 875.65 875.14 874.53 873.51 873.04 874.3 875.77 877.78 878.1 874.54 871.42 869.17 867.94 868.5 868.02 865.99 863.08 858.99 857.03 857.56 858.19 858.92 858.06 855.76 853.04 849.97 846.44 842.6 839.11 835.84
0 727.2 729.54 733.19 737.93 745.28 754.52 760.81 765.22 770.19 775.47 781 786.66 791.24 795.37 799.03 802.52 805.96 809.38 813.77 818.41 822.49 826.45 831.94 837.66 840.39 842.76 845.35 847.96 851.05 854.17 857.65 861.12 863.59 865.95 866.22 866.6 868.12 869.58 870.53 871.35 871.42 871.38 870.88 870.26 869.25 868.82 870.28 871.99 874.4 874.99 871.44 868.12 865.28 863.39 863.15 862.2 860.17 857.43 853.73 851.8 851.94 852.66 853.98 853.51 851.41 848.99 846.31 843.3 840.05 836.42 832.56
0 728.27 731.2 735.59 741.18 748.9 758.17 764.34 768.53 773.29 778.37 783.27 788.09 792.28 796.22 800.06 803.88 807.69 811.5 815.61 819.8 822.93 825.84 830.39 835.2 838.11 840.78 843.1 845.38 848.02 850.68 853.97 857.25 859.66 861.98 862.49 863.09 864.62 866.08 867.1 867.97 867.97 867.9 867.52 867.14 866.77 866.83 868.22 869.61 870.99 870.83 867.15 863.72 860.8 858.48 857.2 855.67 853.77 851.32 848.15 846.27 845.88 846.18 847.19 846.94 845.55 844.1 842.59 840.33 837.54 834.6 831.57
0 729.74 733.26 738.35 744.73 752.44 761.11 767.17 771.56 776.4 781.48 785.58 789.21 792.92 796.66 800.74 804.95 809.16 813.37 817.08 820.68 822.88 824.81 828.2 831.84 835.5 839.16 841.18 843.07 845.13 847.2 850.09 852.98 855.2 857.36 858.67 859.99 861.51 862.98 864 864.86 864.86 864.83 864.65 864.63 865.25 866 867.2 867.97 867.57 866.12 862.24 858.74 856.02 853.39 850.93 848.77 847.06 844.98 842.4 840.56 839.58 839.19 839.41 839.31 838.91 838.77 838.84 837.46 835.06 833.25 831.79
0 731.02 735.12 740.9 748.09 755.81 763.9 769.87 774.47 779.39 784.49 787.85 790.37 793.6 797.13 801.38 805.89 810.4 814.91 818.23 821.25 822.6 823.62 825.9 828.38 832.69 837.21 839 840.57 842.1 843.62 846.17 848.71 850.77 852.84 854.91 856.95 858.49 859.96 860.97 861.82 861.84 861.85 861.85 862.16 863.64 865 866 866.18 864.17 861.52 857.42 853.85 851.31 848.39 844.82 842.05 840.48 838.71 836.68 834.89 833.4 832.4 831.9 831.9 832.33 833.3 834.7 834.16 832.25 831.54 831.57
0 730.06 734.55 741.06 749.23 757.13 764.83 770.89 775.88 781.07 786.36 789.66 791.98 794.88 798.01 801.58 805.3 809.02 812.74 815.59 818.21 819.5 820.52 822.11 823.8 827.5 831.44 833.73 835.89 837.44 838.97 841.7 844.45 846.91 849.37 852.04 854.64 856.37 858 858.81 859.52 859.74 859.91 859.91 860.1 860.98 861.85 862.65 862.74 860.92 858.3 853.81 849.97 847.43 844.44 840.67 837.54 835.38 833.28 831.24 829.64 828.54 827.84 827.54 827.11 826.56 826.21 826.04 825.77 825.44 825.57 826
0 729.1 733.98 741.21 750.37 758.45 765.76 771.9 777.29 782.75 788.24 791.46 793.59 796.15 798.89 801.77 804.71 807.64 810.57 812.95 815.17 816.4 817.41 818.33 819.23 822.32 825.66 828.46 831.21 832.79 834.31 837.24 840.19 843.04 845.91 849.17 852.32 854.26 856.04 856.65 857.22 857.63 857.97 857.97 858.03 858.33 858.7 859.3 859.31 857.68 855.07 850.19 846.09 843.55 840.49 836.52 833.04 830.29 827.84 825.81 824.39 823.69 823.28 823.18 822.33 820.79 819.13 817.38 817.39 818.63 819.61 820.43
0 728.38 733.76 741.48 751.13 759.2 766.11 771.86 776.85 782.16 787.65 791.21 793.84 796.33 798.77 801.07 803.31 805.63 807.98 810.15 812.28 813.24 813.96 814.33 814.64 817.22 820.07 823.1 826.15 827.84 829.46 832.49 835.54 838.59 841.68 845.53 849.24 851.37 853.32 853.93 854.49 854.8 855.09 855.29 855.41 855.21 855.32 856.42 856.84 855.41 853 848.31 844.18 841.15 837.77 833.81 830.17 827.02 824.18 821.76 820.17 819.56 819.21 819.11 818.05 816.11 813.9 811.46 811 811.95 812.76 813.48
0 727.91 733.88 741.86 751.52 759.36 765.88 770.75 774.56 779.32 784.61 788.91 792.71 795.42 797.66 799.47 801.12 803 804.95 807.2 809.53 810.03 810.16 810.11 810.02 812.21 814.67 817.67 820.72 822.59 824.41 827.45 830.49 833.54 836.66 841.1 845.37 847.7 849.85 850.66 851.33 851.25 851.28 851.88 852.22 851.63 851.73 854.01 855.34 854.11 852.07 848.18 844.24 840.22 836.29 832.52 828.92 825.58 822.29 819.08 816.97 816.17 815.62 815.32 814.27 812.53 810.52 808.27 806.63 805.41 805.02 805.15
0 727.44 734 742.25 751.9 759.52 765.64 769.64 772.27 776.48 781.58 786.6 791.59 794.5 796.55 797.87 798.93 800.37 801.93 804.26 806.78 806.83 806.36 805.89 805.41 807.2 809.27 812.24 815.29 817.35 819.37 822.4 825.45 828.5 831.65 836.68 841.51 844.03 846.38 847.39 848.17 847.69 847.47 848.46 849.03 848.05 848.13 851.6 853.84 852.81 851.15 848.04 844.3 839.29 834.81 831.24 827.68 824.14 820.4 816.4 813.78 812.78 812.03 811.53 810.49 808.95 807.13 805.09 802.25 798.86 797.28 796.82
