  2313.77   2275.01   2236.24   2197.47   2158.71   2119.94   2081.18   2042.41   2003.64   1964.88   1926.11   1887.35   1848.58   1821.47   1806.02   1790.57   1775.13   1759.68   1744.23   1728.78   1713.33   1697.88   1682.43   1666.98   1651.53   1636.08   1651.53   1666.98   1682.43   1697.88   1713.33   1728.78   1744.23   1759.68   1775.13   1790.57   1806.02   1821.47   1848.58   1887.35   1926.11   1964.88   2003.64   2042.41   2081.18   2119.94   2158.71   2197.47   2236.24   2275.01   2313.77   2367.56   2421.34   2475.13   2528.91   2582.70   2636.48   2690.27   2744.05   2797.84   2851.62   2905.41   2959.19   3012.98   3066.76   3120.55   3174.33   3228.12   3281.90   3335.69   3389.47   3443.25   3497.04   3550.82   3604.61   3658.39   3723.84   3789.28   3854.72   3920.17   3985.61   4051.05   4116.50   4181.94   4247.38   4312.83   4378.27   4443.71   4509.16   4574.60   4640.04   4705.49   4770.93   4836.37   4901.82   4967.26   5032.70   5098.15   5163.59   5229.03 
  2275.01   2221.22   2182.45   2143.69   2104.92   2066.16   2027.39   1988.63   1949.86   1911.09   1872.33   1833.56   1794.80   1756.03   1740.58   1725.13   1709.68   1694.23   1678.78   1663.33   1647.89   1632.44   1616.99   1601.54   1586.09   1570.64   1586.09   1601.54   1616.99   1632.44   1647.89   1663.33   1678.78   1694.23   1709.68   1725.13   1740.58   1756.03   1794.80   1833.56   1872.33   1911.09   1949.86   1988.63   2027.39   2066.16   2104.92   2143.69   2182.45   2221.22   2275.01   2328.79   2382.58   2436.36   2490.15   2543.93   2597.72   2651.50   2705.29   2759.07   2812.85   2866.64   2920.42   2974.21   3027.99   3081.78   3135.56   3189.35   3243.13   3296.92   3350.70   3404.49   3458.27   3512.06   3577.50   3642.95   3708.39   3773.83   3839.28   3904.72   3970.16   4035.61   4101.05   4166.49   4231.94   4297.38   4362.82   4428.27   4493.71   4559.15   4624.60   4690.04   4755.48   4820.93   4886.37   4951.81   5017.26   5082.70   5148.14   5213.59 
  2236.24   2182.45   2128.67   2089.90   2051.14   2012.37   1973.61   1934.84   1896.07   1857.31   1818.54   1779.78   1741.01   1702.24   1675.14   1659.69   1644.24   1628.79   1613.34   1597.89   1582.44   1566.99   1551.54   1536.10   1520.65   1505.20   1520.65   1536.10   1551.54   1566.99   1582.44   1597.89   1613.34   1628.79   1644.24   1659.69   1675.14   1702.24   1741.01   1779.78   1818.54   1857.31   1896.07   1934.84   1973.61   2012.37   2051.14   2089.90   2128.67   2182.45   2236.24   2290.02   2343.81   2397.59   2451.38   2505.16   2558.95   2612.73   2666.52   2720.30   2774.09   2827.87   2881.66   2935.44   2989.23   3043.01   3096.80   3150.58   3204.37   3258.15   3311.94   3365.72   3431.17   3496.61   3562.05   3627.50   3692.94   3758.38   3823.83   3889.27   3954.71   4020.16   4085.60   4151.04   4216.49   4281.93   4347.37   4412.82   4478.26   4543.70   4609.15   4674.59   4740.03   4805.48   4870.92   4936.36   5001.81   5067.25   5132.69   5198.14 
  2197.47   2143.69   2089.90   2036.12   1997.35   1958.59   1919.82   1881.06   1842.29   1803.52   1764.76   1725.99   1687.23   1648.46   1609.69   1594.24   1578.80   1563.35   1547.90   1532.45   1517.00   1501.55   1486.10   1470.65   1455.20   1439.75   1455.20   1470.65   1486.10   1501.55   1517.00   1532.45   1547.90   1563.35   1578.80   1594.24   1609.69   1648.46   1687.23   1725.99   1764.76   1803.52   1842.29   1881.06   1919.82   1958.59   1997.35   2036.12   2089.90   2143.69   2197.47   2251.26   2305.04   2358.83   2412.61   2466.40   2520.18   2573.97   2627.75   2681.54   2735.32   2789.11   2842.89   2896.68   2950.46   3004.25   3058.03   3111.82   3165.60   3219.39   3284.83   3350.27   3415.72   3481.16   3546.60   3612.05   3677.49   3742.93   3808.38   3873.82   3939.26   4004.71   4070.15   4135.59   4201.04   4266.48   4331.92   4397.37   4462.81   4528.25   4593.70   4659.14   4724.58   4790.03   4855.47   4920.91   4986.36   5051.80   5117.24   5182.69 
  2158.71   2104.92   2051.14   1997.35   1943.57   1904.80   1866.04   1827.27   1788.50   1749.74   1710.97   1672.21   1633.44   1594.67   1555.91   1528.80   1513.35   1497.90   1482.45   1467.00   1451.56   1436.11   1420.66   1405.21   1389.76   1374.31   1389.76   1405.21   1420.66   1436.11   1451.56   1467.00   1482.45   1497.90   1513.35   1528.80   1555.91   1594.67   1633.44   1672.21   1710.97   1749.74   1788.50   1827.27   1866.04   1904.80   1943.57   1997.35   2051.14   2104.92   2158.71   2212.49   2266.28   2320.06   2373.85   2427.63   2481.42   2535.20   2588.99   2642.77   2696.56   2750.34   2804.13   2857.91   2911.70   2965.48   3019.27   3073.05   3138.49   3203.94   3269.38   3334.82   3400.27   3465.71   3531.15   3596.60   3662.04   3727.48   3792.93   3858.37   3923.81   3989.26   4054.70   4120.14   4185.59   4251.03   4316.48   4381.92   4447.36   4512.81   4578.25   4643.69   4709.14   4774.58   4840.02   4905.47   4970.91   5036.35   5101.80   5167.24 
  2119.94   2066.16   2012.37   1958.59   1904.80   1851.02   1812.25   1773.49   1734.72   1695.95   1657.19   1618.42   1579.66   1540.89   1502.12   1463.36   1447.91   1432.46   1417.01   1401.56   1386.11   1370.66   1355.21   1339.77   1324.32   1308.87   1324.32   1339.77   1355.21   1370.66   1386.11   1401.56   1417.01   1432.46   1447.91   1463.36   1502.12   1540.89   1579.66   1618.42   1657.19   1695.95   1734.72   1773.49   1812.25   1851.02   1904.80   1958.59   2012.37   2066.16   2119.94   2173.73   2227.51   2281.30   2335.08   2388.87   2442.65   2496.44   2550.22   2604.01   2657.79   2711.58   2765.36   2819.15   2872.93   2926.72   2992.16   3057.60   3123.05   3188.49   3253.93   3319.38   3384.82   3450.26   3515.71   3581.15   3646.59   3712.04   3777.48   3842.92   3908.37   3973.81   4039.25   4104.70   4170.14   4235.58   4301.03   4366.47   4431.91   4497.36   4562.80   4628.24   4693.69   4759.13   4824.57   4890.02   4955.46   5020.90   5086.35   5151.79 
  2081.18   2027.39   1973.61   1919.82   1866.04   1812.25   1758.47   1719.70   1680.93   1642.17   1603.40   1564.64   1525.87   1487.10   1448.34   1409.57   1382.47   1367.02   1351.57   1336.12   1320.67   1305.22   1289.77   1274.32   1258.87   1243.42   1258.87   1274.32   1289.77   1305.22   1320.67   1336.12   1351.57   1367.02   1382.47   1409.57   1448.34   1487.10   1525.87   1564.64   1603.40   1642.17   1680.93   1719.70   1758.47   1812.25   1866.04   1919.82   1973.61   2027.39   2081.18   2134.96   2188.75   2242.53   2296.32   2350.10   2403.89   2457.67   2511.46   2565.24   2619.03   2672.81   2726.59   2780.38   2845.82   2911.27   2976.71   3042.15   3107.60   3173.04   3238.48   3303.93   3369.37   3434.81   3500.26   3565.70   3631.14   3696.59   3762.03   3827.47   3892.92   3958.36   4023.80   4089.25   4154.69   4220.13   4285.58   4351.02   4416.46   4481.91   4547.35   4612.79   4678.24   4743.68   4809.12   4874.57   4940.01   5005.45   5070.90   5136.34 
  2042.41   1988.63   1934.84   1881.06   1827.27   1773.49   1719.70   1665.92   1627.15   1588.38   1549.62   1510.85   1472.09   1433.32   1394.55   1355.79   1317.02   1301.57   1286.12   1270.67   1255.23   1239.78   1224.33   1208.88   1193.43   1177.98   1193.43   1208.88   1224.33   1239.78   1255.23   1270.67   1286.12   1301.57   1317.02   1355.79   1394.55   1433.32   1472.09   1510.85   1549.62   1588.38   1627.15   1665.92   1719.70   1773.49   1827.27   1881.06   1934.84   1988.63   2042.41   2096.19   2149.98   2203.76   2257.55   2311.33   2365.12   2418.90   2472.69   2526.47   2580.26   2634.04   2699.49   2764.93   2830.37   2895.82   2961.26   3026.70   3092.15   3157.59   3223.03   3288.48   3353.92   3419.36   3484.81   3550.25   3615.69   3681.14   3746.58   3812.02   3877.47   3942.91   4008.35   4073.80   4139.24   4204.68   4270.13   4335.57   4401.01   4466.46   4531.90   4597.34   4662.79   4728.23   4793.67   4859.12   4924.56   4990.00   5055.45   5120.89 
  2003.64   1949.86   1896.07   1842.29   1788.50   1734.72   1680.93   1627.15   1573.36   1534.60   1495.83   1457.07   1418.30   1379.54   1340.77   1302.00   1263.24   1236.13   1220.68   1205.23   1189.78   1174.33   1158.88   1143.44   1127.99   1112.54   1127.99   1143.44   1158.88   1174.33   1189.78   1205.23   1220.68   1236.13   1263.24   1302.00   1340.77   1379.54   1418.30   1457.07   1495.83   1534.60   1573.36   1627.15   1680.93   1734.72   1788.50   1842.29   1896.07   1949.86   2003.64   2057.43   2111.21   2165.00   2218.78   2272.57   2326.35   2380.14   2433.92   2487.71   2553.15   2618.59   2684.04   2749.48   2814.93   2880.37   2945.81   3011.26   3076.70   3142.14   3207.59   3273.03   3338.47   3403.92   3469.36   3534.80   3600.25   3665.69   3731.13   3796.58   3862.02   3927.46   3992.91   4058.35   4123.79   4189.24   4254.68   4320.12   4385.57   4451.01   4516.45   4581.90   4647.34   4712.78   4778.23   4843.67   4909.11   4974.56   5040.00   5105.44 
  1964.88   1911.09   1857.31   1803.52   1749.74   1695.95   1642.17   1588.38   1534.60   1480.81   1442.05   1403.28   1364.52   1325.75   1286.98   1248.22   1209.45   1170.69   1155.24   1139.79   1124.34   1108.89   1093.44   1077.99   1062.54   1047.09   1062.54   1077.99   1093.44   1108.89   1124.34   1139.79   1155.24   1170.69   1209.45   1248.22   1286.98   1325.75   1364.52   1403.28   1442.05   1480.81   1534.60   1588.38   1642.17   1695.95   1749.74   1803.52   1857.31   1911.09   1964.88   2018.66   2072.45   2126.23   2180.02   2233.80   2287.59   2341.37   2406.82   2472.26   2537.70   2603.15   2668.59   2734.03   2799.48   2864.92   2930.36   2995.81   3061.25   3126.69   3192.14   3257.58   3323.02   3388.47   3453.91   3519.35   3584.80   3650.24   3715.68   3781.13   3846.57   3912.01   3977.46   4042.90   4108.34   4173.79   4239.23   4304.67   4370.12   4435.56   4501.00   4566.45   4631.89   4697.33   4762.78   4828.22   4893.66   4959.11   5024.55   5089.99 
  1926.11   1872.33   1818.54   1764.76   1710.97   1657.19   1603.40   1549.62   1495.83   1442.05   1388.26   1349.50   1310.73   1271.97   1233.20   1194.43   1155.67   1116.90   1089.79   1074.34   1058.90   1043.45   1028.00   1012.55   997.10   981.65   997.10   1012.55   1028.00   1043.45   1058.90   1074.34   1089.79   1116.90   1155.67   1194.43   1233.20   1271.97   1310.73   1349.50   1388.26   1442.05   1495.83   1549.62   1603.40   1657.19   1710.97   1764.76   1818.54   1872.33   1926.11   1979.90   2033.68   2087.47   2141.25   2195.04   2260.48   2325.92   2391.37   2456.81   2522.25   2587.70   2653.14   2718.58   2784.03   2849.47   2914.91   2980.36   3045.80   3111.24   3176.69   3242.13   3307.57   3373.02   3438.46   3503.90   3569.35   3634.79   3700.23   3765.68   3831.12   3896.56   3962.01   4027.45   4092.89   4158.34   4223.78   4289.22   4354.67   4420.11   4485.55   4551.00   4616.44   4681.88   4747.33   4812.77   4878.21   4943.66   5009.10   5074.54 
  1887.35   1833.56   1779.78   1725.99   1672.21   1618.42   1564.64   1510.85   1457.07   1403.28   1349.50   1295.71   1256.95   1218.18   1179.41   1140.65   1101.88   1063.12   1024.35   1008.90   993.45   978.00   962.55   947.11   931.66   916.21   931.66   947.11   962.55   978.00   993.45   1008.90   1024.35   1063.12   1101.88   1140.65   1179.41   1218.18   1256.95   1295.71   1349.50   1403.28   1457.07   1510.85   1564.64   1618.42   1672.21   1725.99   1779.78   1833.56   1887.35   1941.13   1994.92   2048.70   2114.14   2179.59   2245.03   2310.47   2375.92   2441.36   2506.80   2572.25   2637.69   2703.13   2768.58   2834.02   2899.46   2964.91   3030.35   3095.79   3161.24   3226.68   3292.12   3357.57   3423.01   3488.45   3553.90   3619.34   3684.78   3750.23   3815.67   3881.11   3946.56   4012.00   4077.44   4142.89   4208.33   4273.77   4339.22   4404.66   4470.10   4535.55   4600.99   4666.43   4731.88   4797.32   4862.76   4928.21   4993.65   5059.10 
  1848.58   1794.80   1741.01   1687.23   1633.44   1579.66   1525.87   1472.09   1418.30   1364.52   1310.73   1256.95   1203.16   1164.40   1125.63   1086.86   1048.10   1009.33   970.57   943.46   928.01   912.56   897.11   881.66   866.21   850.76   866.21   881.66   897.11   912.56   928.01   943.46   970.57   1009.33   1048.10   1086.86   1125.63   1164.40   1203.16   1256.95   1310.73   1364.52   1418.30   1472.09   1525.87   1579.66   1633.44   1687.23   1741.01   1794.80   1848.58   1902.37   1967.81   2033.25   2098.70   2164.14   2229.58   2295.03   2360.47   2425.91   2491.36   2556.80   2622.24   2687.69   2753.13   2818.57   2884.02   2949.46   3014.90   3080.35   3145.79   3211.23   3276.68   3342.12   3407.56   3473.01   3538.45   3603.89   3669.34   3734.78   3800.22   3865.67   3931.11   3996.55   4062.00   4127.44   4192.88   4258.33   4323.77   4389.21   4454.66   4520.10   4585.54   4650.99   4716.43   4781.87   4847.32   4912.76   4978.20   5043.65 
  1821.47   1756.03   1702.24   1648.46   1594.67   1540.89   1487.10   1433.32   1379.54   1325.75   1271.97   1218.18   1164.40   1110.61   1071.84   1033.08   994.31   955.55   916.78   878.01   862.57   847.12   831.67   816.22   800.77   785.32   800.77   816.22   831.67   847.12   862.57   878.01   916.78   955.55   994.31   1033.08   1071.84   1110.61   1164.40   1218.18   1271.97   1325.75   1379.54   1433.32   1487.10   1540.89   1594.67   1648.46   1702.24   1756.03   1821.47   1886.92   1952.36   2017.80   2083.25   2148.69   2214.13   2279.58   2345.02   2410.46   2475.91   2541.35   2606.79   2672.24   2737.68   2803.12   2868.57   2934.01   2999.45   3064.90   3130.34   3195.78   3261.23   3326.67   3392.11   3457.56   3523.00   3588.44   3653.89   3719.33   3784.77   3850.22   3915.66   3981.10   4046.55   4111.99   4177.43   4242.88   4308.32   4373.76   4439.21   4504.65   4570.09   4635.54   4700.98   4766.42   4831.87   4897.31   4962.75   5028.20 
  1806.02   1740.58   1675.14   1609.69   1555.91   1502.12   1448.34   1394.55   1340.77   1286.98   1233.20   1179.41   1125.63   1071.84   1018.06   979.29   940.53   901.76   863.00   824.23   797.12   781.67   766.22   750.78   735.33   719.88   735.33   750.78   766.22   781.67   797.12   824.23   863.00   901.76   940.53   979.29   1018.06   1071.84   1125.63   1179.41   1233.20   1286.98   1340.77   1394.55   1448.34   1502.12   1555.91   1609.69   1675.14   1740.58   1806.02   1871.47   1936.91   2002.35   2067.80   2133.24   2198.68   2264.13   2329.57   2395.01   2460.46   2525.90   2591.34   2656.79   2722.23   2787.67   2853.12   2918.56   2984.00   3049.45   3114.89   3180.33   3245.78   3311.22   3376.66   3442.11   3507.55   3572.99   3638.44   3703.88   3769.32   3834.77   3900.21   3965.65   4031.10   4096.54   4161.98   4227.43   4292.87   4358.31   4423.76   4489.20   4554.64   4620.09   4685.53   4750.97   4816.42   4881.86   4947.30   5012.75 
  1790.57   1725.13   1659.69   1594.24   1528.80   1463.36   1409.57   1355.79   1302.00   1248.22   1194.43   1140.65   1086.86   1033.08   979.29   925.51   886.74   847.98   809.21   770.44   731.68   716.23   700.78   685.33   669.88   654.43   669.88   685.33   700.78   716.23   731.68   770.44   809.21   847.98   886.74   925.51   979.29   1033.08   1086.86   1140.65   1194.43   1248.22   1302.00   1355.79   1409.57   1463.36   1528.80   1594.24   1659.69   1725.13   1790.57   1856.02   1921.46   1986.90   2052.35   2117.79   2183.23   2248.68   2314.12   2379.56   2445.01   2510.45   2575.89   2641.34   2706.78   2772.22   2837.67   2903.11   2968.55   3034.00   3099.44   3164.88   3230.33   3295.77   3361.21   3426.66   3492.10   3557.55   3622.99   3688.43   3753.88   3819.32   3884.76   3950.21   4015.65   4081.09   4146.54   4211.98   4277.42   4342.87   4408.31   4473.75   4539.20   4604.64   4670.08   4735.53   4800.97   4866.41   4931.86   4997.30 
  1775.13   1709.68   1644.24   1578.80   1513.35   1447.91   1382.47   1317.02   1263.24   1209.45   1155.67   1101.88   1048.10   994.31   940.53   886.74   832.96   794.19   755.43   716.66   677.89   650.79   635.34   619.89   604.44   588.99   604.44   619.89   635.34   650.79   677.89   716.66   755.43   794.19   832.96   886.74   940.53   994.31   1048.10   1101.88   1155.67   1209.45   1263.24   1317.02   1382.47   1447.91   1513.35   1578.80   1644.24   1709.68   1775.13   1840.57   1906.01   1971.46   2036.90   2102.34   2167.79   2233.23   2298.67   2364.12   2429.56   2495.00   2560.45   2625.89   2691.33   2756.78   2822.22   2887.66   2953.11   3018.55   3083.99   3149.44   3214.88   3280.32   3345.77   3411.21   3476.65   3542.10   3607.54   3672.98   3738.43   3803.87   3869.31   3934.76   4000.20   4065.64   4131.09   4196.53   4261.97   4327.42   4392.86   4458.30   4523.75   4589.19   4654.63   4720.08   4785.52   4850.96   4916.41   4981.85 
  1759.68   1694.23   1628.79   1563.35   1497.90   1432.46   1367.02   1301.57   1236.13   1170.69   1116.90   1063.12   1009.33   955.55   901.76   847.98   794.19   740.41   701.64   662.88   624.11   585.34   569.89   554.44   539.00   523.55   539.00   554.44   569.89   585.34   624.11   662.88   701.64   740.41   794.19   847.98   901.76   955.55   1009.33   1063.12   1116.90   1170.69   1236.13   1301.57   1367.02   1432.46   1497.90   1563.35   1628.79   1694.23   1759.68   1825.12   1890.56   1956.01   2021.45   2086.89   2152.34   2217.78   2283.22   2348.67   2414.11   2479.55   2545.00   2610.44   2675.88   2741.33   2806.77   2872.21   2937.66   3003.10   3068.54   3133.99   3199.43   3264.87   3330.32   3395.76   3461.20   3526.65   3592.09   3657.53   3722.98   3788.42   3853.86   3919.31   3984.75   4050.19   4115.64   4181.08   4246.52   4311.97   4377.41   4442.85   4508.30   4573.74   4639.18   4704.63   4770.07   4835.51   4900.96   4966.40 
  1744.23   1678.78   1613.34   1547.90   1482.45   1417.01   1351.57   1286.12   1220.68   1155.24   1089.79   1024.35   970.57   916.78   863.00   809.21   755.43   701.64   647.86   609.09   570.32   531.56   504.45   489.00   473.55   458.10   473.55   489.00   504.45   531.56   570.32   609.09   647.86   701.64   755.43   809.21   863.00   916.78   970.57   1024.35   1089.79   1155.24   1220.68   1286.12   1351.57   1417.01   1482.45   1547.90   1613.34   1678.78   1744.23   1809.67   1875.11   1940.56   2006.00   2071.44   2136.89   2202.33   2267.77   2333.22   2398.66   2464.10   2529.55   2594.99   2660.43   2725.88   2791.32   2856.76   2922.21   2987.65   3053.09   3118.54   3183.98   3249.42   3314.87   3380.31   3445.75   3511.20   3576.64   3642.08   3707.53   3772.97   3838.41   3903.86   3969.30   4034.74   4100.19   4165.63   4231.07   4296.52   4361.96   4427.40   4492.85   4558.29   4623.73   4689.18   4754.62   4820.06   4885.51   4950.95 
  1728.78   1663.33   1597.89   1532.45   1467.00   1401.56   1336.12   1270.67   1205.23   1139.79   1074.34   1008.90   943.46   878.01   824.23   770.44   716.66   662.88   609.09   555.31   516.54   477.77   439.01   423.56   408.11   392.66   408.11   423.56   439.01   477.77   516.54   555.31   609.09   662.88   716.66   770.44   824.23   878.01   943.46   1008.90   1074.34   1139.79   1205.23   1270.67   1336.12   1401.56   1467.00   1532.45   1597.89   1663.33   1728.78   1794.22   1859.66   1925.11   1990.55   2055.99   2121.44   2186.88   2252.33   2317.77   2383.21   2448.66   2514.10   2579.54   2644.99   2710.43   2775.87   2841.32   2906.76   2972.20   3037.65   3103.09   3168.53   3233.98   3299.42   3364.86   3430.31   3495.75   3561.19   3626.64   3692.08   3757.52   3822.97   3888.41   3953.85   4019.30   4084.74   4150.18   4215.63   4281.07   4346.51   4411.96   4477.40   4542.84   4608.29   4673.73   4739.17   4804.62   4870.06   4935.50 
  1713.33   1647.89   1582.44   1517.00   1451.56   1386.11   1320.67   1255.23   1189.78   1124.34   1058.90   993.45   928.01   862.57   797.12   731.68   677.89   624.11   570.32   516.54   462.75   423.99   385.22   358.11   342.67   327.22   342.67   358.11   385.22   423.99   462.75   516.54   570.32   624.11   677.89   731.68   797.12   862.57   928.01   993.45   1058.90   1124.34   1189.78   1255.23   1320.67   1386.11   1451.56   1517.00   1582.44   1647.89   1713.33   1778.77   1844.22   1909.66   1975.10   2040.55   2105.99   2171.43   2236.88   2302.32   2367.76   2433.21   2498.65   2564.09   2629.54   2694.98   2760.42   2825.87   2891.31   2956.75   3022.20   3087.64   3153.08   3218.53   3283.97   3349.41   3414.86   3480.30   3545.74   3611.19   3676.63   3742.07   3807.52   3872.96   3938.40   4003.85   4069.29   4134.73   4200.18   4265.62   4331.06   4396.51   4461.95   4527.39   4592.84   4658.28   4723.72   4789.17   4854.61   4920.05 
  1697.88   1632.44   1566.99   1501.55   1436.11   1370.66   1305.22   1239.78   1174.33   1108.89   1043.45   978.00   912.56   847.12   781.67   716.23   650.79   585.34   531.56   477.77   423.99   370.20   331.44   292.67   277.22   261.77   277.22   292.67   331.44   370.20   423.99   477.77   531.56   585.34   650.79   716.23   781.67   847.12   912.56   978.00   1043.45   1108.89   1174.33   1239.78   1305.22   1370.66   1436.11   1501.55   1566.99   1632.44   1697.88   1763.32   1828.77   1894.21   1959.65   2025.10   2090.54   2155.98   2221.43   2286.87   2352.31   2417.76   2483.20   2548.64   2614.09   2679.53   2744.97   2810.42   2875.86   2941.30   3006.75   3072.19   3137.63   3203.08   3268.52   3333.96   3399.41   3464.85   3530.29   3595.74   3661.18   3726.62   3792.07   3857.51   3922.95   3988.40   4053.84   4119.28   4184.73   4250.17   4315.61   4381.06   4446.50   4511.94   4577.39   4642.83   4708.27   4773.72   4839.16   4904.60 
  1682.43   1616.99   1551.54   1486.10   1420.66   1355.21   1289.77   1224.33   1158.88   1093.44   1028.00   962.55   897.11   831.67   766.22   700.78   635.34   569.89   504.45   439.01   385.22   331.44   277.65   238.89   211.78   196.33   211.78   238.89   277.65   331.44   385.22   439.01   504.45   569.89   635.34   700.78   766.22   831.67   897.11   962.55   1028.00   1093.44   1158.88   1224.33   1289.77   1355.21   1420.66   1486.10   1551.54   1616.99   1682.43   1747.87   1813.32   1878.76   1944.20   2009.65   2075.09   2140.53   2205.98   2271.42   2336.86   2402.31   2467.75   2533.19   2598.64   2664.08   2729.52   2794.97   2860.41   2925.85   2991.30   3056.74   3122.18   3187.63   3253.07   3318.51   3383.96   3449.40   3514.84   3580.29   3645.73   3711.17   3776.62   3842.06   3907.50   3972.95   4038.39   4103.83   4169.28   4234.72   4300.17   4365.61   4431.05   4496.50   4561.94   4627.38   4692.83   4758.27   4823.71   4889.16 
  1666.98   1601.54   1536.10   1470.65   1405.21   1339.77   1274.32   1208.88   1143.44   1077.99   1012.55   947.11   881.66   816.22   750.78   685.33   619.89   554.44   489.00   423.56   358.11   292.67   238.89   185.10   146.34   130.89   146.34   185.10   238.89   292.67   358.11   423.56   489.00   554.44   619.89   685.33   750.78   816.22   881.66   947.11   1012.55   1077.99   1143.44   1208.88   1274.32   1339.77   1405.21   1470.65   1536.10   1601.54   1666.98   1732.43   1797.87   1863.31   1928.76   1994.20   2059.64   2125.09   2190.53   2255.97   2321.42   2386.86   2452.30   2517.75   2583.19   2648.63   2714.08   2779.52   2844.96   2910.41   2975.85   3041.29   3106.74   3172.18   3237.62   3303.07   3368.51   3433.95   3499.40   3564.84   3630.28   3695.73   3761.17   3826.61   3892.06   3957.50   4022.94   4088.39   4153.83   4219.27   4284.72   4350.16   4415.60   4481.05   4546.49   4611.93   4677.38   4742.82   4808.26   4873.71 
  1651.53   1586.09   1520.65   1455.20   1389.76   1324.32   1258.87   1193.43   1127.99   1062.54   997.10   931.66   866.21   800.77   735.33   669.88   604.44   539.00   473.55   408.11   342.67   277.22   211.78   146.34   92.55   65.44   92.55   146.34   211.78   277.22   342.67   408.11   473.55   539.00   604.44   669.88   735.33   800.77   866.21   931.66   997.10   1062.54   1127.99   1193.43   1258.87   1324.32   1389.76   1455.20   1520.65   1586.09   1651.53   1716.98   1782.42   1847.86   1913.31   1978.75   2044.19   2109.64   2175.08   2240.52   2305.97   2371.41   2436.85   2502.30   2567.74   2633.18   2698.63   2764.07   2829.51   2894.96   2960.40   3025.84   3091.29   3156.73   3222.17   3287.62   3353.06   3418.50   3483.95   3549.39   3614.83   3680.28   3745.72   3811.16   3876.61   3942.05   4007.49   4072.94   4138.38   4203.82   4269.27   4334.71   4400.15   4465.60   4531.04   4596.48   4661.93   4727.37   4792.81   4858.26 
  1636.08   1570.64   1505.20   1439.75   1374.31   1308.87   1243.42   1177.98   1112.54   1047.09   981.65   916.21   850.76   785.32   719.88   654.43   588.99   523.55   458.10   392.66   327.22   261.77   196.33   130.89   65.44    0.00   65.44   130.89   196.33   261.77   327.22   392.66   458.10   523.55   588.99   654.43   719.88   785.32   850.76   916.21   981.65   1047.09   1112.54   1177.98   1243.42   1308.87   1374.31   1439.75   1505.20   1570.64   1636.08   1701.53   1766.97   1832.41   1897.86   1963.30   2028.74   2094.19   2159.63   2225.07   2290.52   2355.96   2421.40   2486.85   2552.29   2617.73   2683.18   2748.62   2814.06   2879.51   2944.95   3010.39   3075.84   3141.28   3206.72   3272.17   3337.61   3403.05   3468.50   3533.94   3599.38   3664.83   3730.27   3795.71   3861.16   3926.60   3992.04   4057.49   4122.93   4188.37   4253.82   4319.26   4384.70   4450.15   4515.59   4581.03   4646.48   4711.92   4777.36   4842.81 
  1651.53   1586.09   1520.65   1455.20   1389.76   1324.32   1258.87   1193.43   1127.99   1062.54   997.10   931.66   866.21   800.77   735.33   669.88   604.44   539.00   473.55   408.11   342.67   277.22   211.78   146.34   92.55   65.44   92.55   146.34   211.78   277.22   342.67   408.11   473.55   539.00   604.44   669.88   735.33   800.77   866.21   931.66   997.10   1062.54   1127.99   1193.43   1258.87   1324.32   1389.76   1455.20   1520.65   1586.09   1651.53   1716.98   1782.42   1847.86   1913.31   1978.75   2044.19   2109.64   2175.08   2240.52   2305.97   2371.41   2436.85   2502.30   2567.74   2633.18   2698.63   2764.07   2829.51   2894.96   2960.40   3025.84   3091.29   3156.73   3222.17   3287.62   3353.06   3418.50   3483.95   3549.39   3614.83   3680.28   3745.72   3811.16   3876.61   3942.05   4007.49   4072.94   4138.38   4203.82   4269.27   4334.71   4400.15   4465.60   4531.04   4596.48   4661.93   4727.37   4792.81   4858.26 
  1666.98   1601.54   1536.10   1470.65   1405.21   1339.77   1274.32   1208.88   1143.44   1077.99   1012.55   947.11   881.66   816.22   750.78   685.33   619.89   554.44   489.00   423.56   358.11   292.67   238.89   185.10   146.34   130.89   146.34   185.10   238.89   292.67   358.11   423.56   489.00   554.44   619.89   685.33   750.78   816.22   881.66   947.11   1012.55   1077.99   1143.44   1208.88   1274.32   1339.77   1405.21   1470.65   1536.10   1601.54   1666.98   1732.43   1797.87   1863.31   1928.76   1994.20   2059.64   2125.09   2190.53   2255.97   2321.42   2386.86   2452.30   2517.75   2583.19   2648.63   2714.08   2779.52   2844.96   2910.41   2975.85   3041.29   3106.74   3172.18   3237.62   3303.07   3368.51   3433.95   3499.40   3564.84   3630.28   3695.73   3761.17   3826.61   3892.06   3957.50   4022.94   4088.39   4153.83   4219.27   4284.72   4350.16   4415.60   4481.05   4546.49   4611.93   4677.38   4742.82   4808.26   4873.71 
  1682.43   1616.99   1551.54   1486.10   1420.66   1355.21   1289.77   1224.33   1158.88   1093.44   1028.00   962.55   897.11   831.67   766.22   700.78   635.34   569.89   504.45   439.01   385.22   331.44   277.65   238.89   211.78   196.33   211.78   238.89   277.65   331.44   385.22   439.01   504.45   569.89   635.34   700.78   766.22   831.67   897.11   962.55   1028.00   1093.44   1158.88   1224.33   1289.77   1355.21   1420.66   1486.10   1551.54   1616.99   1682.43   1747.87   1813.32   1878.76   1944.20   2009.65   2075.09   2140.53   2205.98   2271.42   2336.86   2402.31   2467.75   2533.19   2598.64   2664.08   2729.52   2794.97   2860.41   2925.85   2991.30   3056.74   3122.18   3187.63   3253.07   3318.51   3383.96   3449.40   3514.84   3580.29   3645.73   3711.17   3776.62   3842.06   3907.50   3972.95   4038.39   4103.83   4169.28   4234.72   4300.17   4365.61   4431.05   4496.50   4561.94   4627.38   4692.83   4758.27   4823.71   4889.16 
  1697.88   1632.44   1566.99   1501.55   1436.11   1370.66   1305.22   1239.78   1174.33   1108.89   1043.45   978.00   912.56   847.12   781.67   716.23   650.79   585.34   531.56   477.77   423.99   370.20   331.44   292.67   277.22   261.77   277.22   292.67   331.44   370.20   423.99   477.77   531.56   585.34   650.79   716.23   781.67   847.12   912.56   978.00   1043.45   1108.89   1174.33   1239.78   1305.22   1370.66   1436.11   1501.55   1566.99   1632.44   1697.88   1763.32   1828.77   1894.21   1959.65   2025.10   2090.54   2155.98   2221.43   2286.87   2352.31   2417.76   2483.20   2548.64   2614.09   2679.53   2744.97   2810.42   2875.86   2941.30   3006.75   3072.19   3137.63   3203.08   3268.52   3333.96   3399.41   3464.85   3530.29   3595.74   3661.18   3726.62   3792.07   3857.51   3922.95   3988.40   4053.84   4119.28   4184.73   4250.17   4315.61   4381.06   4446.50   4511.94   4577.39   4642.83   4708.27   4773.72   4839.16   4904.60 
  1713.33   1647.89   1582.44   1517.00   1451.56   1386.11   1320.67   1255.23   1189.78   1124.34   1058.90   993.45   928.01   862.57   797.12   731.68   677.89   624.11   570.32   516.54   462.75   423.99   385.22   358.11   342.67   327.22   342.67   358.11   385.22   423.99   462.75   516.54   570.32   624.11   677.89   731.68   797.12   862.57   928.01   993.45   1058.90   1124.34   1189.78   1255.23   1320.67   1386.11   1451.56   1517.00   1582.44   1647.89   1713.33   1778.77   1844.22   1909.66   1975.10   2040.55   2105.99   2171.43   2236.88   2302.32   2367.76   2433.21   2498.65   2564.09   2629.54   2694.98   2760.42   2825.87   2891.31   2956.75   3022.20   3087.64   3153.08   3218.53   3283.97   3349.41   3414.86   3480.30   3545.74   3611.19   3676.63   3742.07   3807.52   3872.96   3938.40   4003.85   4069.29   4134.73   4200.18   4265.62   4331.06   4396.51   4461.95   4527.39   4592.84   4658.28   4723.72   4789.17   4854.61   4920.05 
  1728.78   1663.33   1597.89   1532.45   1467.00   1401.56   1336.12   1270.67   1205.23   1139.79   1074.34   1008.90   943.46   878.01   824.23   770.44   716.66   662.88   609.09   555.31   516.54   477.77   439.01   423.56   408.11   392.66   408.11   423.56   439.01   477.77   516.54   555.31   609.09   662.88   716.66   770.44   824.23   878.01   943.46   1008.90   1074.34   1139.79   1205.23   1270.67   1336.12   1401.56   1467.00   1532.45   1597.89   1663.33   1728.78   1794.22   1859.66   1925.11   1990.55   2055.99   2121.44   2186.88   2252.33   2317.77   2383.21   2448.66   2514.10   2579.54   2644.99   2710.43   2775.87   2841.32   2906.76   2972.20   3037.65   3103.09   3168.53   3233.98   3299.42   3364.86   3430.31   3495.75   3561.19   3626.64   3692.08   3757.52   3822.97   3888.41   3953.85   4019.30   4084.74   4150.18   4215.63   4281.07   4346.51   4411.96   4477.40   4542.84   4608.29   4673.73   4739.17   4804.62   4870.06   4935.50 
  1744.23   1678.78   1613.34   1547.90   1482.45   1417.01   1351.57   1286.12   1220.68   1155.24   1089.79   1024.35   970.57   916.78   863.00   809.21   755.43   701.64   647.86   609.09   570.32   531.56   504.45   489.00   473.55   458.10   473.55   489.00   504.45   531.56   570.32   609.09   647.86   701.64   755.43   809.21   863.00   916.78   970.57   1024.35   1089.79   1155.24   1220.68   1286.12   1351.57   1417.01   1482.45   1547.90   1613.34   1678.78   1744.23   1809.67   1875.11   1940.56   2006.00   2071.44   2136.89   2202.33   2267.77   2333.22   2398.66   2464.10   2529.55   2594.99   2660.43   2725.88   2791.32   2856.76   2922.21   2987.65   3053.09   3118.54   3183.98   3249.42   3314.87   3380.31   3445.75   3511.20   3576.64   3642.08   3707.53   3772.97   3838.41   3903.86   3969.30   4034.74   4100.19   4165.63   4231.07   4296.52   4361.96   4427.40   4492.85   4558.29   4623.73   4689.18   4754.62   4820.06   4885.51   4950.95 
  1759.68   1694.23   1628.79   1563.35   1497.90   1432.46   1367.02   1301.57   1236.13   1170.69   1116.90   1063.12   1009.33   955.55   901.76   847.98   794.19   740.41   701.64   662.88   624.11   585.34   569.89   554.44   539.00   523.55   539.00   554.44   569.89   585.34   624.11   662.88   701.64   740.41   794.19   847.98   901.76   955.55   1009.33   1063.12   1116.90   1170.69   1236.13   1301.57   1367.02   1432.46   1497.90   1563.35   1628.79   1694.23   1759.68   1825.12   1890.56   1956.01   2021.45   2086.89   2152.34   2217.78   2283.22   2348.67   2414.11   2479.55   2545.00   2610.44   2675.88   2741.33   2806.77   2872.21   2937.66   3003.10   3068.54   3133.99   3199.43   3264.87   3330.32   3395.76   3461.20   3526.65   3592.09   3657.53   3722.98   3788.42   3853.86   3919.31   3984.75   4050.19   4115.64   4181.08   4246.52   4311.97   4377.41   4442.85   4508.30   4573.74   4639.18   4704.63   4770.07   4835.51   4900.96   4966.40 
  1775.13   1709.68   1644.24   1578.80   1513.35   1447.91   1382.47   1317.02   1263.24   1209.45   1155.67   1101.88   1048.10   994.31   940.53   886.74   832.96   794.19   755.43   716.66   677.89   650.79   635.34   619.89   604.44   588.99   604.44   619.89   635.34   650.79   677.89   716.66   755.43   794.19   832.96   886.74   940.53   994.31   1048.10   1101.88   1155.67   1209.45   1263.24   1317.02   1382.47   1447.91   1513.35   1578.80   1644.24   1709.68   1775.13   1840.57   1906.01   1971.46   2036.90   2102.34   2167.79   2233.23   2298.67   2364.12   2429.56   2495.00   2560.45   2625.89   2691.33   2756.78   2822.22   2887.66   2953.11   3018.55   3083.99   3149.44   3214.88   3280.32   3345.77   3411.21   3476.65   3542.10   3607.54   3672.98   3738.43   3803.87   3869.31   3934.76   4000.20   4065.64   4131.09   4196.53   4261.97   4327.42   4392.86   4458.30   4523.75   4589.19   4654.63   4720.08   4785.52   4850.96   4916.41   4981.85 
  1790.57   1725.13   1659.69   1594.24   1528.80   1463.36   1409.57   1355.79   1302.00   1248.22   1194.43   1140.65   1086.86   1033.08   979.29   925.51   886.74   847.98   809.21   770.44   731.68   716.23   700.78   685.33   669.88   654.43   669.88   685.33   700.78   716.23   731.68   770.44   809.21   847.98   886.74   925.51   979.29   1033.08   1086.86   1140.65   1194.43   1248.22   1302.00   1355.79   1409.57   1463.36   1528.80   1594.24   1659.69   1725.13   1790.57   1856.02   1921.46   1986.90   2052.35   2117.79   2183.23   2248.68   2314.12   2379.56   2445.01   2510.45   2575.89   2641.34   2706.78   2772.22   2837.67   2903.11   2968.55   3034.00   3099.44   3164.88   3230.33   3295.77   3361.21   3426.66   3492.10   3557.55   3622.99   3688.43   3753.88   3819.32   3884.76   3950.21   4015.65   4081.09   4146.54   4211.98   4277.42   4342.87   4408.31   4473.75   4539.20   4604.64   4670.08   4735.53   4800.97   4866.41   4931.86   4997.30 
  1806.02   1740.58   1675.14   1609.69   1555.91   1502.12   1448.34   1394.55   1340.77   1286.98   1233.20   1179.41   1125.63   1071.84   1018.06   979.29   940.53   901.76   863.00   824.23   797.12   781.67   766.22   750.78   735.33   719.88   735.33   750.78   766.22   781.67   797.12   824.23   863.00   901.76   940.53   979.29   1018.06   1071.84   1125.63   1179.41   1233.20   1286.98   1340.77   1394.55   1448.34   1502.12   1555.91   1609.69   1675.14   1740.58   1806.02   1871.47   1936.91   2002.35   2067.80   2133.24   2198.68   2264.13   2329.57   2395.01   2460.46   2525.90   2591.34   2656.79   2722.23   2787.67   2853.12   2918.56   2984.00   3049.45   3114.89   3180.33   3245.78   3311.22   3376.66   3442.11   3507.55   3572.99   3638.44   3703.88   3769.32   3834.77   3900.21   3965.65   4031.10   4096.54   4161.98   4227.43   4292.87   4358.31   4423.76   4489.20   4554.64   4620.09   4685.53   4750.97   4816.42   4881.86   4947.30   5012.75 
  1821.47   1756.03   1702.24   1648.46   1594.67   1540.89   1487.10   1433.32   1379.54   1325.75   1271.97   1218.18   1164.40   1110.61   1071.84   1033.08   994.31   955.55   916.78   878.01   862.57   847.12   831.67   816.22   800.77   785.32   800.77   816.22   831.67   847.12   862.57   878.01   916.78   955.55   994.31   1033.08   1071.84   1110.61   1164.40   1218.18   1271.97   1325.75   1379.54   1433.32   1487.10   1540.89   1594.67   1648.46   1702.24   1756.03   1821.47   1886.92   1952.36   2017.80   2083.25   2148.69   2214.13   2279.58   2345.02   2410.46   2475.91   2541.35   2606.79   2672.24   2737.68   2803.12   2868.57   2934.01   2999.45   3064.90   3130.34   3195.78   3261.23   3326.67   3392.11   3457.56   3523.00   3588.44   3653.89   3719.33   3784.77   3850.22   3915.66   3981.10   4046.55   4111.99   4177.43   4242.88   4308.32   4373.76   4439.21   4504.65   4570.09   4635.54   4700.98   4766.42   4831.87   4897.31   4962.75   5028.20 
  1848.58   1794.80   1741.01   1687.23   1633.44   1579.66   1525.87   1472.09   1418.30   1364.52   1310.73   1256.95   1203.16   1164.40   1125.63   1086.86   1048.10   1009.33   970.57   943.46   928.01   912.56   897.11   881.66   866.21   850.76   866.21   881.66   897.11   912.56   928.01   943.46   970.57   1009.33   1048.10   1086.86   1125.63   1164.40   1203.16   1256.95   1310.73   1364.52   1418.30   1472.09   1525.87   1579.66   1633.44   1687.23   1741.01   1794.80   1848.58   1902.37   1967.81   2033.25   2098.70   2164.14   2229.58   2295.03   2360.47   2425.91   2491.36   2556.80   2622.24   2687.69   2753.13   2818.57   2884.02   2949.46   3014.90   3080.35   3145.79   3211.23   3276.68   3342.12   3407.56   3473.01   3538.45   3603.89   3669.34   3734.78   3800.22   3865.67   3931.11   3996.55   4062.00   4127.44   4192.88   4258.33   4323.77   4389.21   4454.66   4520.10   4585.54   4650.99   4716.43   4781.87   4847.32   4912.76   4978.20   5043.65 
  1887.35   1833.56   1779.78   1725.99   1672.21   1618.42   1564.64   1510.85   1457.07   1403.28   1349.50   1295.71   1256.95   1218.18   1179.41   1140.65   1101.88   1063.12   1024.35   1008.90   993.45   978.00   962.55   947.11   931.66   916.21   931.66   947.11   962.55   978.00   993.45   1008.90   1024.35   1063.12   1101.88   1140.65   1179.41   1218.18   1256.95   1295.71   1349.50   1403.28   1457.07   1510.85   1564.64   1618.42   1672.21   1725.99   1779.78   1833.56   1887.35   1941.13   1994.92   2048.70   2114.14   2179.59   2245.03   2310.47   2375.92   2441.36   2506.80   2572.25   2637.69   2703.13   2768.58   2834.02   2899.46   2964.91   3030.35   3095.79   3161.24   3226.68   3292.12   3357.57   3423.01   3488.45   3553.90   3619.34   3684.78   3750.23   3815.67   3881.11   3946.56   4012.00   4077.44   4142.89   4208.33   4273.77   4339.22   4404.66   4470.10   4535.55   4600.99   4666.43   4731.88   4797.32   4862.76   4928.21   4993.65   5059.10 
