  2221.22   2143.69   2066.16   1988.63   1911.09   1833.56   1756.03   1725.13   1694.23   1663.33   1632.44   1601.54   1570.64   1601.54   1632.44   1663.33   1694.23   1725.13   1756.03   1833.56   1911.09   1988.63   2066.16   2143.69   2221.22   2328.79   2436.36   2543.93   2651.50   2759.07   2866.64   2974.21   3081.78   3189.35   3296.92   3404.49   3512.06   3642.95   3773.83   3904.72   4035.61   4166.49   4297.38   4428.27   4559.15   4690.04   4820.93   4951.81   5082.70   5213.59 
  2143.69   2036.12   1958.59   1881.06   1803.52   1725.99   1648.46   1594.24   1563.35   1532.45   1501.55   1470.65   1439.75   1470.65   1501.55   1532.45   1563.35   1594.24   1648.46   1725.99   1803.52   1881.06   1958.59   2036.12   2143.69   2251.26   2358.83   2466.40   2573.97   2681.54   2789.11   2896.68   3004.25   3111.82   3219.39   3350.27   3481.16   3612.05   3742.93   3873.82   4004.71   4135.59   4266.48   4397.37   4528.25   4659.14   4790.03   4920.91   5051.80   5182.69 
  2066.16   1958.59   1851.02   1773.49   1695.95   1618.42   1540.89   1463.36   1432.46   1401.56   1370.66   1339.77   1308.87   1339.77   1370.66   1401.56   1432.46   1463.36   1540.89   1618.42   1695.95   1773.49   1851.02   1958.59   2066.16   2173.73   2281.30   2388.87   2496.44   2604.01   2711.58   2819.15   2926.72   3057.60   3188.49   3319.38   3450.26   3581.15   3712.04   3842.92   3973.81   4104.70   4235.58   4366.47   4497.36   4628.24   4759.13   4890.02   5020.90   5151.79 
  1988.63   1881.06   1773.49   1665.92   1588.38   1510.85   1433.32   1355.79   1301.57   1270.67   1239.78   1208.88   1177.98   1208.88   1239.78   1270.67   1301.57   1355.79   1433.32   1510.85   1588.38   1665.92   1773.49   1881.06   1988.63   2096.19   2203.76   2311.33   2418.90   2526.47   2634.04   2764.93   2895.82   3026.70   3157.59   3288.48   3419.36   3550.25   3681.14   3812.02   3942.91   4073.80   4204.68   4335.57   4466.46   4597.34   4728.23   4859.12   4990.00   5120.89 
  1911.09   1803.52   1695.95   1588.38   1480.81   1403.28   1325.75   1248.22   1170.69   1139.79   1108.89   1077.99   1047.09   1077.99   1108.89   1139.79   1170.69   1248.22   1325.75   1403.28   1480.81   1588.38   1695.95   1803.52   1911.09   2018.66   2126.23   2233.80   2341.37   2472.26   2603.15   2734.03   2864.92   2995.81   3126.69   3257.58   3388.47   3519.35   3650.24   3781.13   3912.01   4042.90   4173.79   4304.67   4435.56   4566.45   4697.33   4828.22   4959.11   5089.99 
  1833.56   1725.99   1618.42   1510.85   1403.28   1295.71   1218.18   1140.65   1063.12   1008.90   978.00   947.11   916.21   947.11   978.00   1008.90   1063.12   1140.65   1218.18   1295.71   1403.28   1510.85   1618.42   1725.99   1833.56   1941.13   2048.70   2179.59   2310.47   2441.36   2572.25   2703.13   2834.02   2964.91   3095.79   3226.68   3357.57   3488.45   3619.34   3750.23   3881.11   4012.00   4142.89   4273.77   4404.66   4535.55   4666.43   4797.32   4928.21   5059.10 
  1756.03   1648.46   1540.89   1433.32   1325.75   1218.18   1110.61   1033.08   955.55   878.01   847.12   816.22   785.32   816.22   847.12   878.01   955.55   1033.08   1110.61   1218.18   1325.75   1433.32   1540.89   1648.46   1756.03   1886.92   2017.80   2148.69   2279.58   2410.46   2541.35   2672.24   2803.12   2934.01   3064.90   3195.78   3326.67   3457.56   3588.44   3719.33   3850.22   3981.10   4111.99   4242.88   4373.76   4504.65   4635.54   4766.42   4897.31   5028.20 
  1725.13   1594.24   1463.36   1355.79   1248.22   1140.65   1033.08   925.51   847.98   770.44   716.23   685.33   654.43   685.33   716.23   770.44   847.98   925.51   1033.08   1140.65   1248.22   1355.79   1463.36   1594.24   1725.13   1856.02   1986.90   2117.79   2248.68   2379.56   2510.45   2641.34   2772.22   2903.11   3034.00   3164.88   3295.77   3426.66   3557.55   3688.43   3819.32   3950.21   4081.09   4211.98   4342.87   4473.75   4604.64   4735.53   4866.41   4997.30 
  1694.23   1563.35   1432.46   1301.57   1170.69   1063.12   955.55   847.98   740.41   662.88   585.34   554.44   523.55   554.44   585.34   662.88   740.41   847.98   955.55   1063.12   1170.69   1301.57   1432.46   1563.35   1694.23   1825.12   1956.01   2086.89   2217.78   2348.67   2479.55   2610.44   2741.33   2872.21   3003.10   3133.99   3264.87   3395.76   3526.65   3657.53   3788.42   3919.31   4050.19   4181.08   4311.97   4442.85   4573.74   4704.63   4835.51   4966.40 
  1663.33   1532.45   1401.56   1270.67   1139.79   1008.90   878.01   770.44   662.88   555.31   477.77   423.56   392.66   423.56   477.77   555.31   662.88   770.44   878.01   1008.90   1139.79   1270.67   1401.56   1532.45   1663.33   1794.22   1925.11   2055.99   2186.88   2317.77   2448.66   2579.54   2710.43   2841.32   2972.20   3103.09   3233.98   3364.86   3495.75   3626.64   3757.52   3888.41   4019.30   4150.18   4281.07   4411.96   4542.84   4673.73   4804.62   4935.50 
  1632.44   1501.55   1370.66   1239.78   1108.89   978.00   847.12   716.23   585.34   477.77   370.20   292.67   261.77   292.67   370.20   477.77   585.34   716.23   847.12   978.00   1108.89   1239.78   1370.66   1501.55   1632.44   1763.32   1894.21   2025.10   2155.98   2286.87   2417.76   2548.64   2679.53   2810.42   2941.30   3072.19   3203.08   3333.96   3464.85   3595.74   3726.62   3857.51   3988.40   4119.28   4250.17   4381.06   4511.94   4642.83   4773.72   4904.60 
  1601.54   1470.65   1339.77   1208.88   1077.99   947.11   816.22   685.33   554.44   423.56   292.67   185.10   130.89   185.10   292.67   423.56   554.44   685.33   816.22   947.11   1077.99   1208.88   1339.77   1470.65   1601.54   1732.43   1863.31   1994.20   2125.09   2255.97   2386.86   2517.75   2648.63   2779.52   2910.41   3041.29   3172.18   3303.07   3433.95   3564.84   3695.73   3826.61   3957.50   4088.39   4219.27   4350.16   4481.05   4611.93   4742.82   4873.71 
  1570.64   1439.75   1308.87   1177.98   1047.09   916.21   785.32   654.43   523.55   392.66   261.77   130.89    0.00   130.89   261.77   392.66   523.55   654.43   785.32   916.21   1047.09   1177.98   1308.87   1439.75   1570.64   1701.53   1832.41   1963.30   2094.19   2225.07   2355.96   2486.85   2617.73   2748.62   2879.51   3010.39   3141.28   3272.17   3403.05   3533.94   3664.83   3795.71   3926.60   4057.49   4188.37   4319.26   4450.15   4581.03   4711.92   4842.81 
  1601.54   1470.65   1339.77   1208.88   1077.99   947.11   816.22   685.33   554.44   423.56   292.67   185.10   130.89   185.10   292.67   423.56   554.44   685.33   816.22   947.11   1077.99   1208.88   1339.77   1470.65   1601.54   1732.43   1863.31   1994.20   2125.09   2255.97   2386.86   2517.75   2648.63   2779.52   2910.41   3041.29   3172.18   3303.07   3433.95   3564.84   3695.73   3826.61   3957.50   4088.39   4219.27   4350.16   4481.05   4611.93   4742.82   4873.71 
  1632.44   1501.55   1370.66   1239.78   1108.89   978.00   847.12   716.23   585.34   477.77   370.20   292.67   261.77   292.67   370.20   477.77   585.34   716.23   847.12   978.00   1108.89   1239.78   1370.66   1501.55   1632.44   1763.32   1894.21   2025.10   2155.98   2286.87   2417.76   2548.64   2679.53   2810.42   2941.30   3072.19   3203.08   3333.96   3464.85   3595.74   3726.62   3857.51   3988.40   4119.28   4250.17   4381.06   4511.94   4642.83   4773.72   4904.60 
  1663.33   1532.45   1401.56   1270.67   1139.79   1008.90   878.01   770.44   662.88   555.31   477.77   423.56   392.66   423.56   477.77   555.31   662.88   770.44   878.01   1008.90   1139.79   1270.67   1401.56   1532.45   1663.33   1794.22   1925.11   2055.99   2186.88   2317.77   2448.66   2579.54   2710.43   2841.32   2972.20   3103.09   3233.98   3364.86   3495.75   3626.64   3757.52   3888.41   4019.30   4150.18   4281.07   4411.96   4542.84   4673.73   4804.62   4935.50 
  1694.23   1563.35   1432.46   1301.57   1170.69   1063.12   955.55   847.98   740.41   662.88   585.34   554.44   523.55   554.44   585.34   662.88   740.41   847.98   955.55   1063.12   1170.69   1301.57   1432.46   1563.35   1694.23   1825.12   1956.01   2086.89   2217.78   2348.67   2479.55   2610.44   2741.33   2872.21   3003.10   3133.99   3264.87   3395.76   3526.65   3657.53   3788.42   3919.31   4050.19   4181.08   4311.97   4442.85   4573.74   4704.63   4835.51   4966.40 
  1725.13   1594.24   1463.36   1355.79   1248.22   1140.65   1033.08   925.51   847.98   770.44   716.23   685.33   654.43   685.33   716.23   770.44   847.98   925.51   1033.08   1140.65   1248.22   1355.79   1463.36   1594.24   1725.13   1856.02   1986.90   2117.79   2248.68   2379.56   2510.45   2641.34   2772.22   2903.11   3034.00   3164.88   3295.77   3426.66   3557.55   3688.43   3819.32   3950.21   4081.09   4211.98   4342.87   4473.75   4604.64   4735.53   4866.41   4997.30 
  1756.03   1648.46   1540.89   1433.32   1325.75   1218.18   1110.61   1033.08   955.55   878.01   847.12   816.22   785.32   816.22   847.12   878.01   955.55   1033.08   1110.61   1218.18   1325.75   1433.32   1540.89   1648.46   1756.03   1886.92   2017.80   2148.69   2279.58   2410.46   2541.35   2672.24   2803.12   2934.01   3064.90   3195.78   3326.67   3457.56   3588.44   3719.33   3850.22   3981.10   4111.99   4242.88   4373.76   4504.65   4635.54   4766.42   4897.31   5028.20 
  1833.56   1725.99   1618.42   1510.85   1403.28   1295.71   1218.18   1140.65   1063.12   1008.90   978.00   947.11   916.21   947.11   978.00   1008.90   1063.12   1140.65   1218.18   1295.71   1403.28   1510.85   1618.42   1725.99   1833.56   1941.13   2048.70   2179.59   2310.47   2441.36   2572.25   2703.13   2834.02   2964.91   3095.79   3226.68   3357.57   3488.45   3619.34   3750.23   3881.11   4012.00   4142.89   4273.77   4404.66   4535.55   4666.43   4797.32   4928.21   5059.10 
  1911.09   1803.52   1695.95   1588.38   1480.81   1403.28   1325.75   1248.22   1170.69   1139.79   1108.89   1077.99   1047.09   1077.99   1108.89   1139.79   1170.69   1248.22   1325.75   1403.28   1480.81   1588.38   1695.95   1803.52   1911.09   2018.66   2126.23   2233.80   2341.37   2472.26   2603.15   2734.03   2864.92   2995.81   3126.69   3257.58   3388.47   3519.35   3650.24   3781.13   3912.01   4042.90   4173.79   4304.67   4435.56   4566.45   4697.33   4828.22   4959.11   5089.99 
  1988.63   1881.06   1773.49   1665.92   1588.38   1510.85   1433.32   1355.79   1301.57   1270.67   1239.78   1208.88   1177.98   1208.88   1239.78   1270.67   1301.57   1355.79   1433.32   1510.85   1588.38   1665.92   1773.49   1881.06   1988.63   2096.19   2203.76   2311.33   2418.90   2526.47   2634.04   2764.93   2895.82   3026.70   3157.59   3288.48   3419.36   3550.25   3681.14   3812.02   3942.91   4073.80   4204.68   4335.57   4466.46   4597.34   4728.23   4859.12   4990.00   5120.89 
  2066.16   1958.59   1851.02   1773.49   1695.95   1618.42   1540.89   1463.36   1432.46   1401.56   1370.66   1339.77   1308.87   1339.77   1370.66   1401.56   1432.46   1463.36   1540.89   1618.42   1695.95   1773.49   1851.02   1958.59   2066.16   2173.73   2281.30   2388.87   2496.44   2604.01   2711.58   2819.15   2926.72   3057.60   3188.49   3319.38   3450.26   3581.15   3712.04   3842.92   3973.81   4104.70   4235.58   4366.47   4497.36   4628.24   4759.13   4890.02   5020.90   5151.79 
  2143.69   2036.12   1958.59   1881.06   1803.52   1725.99   1648.46   1594.24   1563.35   1532.45   1501.55   1470.65   1439.75   1470.65   1501.55   1532.45   1563.35   1594.24   1648.46   1725.99   1803.52   1881.06   1958.59   2036.12   2143.69   2251.26   2358.83   2466.40   2573.97   2681.54   2789.11   2896.68   3004.25   3111.82   3219.39   3350.27   3481.16   3612.05   3742.93   3873.82   4004.71   4135.59   4266.48   4397.37   4528.25   4659.14   4790.03   4920.91   5051.80   5182.69 
  2221.22   2143.69   2066.16   1988.63   1911.09   1833.56   1756.03   1725.13   1694.23   1663.33   1632.44   1601.54   1570.64   1601.54   1632.44   1663.33   1694.23   1725.13   1756.03   1833.56   1911.09   1988.63   2066.16   2143.69   2221.22   2328.79   2436.36   2543.93   2651.50   2759.07   2866.64   2974.21   3081.78   3189.35   3296.92   3404.49   3512.06   3642.95   3773.83   3904.72   4035.61   4166.49   4297.38   4428.27   4559.15   4690.04   4820.93   4951.81   5082.70   5213.59 
  2328.79   2251.26   2173.73   2096.19   2018.66   1941.13   1886.92   1856.02   1825.12   1794.22   1763.32   1732.43   1701.53   1732.43   1763.32   1794.22   1825.12   1856.02   1886.92   1941.13   2018.66   2096.19   2173.73   2251.26   2328.79   2406.32   2513.89   2621.46   2729.03   2836.60   2944.17   3051.74   3159.31   3266.88   3374.45   3482.02   3589.59   3697.16   3804.73   3935.62   4066.50   4197.39   4328.28   4459.16   4590.05   4720.94   4851.82   4982.71   5113.60   5244.48 
  2436.36   2358.83   2281.30   2203.76   2126.23   2048.70   2017.80   1986.90   1956.01   1925.11   1894.21   1863.31   1832.41   1863.31   1894.21   1925.11   1956.01   1986.90   2017.80   2048.70   2126.23   2203.76   2281.30   2358.83   2436.36   2513.89   2591.42   2698.99   2806.56   2914.13   3021.70   3129.27   3236.84   3344.41   3451.98   3559.55   3667.12   3774.69   3882.26   3989.83   4097.40   4228.29   4359.18   4490.06   4620.95   4751.84   4882.72   5013.61   5144.50   5275.38 
  2543.93   2466.40   2388.87   2311.33   2233.80   2179.59   2148.69   2117.79   2086.89   2055.99   2025.10   1994.20   1963.30   1994.20   2025.10   2055.99   2086.89   2117.79   2148.69   2179.59   2233.80   2311.33   2388.87   2466.40   2543.93   2621.46   2698.99   2776.53   2884.10   2991.67   3099.24   3206.81   3314.38   3421.95   3529.51   3637.08   3744.65   3852.22   3959.79   4067.36   4174.93   4282.50   4390.07   4520.96   4651.85   4782.73   4913.62   5044.51   5175.39   5306.28 
  2651.50   2573.97   2496.44   2418.90   2341.37   2310.47   2279.58   2248.68   2217.78   2186.88   2155.98   2125.09   2094.19   2125.09   2155.98   2186.88   2217.78   2248.68   2279.58   2310.47   2341.37   2418.90   2496.44   2573.97   2651.50   2729.03   2806.56   2884.10   2961.63   3069.20   3176.77   3284.34   3391.91   3499.48   3607.05   3714.62   3822.19   3929.76   4037.33   4144.90   4252.47   4360.04   4467.61   4575.18   4682.74   4813.63   4944.52   5075.41   5206.29   5337.18 
  2759.07   2681.54   2604.01   2526.47   2472.26   2441.36   2410.46   2379.56   2348.67   2317.77   2286.87   2255.97   2225.07   2255.97   2286.87   2317.77   2348.67   2379.56   2410.46   2441.36   2472.26   2526.47   2604.01   2681.54   2759.07   2836.60   2914.13   2991.67   3069.20   3146.73   3254.30   3361.87   3469.44   3577.01   3684.58   3792.15   3899.72   4007.29   4114.86   4222.43   4330.00   4437.57   4545.14   4652.71   4760.28   4867.85   4975.42   5106.30   5237.19   5368.08 
  2866.64   2789.11   2711.58   2634.04   2603.15   2572.25   2541.35   2510.45   2479.55   2448.66   2417.76   2386.86   2355.96   2386.86   2417.76   2448.66   2479.55   2510.45   2541.35   2572.25   2603.15   2634.04   2711.58   2789.11   2866.64   2944.17   3021.70   3099.24   3176.77   3254.30   3331.83   3439.40   3546.97   3654.54   3762.11   3869.68   3977.25   4084.82   4192.39   4299.96   4407.53   4515.10   4622.67   4730.24   4837.81   4945.38   5052.95   5160.52   5268.09   5398.97 
  2974.21   2896.68   2819.15   2764.93   2734.03   2703.13   2672.24   2641.34   2610.44   2579.54   2548.64   2517.75   2486.85   2517.75   2548.64   2579.54   2610.44   2641.34   2672.24   2703.13   2734.03   2764.93   2819.15   2896.68   2974.21   3051.74   3129.27   3206.81   3284.34   3361.87   3439.40   3516.93   3624.50   3732.07   3839.64   3947.21   4054.78   4162.35   4269.92   4377.49   4485.06   4592.63   4700.20   4807.77   4915.34   5022.91   5130.48   5238.05   5345.62   5453.19 
  3081.78   3004.25   2926.72   2895.82   2864.92   2834.02   2803.12   2772.22   2741.33   2710.43   2679.53   2648.63   2617.73   2648.63   2679.53   2710.43   2741.33   2772.22   2803.12   2834.02   2864.92   2895.82   2926.72   3004.25   3081.78   3159.31   3236.84   3314.38   3391.91   3469.44   3546.97   3624.50   3702.03   3809.60   3917.17   4024.74   4132.31   4239.88   4347.45   4455.02   4562.59   4670.16   4777.73   4885.30   4992.87   5100.44   5208.01   5315.58   5423.15   5530.72 
  3189.35   3111.82   3057.60   3026.70   2995.81   2964.91   2934.01   2903.11   2872.21   2841.32   2810.42   2779.52   2748.62   2779.52   2810.42   2841.32   2872.21   2903.11   2934.01   2964.91   2995.81   3026.70   3057.60   3111.82   3189.35   3266.88   3344.41   3421.95   3499.48   3577.01   3654.54   3732.07   3809.60   3887.14   3994.71   4102.28   4209.85   4317.42   4424.99   4532.56   4640.13   4747.70   4855.27   4962.83   5070.40   5177.97   5285.54   5393.11   5500.68   5608.25 
  3296.92   3219.39   3188.49   3157.59   3126.69   3095.79   3064.90   3034.00   3003.10   2972.20   2941.30   2910.41   2879.51   2910.41   2941.30   2972.20   3003.10   3034.00   3064.90   3095.79   3126.69   3157.59   3188.49   3219.39   3296.92   3374.45   3451.98   3529.51   3607.05   3684.58   3762.11   3839.64   3917.17   3994.71   4072.24   4179.81   4287.38   4394.95   4502.52   4610.09   4717.66   4825.23   4932.80   5040.37   5147.94   5255.51   5363.08   5470.65   5578.22   5685.79 
  3404.49   3350.27   3319.38   3288.48   3257.58   3226.68   3195.78   3164.88   3133.99   3103.09   3072.19   3041.29   3010.39   3041.29   3072.19   3103.09   3133.99   3164.88   3195.78   3226.68   3257.58   3288.48   3319.38   3350.27   3404.49   3482.02   3559.55   3637.08   3714.62   3792.15   3869.68   3947.21   4024.74   4102.28   4179.81   4257.34   4364.91   4472.48   4580.05   4687.62   4795.19   4902.76   5010.33   5117.90   5225.47   5333.04   5440.61   5548.18   5655.75   5763.32 
  3512.06   3481.16   3450.26   3419.36   3388.47   3357.57   3326.67   3295.77   3264.87   3233.98   3203.08   3172.18   3141.28   3172.18   3203.08   3233.98   3264.87   3295.77   3326.67   3357.57   3388.47   3419.36   3450.26   3481.16   3512.06   3589.59   3667.12   3744.65   3822.19   3899.72   3977.25   4054.78   4132.31   4209.85   4287.38   4364.91   4442.44   4550.01   4657.58   4765.15   4872.72   4980.29   5087.86   5195.43   5303.00   5410.57   5518.14   5625.71   5733.28   5840.85 
  3642.95   3612.05   3581.15   3550.25   3519.35   3488.45   3457.56   3426.66   3395.76   3364.86   3333.96   3303.07   3272.17   3303.07   3333.96   3364.86   3395.76   3426.66   3457.56   3488.45   3519.35   3550.25   3581.15   3612.05   3642.95   3697.16   3774.69   3852.22   3929.76   4007.29   4084.82   4162.35   4239.88   4317.42   4394.95   4472.48   4550.01   4627.54   4735.11   4842.68   4950.25   5057.82   5165.39   5272.96   5380.53   5488.10   5595.67   5703.24   5810.81   5918.38 
  3773.83   3742.93   3712.04   3681.14   3650.24   3619.34   3588.44   3557.55   3526.65   3495.75   3464.85   3433.95   3403.05   3433.95   3464.85   3495.75   3526.65   3557.55   3588.44   3619.34   3650.24   3681.14   3712.04   3742.93   3773.83   3804.73   3882.26   3959.79   4037.33   4114.86   4192.39   4269.92   4347.45   4424.99   4502.52   4580.05   4657.58   4735.11   4812.65   4920.22   5027.79   5135.35   5242.92   5350.49   5458.06   5565.63   5673.20   5780.77   5888.34   5995.91 
  3904.72   3873.82   3842.92   3812.02   3781.13   3750.23   3719.33   3688.43   3657.53   3626.64   3595.74   3564.84   3533.94   3564.84   3595.74   3626.64   3657.53   3688.43   3719.33   3750.23   3781.13   3812.02   3842.92   3873.82   3904.72   3935.62   3989.83   4067.36   4144.90   4222.43   4299.96   4377.49   4455.02   4532.56   4610.09   4687.62   4765.15   4842.68   4920.22   4997.75   5105.32   5212.89   5320.46   5428.03   5535.60   5643.17   5750.74   5858.31   5965.88   6073.45 
  4035.61   4004.71   3973.81   3942.91   3912.01   3881.11   3850.22   3819.32   3788.42   3757.52   3726.62   3695.73   3664.83   3695.73   3726.62   3757.52   3788.42   3819.32   3850.22   3881.11   3912.01   3942.91   3973.81   4004.71   4035.61   4066.50   4097.40   4174.93   4252.47   4330.00   4407.53   4485.06   4562.59   4640.13   4717.66   4795.19   4872.72   4950.25   5027.79   5105.32   5182.85   5290.42   5397.99   5505.56   5613.13   5720.70   5828.27   5935.84   6043.41   6150.98 
  4166.49   4135.59   4104.70   4073.80   4042.90   4012.00   3981.10   3950.21   3919.31   3888.41   3857.51   3826.61   3795.71   3826.61   3857.51   3888.41   3919.31   3950.21   3981.10   4012.00   4042.90   4073.80   4104.70   4135.59   4166.49   4197.39   4228.29   4282.50   4360.04   4437.57   4515.10   4592.63   4670.16   4747.70   4825.23   4902.76   4980.29   5057.82   5135.35   5212.89   5290.42   5367.95   5475.52   5583.09   5690.66   5798.23   5905.80   6013.37   6120.94   6228.51 
  4297.38   4266.48   4235.58   4204.68   4173.79   4142.89   4111.99   4081.09   4050.19   4019.30   3988.40   3957.50   3926.60   3957.50   3988.40   4019.30   4050.19   4081.09   4111.99   4142.89   4173.79   4204.68   4235.58   4266.48   4297.38   4328.28   4359.18   4390.07   4467.61   4545.14   4622.67   4700.20   4777.73   4855.27   4932.80   5010.33   5087.86   5165.39   5242.92   5320.46   5397.99   5475.52   5553.05   5660.62   5768.19   5875.76   5983.33   6090.90   6198.47   6306.04 
  4428.27   4397.37   4366.47   4335.57   4304.67   4273.77   4242.88   4211.98   4181.08   4150.18   4119.28   4088.39   4057.49   4088.39   4119.28   4150.18   4181.08   4211.98   4242.88   4273.77   4304.67   4335.57   4366.47   4397.37   4428.27   4459.16   4490.06   4520.96   4575.18   4652.71   4730.24   4807.77   4885.30   4962.83   5040.37   5117.90   5195.43   5272.96   5350.49   5428.03   5505.56   5583.09   5660.62   5738.15   5845.72   5953.29   6060.86   6168.43   6276.00   6383.57 
  4559.15   4528.25   4497.36   4466.46   4435.56   4404.66   4373.76   4342.87   4311.97   4281.07   4250.17   4219.27   4188.37   4219.27   4250.17   4281.07   4311.97   4342.87   4373.76   4404.66   4435.56   4466.46   4497.36   4528.25   4559.15   4590.05   4620.95   4651.85   4682.74   4760.28   4837.81   4915.34   4992.87   5070.40   5147.94   5225.47   5303.00   5380.53   5458.06   5535.60   5613.13   5690.66   5768.19   5845.72   5923.26   6030.83   6138.40   6245.97   6353.54   6461.10 
  4690.04   4659.14   4628.24   4597.34   4566.45   4535.55   4504.65   4473.75   4442.85   4411.96   4381.06   4350.16   4319.26   4350.16   4381.06   4411.96   4442.85   4473.75   4504.65   4535.55   4566.45   4597.34   4628.24   4659.14   4690.04   4720.94   4751.84   4782.73   4813.63   4867.85   4945.38   5022.91   5100.44   5177.97   5255.51   5333.04   5410.57   5488.10   5565.63   5643.17   5720.70   5798.23   5875.76   5953.29   6030.83   6108.36   6215.93   6323.50   6431.07   6538.64 
  4820.93   4790.03   4759.13   4728.23   4697.33   4666.43   4635.54   4604.64   4573.74   4542.84   4511.94   4481.05   4450.15   4481.05   4511.94   4542.84   4573.74   4604.64   4635.54   4666.43   4697.33   4728.23   4759.13   4790.03   4820.93   4851.82   4882.72   4913.62   4944.52   4975.42   5052.95   5130.48   5208.01   5285.54   5363.08   5440.61   5518.14   5595.67   5673.20   5750.74   5828.27   5905.80   5983.33   6060.86   6138.40   6215.93   6293.46   6401.03   6508.60   6616.17 
  4951.81   4920.91   4890.02   4859.12   4828.22   4797.32   4766.42   4735.53   4704.63   4673.73   4642.83   4611.93   4581.03   4611.93   4642.83   4673.73   4704.63   4735.53   4766.42   4797.32   4828.22   4859.12   4890.02   4920.91   4951.81   4982.71   5013.61   5044.51   5075.41   5106.30   5160.52   5238.05   5315.58   5393.11   5470.65   5548.18   5625.71   5703.24   5780.77   5858.31   5935.84   6013.37   6090.90   6168.43   6245.97   6323.50   6401.03   6478.56   6586.13   6693.70 
  5082.70   5051.80   5020.90   4990.00   4959.11   4928.21   4897.31   4866.41   4835.51   4804.62   4773.72   4742.82   4711.92   4742.82   4773.72   4804.62   4835.51   4866.41   4897.31   4928.21   4959.11   4990.00   5020.90   5051.80   5082.70   5113.60   5144.50   5175.39   5206.29   5237.19   5268.09   5345.62   5423.15   5500.68   5578.22   5655.75   5733.28   5810.81   5888.34   5965.88   6043.41   6120.94   6198.47   6276.00   6353.54   6431.07   6508.60   6586.13   6663.66   6771.23 
  5213.59   5182.69   5151.79   5120.89   5089.99   5059.10   5028.20   4997.30   4966.40   4935.50   4904.60   4873.71   4842.81   4873.71   4904.60   4935.50   4966.40   4997.30   5028.20   5059.10   5089.99   5120.89   5151.79   5182.69   5213.59   5244.48   5275.38   5306.28   5337.18   5368.08   5398.97   5453.19   5530.72   5608.25   5685.79   5763.32   5840.85   5918.38   5995.91   6073.45   6150.98   6228.51   6306.04   6383.57   6461.10   6538.64   6616.17   6693.70   6771.23   6848.76 
